0 0.17498124531132783 0.3605 0.04463615903975994 0.05
0 0.16504126031507876 0.403 0.046511627906976744 0.049
0 0.2175543885971493 0.381 0.04426106526631658 0.05
0 0.23930982745686422 0.328 0.04801200300075019 0.063
0 0.28225806451612906 0.30175 0.046136534133533386 0.0545
0 0.2021755438859715 0.45575 0.04576144036009002 0.0495
0 0.18042010502625658 0.50275 0.04276069017254314 0.0445
0 0.145536384096024 0.58025 0.04276069017254314 0.0455
0 0.19973743435858965 0.59675 0.04238559639909977 0.0385
0 0.21417854463615904 0.67225 0.04351087771942986 0.0405
0 0.21042760690172543 0.7065 0.04126031507876969 0.044
0 0.24512378094523632 0.702 0.04013503375843961 0.049
0 0.2469992498124531 0.7635 0.037134283570892726 0.041
0 0.24006001500375093 0.86475 0.042010502625656414 0.0395
0 0.2803825956489122 0.81875 0.03488372093023256 0.0405
0 0.3143285821455364 0.87725 0.042010502625656414 0.0365
0 0.3533383345836459 0.8375 0.035258814703675916 0.04
0 0.27925731432858214 0.7615 0.032633158289572396 0.039
0 0.32408102025506375 0.76725 0.037509377344336084 0.0395
0 0.2989497374343586 0.715 0.03825956489122281 0.035
0 0.3582145536384096 0.754 0.03375843960990248 0.042
0 0.28488372093023256 0.674 0.038634658664666165 0.039
0 0.2670667666916729 0.64075 0.04276069017254314 0.0395
0 0.2501875468867217 0.61 0.04426106526631658 0.045
0 0.2661290322580645 0.5905 0.04238559639909977 0.04
0 0.29182295573893474 0.6045 0.03225806451612903 0.045
0 0.3094523630907727 0.6525 0.03975993998499625 0.049
0 0.3207051762940735 0.6215 0.04126031507876969 0.043
0 0.3411477869467367 0.6685 0.04013503375843961 0.038
0 0.3394598649662416 0.69225 0.035258814703675916 0.0345
0 0.36852963240810205 0.7 0.036384096024006 0.043
0 0.38953488372093026 0.70625 0.03338334583645911 0.0335
0 0.390285071267817 0.74175 0.03188297074268567 0.0395
0 0.3869092273068267 0.81 0.03188297074268567 0.038
0 0.40960240060015 0.80325 0.023255813953488372 0.0385
0 0.44017254313578397 0.82275 0.036384096024006 0.0355
0 0.4739309827456864 0.87925 0.03488372093023256 0.0365
0 0.5148162040510128 0.8895 0.038634658664666165 0.036
0 0.4281695423855964 0.78075 0.03788447111777944 0.0385
0 0.4221680420105026 0.75 0.034133533383345835 0.036
0 0.4617404351087772 0.7805 0.0345086271567892 0.032
0 0.45423855963991 0.75425 0.03675918979744936 0.0365
0 0.4204801200300075 0.7135 0.03675918979744936 0.037
0 0.4544261065266317 0.72325 0.032633158289572396 0.0455
0 0.38540885221305327 0.6615 0.04088522130532633 0.042
0 0.41410352588147037 0.6785 0.042010502625656414 0.037
0 0.4553638409602401 0.68375 0.03675918979744936 0.0455
0 0.4146661665416354 0.648 0.03563390847711928 0.043
0 0.4493623405851463 0.64625 0.03975993998499625 0.0405
0 0.45386346586646664 0.61375 0.037509377344336084 0.0425
0 0.4163540885221305 0.6075 0.03975993998499625 0.047
0 0.37621905476369094 0.57775 0.04576144036009002 0.0445
0 0.33739684921230306 0.557 0.04688672168042011 0.046
0 0.38278319579894976 0.54075 0.04388597149287322 0.0435
0 0.30982745686421603 0.51675 0.03975993998499625 0.0425
0 0.26762940735183793 0.52025 0.043135783945986494 0.0465
0 0.227119279819955 0.499 0.037134283570892726 0.045
0 0.2490622655663916 0.47975 0.04426106526631658 0.0505
0 0.24643660915228807 0.4355 0.042010502625656414 0.048
0 0.27156789197299325 0.3875 0.0450112528132033 0.058
0 0.2921980495123781 0.423 0.04276069017254314 0.05
0 0.3141410352588147 0.35475 0.04238559639909977 0.0485
0 0.30795198799699924 0.25725 0.046511627906976744 0.0585
0 0.32633158289572395 0.18525 0.04276069017254314 0.0545
0 0.37396849212303074 0.198 0.03825956489122281 0.054
0 0.3345836459114779 0.318 0.042010502625656414 0.059
0 0.3698424606151538 0.27875 0.03900975243810953 0.0555
0 0.3612153038259565 0.3545 0.04576144036009002 0.056
0 0.33983495873968494 0.394 0.04351087771942986 0.051
0 0.32314328582145535 0.486 0.04088522130532633 0.049
0 0.35933983495873967 0.48325 0.04126031507876969 0.0465
0 0.3810952738184546 0.4645 0.04426106526631658 0.054
0 0.4212303075768942 0.553 0.03600900225056264 0.045
0 0.4846211552888222 0.7425 0.020255063765941484 0.039
0 0.5061890472618155 0.75675 0.03788447111777944 0.0405
0 0.508814703675919 0.722 0.037134283570892726 0.042
0 0.4990622655663916 0.6655 0.037134283570892726 0.041
0 0.48780945236309076 0.62575 0.03788447111777944 0.0485
0 0.47580645161290325 0.56675 0.041635408852213056 0.0455
0 0.5060015003750937 0.57475 0.035258814703675916 0.0455
0 0.4281695423855964 0.52325 0.038634658664666165 0.0495
0 0.4604276069017254 0.52925 0.04088522130532633 0.0455
0 0.5033758439609902 0.52775 0.03825956489122281 0.0475
0 0.41916729182295576 0.47025 0.04238559639909977 0.0455
0 0.45911477869467365 0.479 0.03975993998499625 0.051
0 0.38953488372093026 0.403 0.03938484621155289 0.052
0 0.42010502625656415 0.4175 0.04126031507876969 0.05
0 0.46980495123780946 0.44 0.04088522130532633 0.055
0 0.49793698424606153 0.4675 0.038634658664666165 0.049
0 0.522880720180045 0.4845 0.0345086271567892 0.05
0 0.39328582145536384 0.32975 0.03938484621155289 0.0565
0 0.43135783945986494 0.361 0.04426106526631658 0.053
0 0.4081020255063766 0.2755 0.04276069017254314 0.058
0 0.4341710427606902 0.305 0.041635408852213056 0.059
0 0.42029257314328583 0.21375 0.04238559639909977 0.0585
0 0.45630157539384847 0.2575 0.04538634658664666 0.058
0 0.45817704426106526 0.1855 0.04238559639909977 0.049
0 0.49474868717179293 0.21175 0.04351087771942986 0.0575
0 0.48330832708177046 0.2915 0.04688672168042011 0.063
0 0.47749437359339836 0.34825 0.046511627906976744 0.0565
0 0.5069392348087022 0.37525 0.04463615903975994 0.0505
0 0.5123780945236309 0.15025 0.047261815453863466 0.0615
0 0.5538259564891223 0.14025 0.04913728432108027 0.0595
0 0.572205551387847 0.18825 0.047636909227306824 0.0515
0 0.6104651162790697 0.15675 0.04238559639909977 0.0605
0 0.6100900225056264 0.21725 0.04463615903975994 0.0575
0 0.5384471117779445 0.2705 0.04688672168042011 0.058
0 0.5742685671417854 0.2515 0.0450112528132033 0.06
0 0.5178169542385597 0.31675 0.038634658664666165 0.0555
0 0.5624531132783196 0.29975 0.04088522130532633 0.0545
0 0.5476369092273068 0.35325 0.04126031507876969 0.0535
0 0.5487621905476369 0.4065 0.03975993998499625 0.053
0 0.5543885971492873 0.47025 0.04126031507876969 0.0495
0 0.5602025506376594 0.5085 0.038634658664666165 0.044
0 0.5498874718679669 0.55725 0.03675918979744936 0.0415
0 0.5294448612153039 0.6315 0.037134283570892726 0.041
0 0.5459489872468117 0.64525 0.029632408102025505 0.0405
0 0.5399474868717179 0.6865 0.034133533383345835 0.041
0 0.5527006751687922 0.70625 0.03563390847711928 0.0315
0 0.5472618154538634 0.764 0.03375843960990248 0.031
0 0.5483870967741935 0.7955 0.03375843960990248 0.034
0 0.5761440360090022 0.783 0.03150787696924231 0.035
0 0.5963990997749438 0.77125 0.02250562640660165 0.0295
0 0.6140285071267817 0.746 0.02175543885971493 0.034
0 0.5641410352588146 0.751 0.029257314328582147 0.038
0 0.5922730682670667 0.74325 0.03675918979744936 0.0425
0 0.5768942235558889 0.697 0.03375843960990248 0.039
0 0.5748312078019505 0.649 0.03488372093023256 0.039
0 0.5742685671417854 0.61375 0.03600900225056264 0.0385
0 0.6104651162790697 0.66525 0.03563390847711928 0.0445
0 0.6059639909977494 0.69175 0.036384096024006 0.0435
0 0.640847711927982 0.68475 0.036384096024006 0.0405
0 0.6310952738184546 0.7215 0.03563390847711928 0.044
0 0.660165041260315 0.71875 0.03225806451612903 0.0395
0 0.6611027756939235 0.6725 0.025131282820705175 0.038
0 0.635596399099775 0.634 0.03488372093023256 0.043
0 0.6566016504126031 0.63975 0.03188297074268567 0.0455
0 0.6054013503375844 0.58375 0.03975993998499625 0.0335
0 0.5995873968492123 0.55875 0.03938484621155289 0.0405
0 0.5902100525131283 0.52875 0.04088522130532633 0.0455
0 0.6639159789947486 0.15675 0.042010502625656414 0.0555
0 0.6275318829707427 0.26025 0.03975993998499625 0.0505
0 0.5993998499624906 0.29625 0.04276069017254314 0.0545
0 0.5843960990247562 0.35125 0.04051012753188297 0.0545
0 0.6277194298574643 0.30725 0.032633158289572396 0.0495
0 0.6065266316579144 0.36675 0.03600900225056264 0.0455
0 0.5888972243060765 0.4245 0.03975993998499625 0.046
0 0.6119654913728432 0.41 0.03338334583645911 0.046
0 0.5995873968492123 0.48325 0.041635408852213056 0.0425
0 0.6142160540135033 0.49925 0.03338334583645911 0.0335
0 0.635596399099775 0.477 0.037134283570892726 0.046
0 0.6305326331582896 0.512 0.03075768942235559 0.037
0 0.6445986496624156 0.561 0.036384096024006 0.048
0 0.6847336834208552 0.59975 0.036384096024006 0.0375
0 0.6798574643660915 0.56 0.04088522130532633 0.043
0 0.7149287321830458 0.58525 0.03600900225056264 0.0405
0 0.7550637659414854 0.5805 0.0345086271567892 0.045
0 0.6635408852213053 0.50075 0.03975993998499625 0.0435
0 0.7128657164291072 0.52925 0.03488372093023256 0.0455
0 0.719429857464366 0.4945 0.03900975243810953 0.039
0 0.7503750937734434 0.50175 0.03188297074268567 0.0495
0 0.6922355588897224 0.4675 0.03788447111777944 0.049
0 0.6687921980495124 0.43475 0.037509377344336084 0.0475
0 0.7288072018004501 0.4585 0.03900975243810953 0.053
0 0.704801200300075 0.41475 0.04276069017254314 0.0505
0 0.7483120780195048 0.45525 0.02625656414103526 0.0445
0 0.7486871717929482 0.39675 0.035258814703675916 0.0355
0 0.7507501875468867 0.37025 0.04088522130532633 0.0445
0 0.645536384096024 0.37225 0.03825956489122281 0.0485
0 0.6785446361590397 0.384 0.033008252063015754 0.052
0 0.699549887471868 0.35625 0.03675918979744936 0.0575
0 0.722993248312078 0.349 0.028132033008252063 0.046
0 0.7745686421605401 0.3405 0.04276069017254314 0.055
0 0.6639159789947486 0.28475 0.04126031507876969 0.0575
0 0.7340585146286571 0.294 0.042010502625656414 0.054
0 0.6882970742685671 0.2385 0.04276069017254314 0.054
