0 0.08758439609902476 0.478 0.061140285071267814 0.08
0 0.10971492873218304 0.5545 0.061890472618154536 0.073
0 0.17835708927231808 0.56775 0.0603900975243811 0.0675
0 0.23630907726931732 0.58775 0.058514628657164294 0.0765
0 0.28675918979744935 0.60825 0.06264066016504126 0.0785
0 0.277006751687922 0.5325 0.04913728432108027 0.061
0 0.22074268567141786 0.5145 0.05813953488372093 0.065
0 0.16410352588147037 0.48575 0.050637659414853715 0.0765
0 0.15585146286571644 0.406 0.05888972243060765 0.079
0 0.11346586646661666 0.40125 0.05288822205551388 0.0735
0 0.15078769692423105 0.332 0.0555138784696174 0.074
0 0.19279819954988747 0.28775 0.06451612903225806 0.0755
0 0.22355588897224307 0.3655 0.056264066016504126 0.075
0 0.21417854463615904 0.439 0.05476369092273068 0.08
0 0.2837584396099025 0.409 0.0536384096024006 0.073
0 0.29519879969992496 0.488 0.06526631657914479 0.076
0 0.3336459114778695 0.54825 0.0536384096024006 0.0775
0 0.3621530382595649 0.61225 0.05888972243060765 0.0785
0 0.3878469617404351 0.5295 0.05251312828207052 0.079
0 0.4247936984246061 0.5985 0.04838709677419355 0.076
0 0.4746811702925731 0.60625 0.0536384096024006 0.0745
0 0.5253188297074268 0.61325 0.05588897224306077 0.0765
0 0.20667666916729183 0.19725 0.06151537884471118 0.0835
0 0.23162040510127532 0.12675 0.061140285071267814 0.0895
0 0.2567516879219805 0.25125 0.055138784696174045 0.0865
0 0.313390847711928 0.28125 0.055138784696174045 0.0745
0 0.28788447111777943 0.1945 0.06264066016504126 0.087
0 0.3199549887471868 0.112 0.06751687921980495 0.076
0 0.2835708927231808 0.06 0.06751687921980495 0.084
0 0.4281695423855964 0.072 0.06264066016504126 0.081
0 0.38747186796699173 0.1495 0.06001500375093773 0.092
0 0.41260315078769694 0.21925 0.05101275318829707 0.0845
0 0.3606526631657914 0.22575 0.0603900975243811 0.0815
0 0.37209302325581395 0.30275 0.056264066016504126 0.0845
0 0.4206676669167292 0.295 0.0671417854463616 0.093
0 0.45930232558139533 0.21525 0.06789197299324831 0.1045
0 0.45367591897974496 0.14575 0.059639909977494375 0.0705
0 0.4913728432108027 0.0755 0.06151537884471118 0.094
0 0.5198799699924981 0.18075 0.06376594148537135 0.0915
0 0.5658289572393098 0.09625 0.06264066016504126 0.0855
0 0.5800825206301575 0.191 0.059639909977494375 0.074
0 0.5247561890472618 0.27675 0.04876219054763691 0.0715
0 0.5768942235558889 0.279 0.05776444111027757 0.083
0 0.5468867216804201 0.336 0.06451612903225806 0.08
0 0.4838709677419355 0.32725 0.05326331582895724 0.0865
0 0.5114403600900225 0.40325 0.05888972243060765 0.0785
0 0.5647036759189797 0.413 0.05813953488372093 0.075
0 0.608027006751688 0.3465 0.05926481620405101 0.081
0 0.4414853713428357 0.38375 0.06676669167291822 0.0705
0 0.3840960240060015 0.379 0.05926481620405101 0.074
0 0.3300825206301575 0.36175 0.04951237809452363 0.0775
0 0.27419354838709675 0.337 0.05776444111027757 0.071
0 0.35783945986496624 0.44875 0.05401350337584396 0.0775
0 0.4172918229557389 0.4565 0.0536384096024006 0.079
0 0.44298574643660915 0.528 0.05776444111027757 0.074
0 0.48030757689422354 0.473 0.05588897224306077 0.085
0 0.5045011252813203 0.53575 0.05401350337584396 0.0795
0 0.5416354088522131 0.47675 0.05776444111027757 0.0735
0 0.5900225056264066 0.515 0.058514628657164294 0.071
0 0.5828957239309828 0.58975 0.051762940735183796 0.0765
0 0.6271567891972993 0.65275 0.05026256564141035 0.0705
0 0.6757314328582146 0.68225 0.05288822205551388 0.0775
0 0.7273068267066767 0.68175 0.05776444111027757 0.0635
0 0.7766316579144786 0.723 0.05813953488372093 0.073
0 0.8306451612903226 0.686 0.06339084771192798 0.074
0 0.8392723180795199 0.7435 0.06339084771192798 0.061
0 0.9141035258814704 0.7405 0.06301575393848462 0.082
0 0.8306451612903226 0.612 0.05888972243060765 0.061
0 0.8705926481620405 0.63625 0.056264066016504126 0.0705
0 0.7708177044261065 0.641 0.056264066016504126 0.076
0 0.714178544636159 0.61775 0.06001500375093773 0.0735
0 0.6515378844711178 0.5875 0.05401350337584396 0.067
0 0.6532258064516129 0.51725 0.056639159789947484 0.0745
0 0.7070517629407351 0.547 0.06301575393848462 0.074
0 0.7696924231057765 0.57175 0.05776444111027757 0.0755
0 0.6162790697674418 0.44325 0.056264066016504126 0.0735
0 0.6532258064516129 0.39475 0.059639909977494375 0.0725
0 0.6851087771942985 0.453 0.05438859714928732 0.08
0 0.7336834208552138 0.49 0.05326331582895724 0.07
0 0.7846961740435109 0.4885 0.056264066016504126 0.071
0 0.7393098274568642 0.415 0.058514628657164294 0.075
0 0.8345836459114778 0.42175 0.06451612903225806 0.0785
0 0.8917854463615904 0.48125 0.05588897224306077 0.0715
0 0.8842835708927231 0.55 0.061140285071267814 0.085
0 0.9120405101275318 0.40525 0.0641410352588147 0.0805
0 0.8737809452363091 0.3245 0.0641410352588147 0.073
0 0.8102025506376594 0.3185 0.05101275318829707 0.084
0 0.7623780945236309 0.3435 0.056639159789947484 0.082
0 0.7036759189797449 0.326 0.06676669167291822 0.082
0 0.6566016504126031 0.28125 0.061140285071267814 0.0705
0 0.6496624156039009 0.1955 0.0622655663915979 0.082
0 0.7102400600150037 0.163 0.06489122280570142 0.087
0 0.6370967741935484 0.08875 0.0671417854463616 0.0875
0 0.7164291072768192 0.257 0.06301575393848462 0.068
0 0.7783195798949737 0.2535 0.05776444111027757 0.077
0 0.9484246061515379 0.435 0.059639909977494375 0.079
