0 0.11421605401350338 0.54125 0.032633158289572396 0.0375
0 0.12565641410352588 0.5905 0.0345086271567892 0.041
0 0.1322205551387847 0.64075 0.032633158289572396 0.0385
0 0.14778694673668416 0.68 0.03225806451612903 0.032
0 0.1879219804951238 0.75225 0.033008252063015754 0.0375
0 0.23124531132783196 0.7195 0.030382595648912228 0.036
0 0.18417104276069018 0.67 0.03150787696924231 0.035
0 0.16897974493623405 0.638 0.03188297074268567 0.039
0 0.22374343585896475 0.68425 0.02663165791447862 0.0375
0 0.2471867966991748 0.677 0.03225806451612903 0.039
0 0.29444861215303825 0.6715 0.03075768942235559 0.036
0 0.2955738934733683 0.64075 0.030007501875468866 0.0365
0 0.21024006001500375 0.6245 0.030382595648912228 0.038
0 0.15566391597899476 0.54275 0.03150787696924231 0.0355
0 0.1849212303075769 0.5775 0.03150787696924231 0.044
0 0.18998499624906226 0.553 0.032633158289572396 0.042
0 0.21567891972993247 0.588 0.03375843960990248 0.041
0 0.2355588897224306 0.61075 0.03375843960990248 0.0385
0 0.2711927981995499 0.62325 0.029257314328582147 0.0415
0 0.3162040510127532 0.61925 0.030007501875468866 0.0415
0 0.354463615903976 0.616 0.03225806451612903 0.039
0 0.24868717179294825 0.56925 0.030007501875468866 0.0405
0 0.2861965491372843 0.5775 0.030007501875468866 0.041
0 0.14291072768192048 0.488 0.028507126781695424 0.042
0 0.18060765191297826 0.495 0.02663165791447862 0.046
0 0.20742685671417854 0.5085 0.03075768942235559 0.044
0 0.25468867216804203 0.5255 0.030007501875468866 0.038
0 0.2786946736684171 0.51575 0.03225806451612903 0.0405
0 0.28488372093023256 0.54625 0.028882220555138786 0.0385
0 0.3025131282820705 0.54 0.03113278319579895 0.04
0 0.3285821455363841 0.553 0.03150787696924231 0.04
0 0.3758439609902476 0.54125 0.030007501875468866 0.0445
0 0.2432483120780195 0.4925 0.03113278319579895 0.036
0 0.22693173293323332 0.46525 0.035258814703675916 0.0405
0 0.2595648912228057 0.45625 0.030007501875468866 0.0445
0 0.3169542385596399 0.49275 0.028507126781695424 0.0355
0 0.36271567891972994 0.5045 0.02625656414103526 0.034
0 0.3852213053263316 0.50775 0.028507126781695424 0.0405
0 0.3430232558139535 0.46975 0.03113278319579895 0.0385
0 0.30420105026256566 0.446 0.03075768942235559 0.041
0 0.1581020255063766 0.43025 0.032633158289572396 0.0425
0 0.159039759939985 0.39075 0.03075768942235559 0.0385
0 0.17704426106526633 0.3555 0.028507126781695424 0.042
0 0.20198799699924982 0.39425 0.030382595648912228 0.0365
0 0.2308702175543886 0.39675 0.032633158289572396 0.0435
0 0.25993998499624904 0.4175 0.03075768942235559 0.045
0 0.21117779444861215 0.31725 0.03225806451612903 0.0405
0 0.24812453113278318 0.284 0.03113278319579895 0.048
0 0.2376219054763691 0.34675 0.032633158289572396 0.0465
0 0.2659414853713428 0.32675 0.029257314328582147 0.0405
0 0.2921980495123781 0.253 0.030007501875468866 0.047
0 0.30607651912978245 0.2325 0.037509377344336084 0.043
0 0.2856339084771193 0.30725 0.028132033008252063 0.0475
0 0.3126406601650413 0.2865 0.029632408102025505 0.043
0 0.3345836459114779 0.267 0.033008252063015754 0.045
0 0.3582145536384096 0.24725 0.03075768942235559 0.0485
0 0.38165791447861963 0.27025 0.034133533383345835 0.0425
0 0.3554013503375844 0.3015 0.032633158289572396 0.046
0 0.3295198799699925 0.32425 0.03188297074268567 0.0445
0 0.29351087771942985 0.34725 0.03113278319579895 0.0375
0 0.2711927981995499 0.3725 0.03150787696924231 0.042
0 0.28488372093023256 0.39775 0.03563390847711928 0.0425
0 0.3283945986496624 0.35325 0.023630907726931733 0.0355
0 0.3447111777944486 0.36 0.03150787696924231 0.038
0 0.3218304576144036 0.4235 0.0277569392348087 0.044
0 0.34902475618904727 0.39775 0.034133533383345835 0.0415
0 0.37115528882220555 0.33775 0.03338334583645911 0.0445
0 0.38915978994748684 0.3065 0.03188297074268567 0.046
0 0.42010502625656415 0.251 0.033008252063015754 0.047
0 0.4549887471867967 0.22525 0.03225806451612903 0.0515
0 0.445423855963991 0.27525 0.03488372093023256 0.0495
0 0.4167291822955739 0.2985 0.03225806451612903 0.047
0 0.4416729182295574 0.3155 0.036384096024006 0.046
0 0.4838709677419355 0.24075 0.03675918979744936 0.0505
0 0.4913728432108027 0.27975 0.03675918979744936 0.0475
0 0.5172543135783946 0.2515 0.033008252063015754 0.05
0 0.5367591897974494 0.2785 0.03825956489122281 0.048
0 0.4891222805701425 0.3205 0.029257314328582147 0.041
0 0.4654913728432108 0.34775 0.03225806451612903 0.0435
0 0.39816204051012755 0.3465 0.03188297074268567 0.044
0 0.39066016504126033 0.3695 0.030382595648912228 0.039
0 0.3878469617404351 0.40975 0.03375843960990248 0.0385
0 0.367966991747937 0.42625 0.025506376594148537 0.0345
0 0.38972243060765194 0.46025 0.03075768942235559 0.0355
0 0.38147036759189795 0.47075 0.0277569392348087 0.0335
0 0.4167291822955739 0.48975 0.029257314328582147 0.0395
0 0.43210802700675166 0.519 0.030007501875468866 0.032
0 0.4452363090772693 0.54925 0.028507126781695424 0.0375
0 0.4782445611402851 0.56025 0.029257314328582147 0.0415
0 0.4653038259564891 0.5195 0.029632408102025505 0.035
0 0.4264816204051013 0.454 0.029257314328582147 0.038
0 0.413165791447862 0.4175 0.024381095273818456 0.039
0 0.43360840210052515 0.42325 0.030007501875468866 0.0405
0 0.42085521380345087 0.3905 0.03225806451612903 0.044
0 0.43060765191297823 0.358 0.03075768942235559 0.046
0 0.4578019504876219 0.385 0.03188297074268567 0.043
0 0.458927231807952 0.4515 0.03188297074268567 0.043
0 0.44486121530382594 0.4795 0.03150787696924231 0.042
0 0.46980495123780946 0.4925 0.03338334583645911 0.04
0 0.4981245311327832 0.5105 0.030007501875468866 0.037
0 0.48612153038259565 0.4635 0.033008252063015754 0.046
0 0.48124531132783194 0.42175 0.03150787696924231 0.0405
0 0.4872468117029257 0.37825 0.030007501875468866 0.0465
0 0.5138784696174044 0.37625 0.03375843960990248 0.0425
0 0.5127531882970743 0.3375 0.028507126781695424 0.044
0 0.5401350337584396 0.33875 0.035258814703675916 0.0435
0 0.5354463615903976 0.4 0.028132033008252063 0.042
0 0.5572018004501126 0.383 0.034133533383345835 0.046
0 0.5151912978244562 0.431 0.03188297074268567 0.04
0 0.5146286571642911 0.47225 0.03075768942235559 0.0415
0 0.5401350337584396 0.464 0.035258814703675916 0.04
0 0.5245686421605401 0.5185 0.030382595648912228 0.055
0 0.5495123780945236 0.49425 0.029257314328582147 0.0415
0 0.5699549887471868 0.523 0.030382595648912228 0.037
0 0.5744561140285072 0.48775 0.030382595648912228 0.0425
0 0.5585146286571643 0.43725 0.03150787696924231 0.0395
0 0.5806451612903226 0.40975 0.033008252063015754 0.0425
0 0.5843960990247562 0.443 0.02700675168792198 0.037
0 0.6065266316579144 0.4645 0.028507126781695424 0.042
0 0.5967741935483871 0.507 0.028507126781695424 0.043
0 0.5939609902475619 0.5295 0.028882220555138786 0.035
0 0.5622655663915979 0.30925 0.0345086271567892 0.0475
0 0.5575768942235559 0.22975 0.03938484621155289 0.0535
0 0.5770817704426107 0.2685 0.03563390847711928 0.044
0 0.617966991747937 0.2185 0.03788447111777944 0.05
0 0.614403600900225 0.26575 0.035258814703675916 0.0505
0 0.6447861965491373 0.26275 0.03675918979744936 0.0505
0 0.5941485371342836 0.32975 0.03675918979744936 0.0525
0 0.6196549137284321 0.31125 0.0345086271567892 0.0415
0 0.5888972243060765 0.373 0.0345086271567892 0.043
0 0.6181545386346586 0.37725 0.033008252063015754 0.0495
0 0.6170292573143286 0.41525 0.033008252063015754 0.0465
0 0.6363465866466617 0.478 0.03338334583645911 0.044
0 0.6245311327831958 0.514 0.02625656414103526 0.038
0 0.6363465866466617 0.52525 0.028132033008252063 0.0355
0 0.6526631657914479 0.49325 0.03225806451612903 0.0365
0 0.6547261815453863 0.4535 0.03113278319579895 0.039
0 0.677794448612153 0.4705 0.02700675168792198 0.042
0 0.6397224306076519 0.42 0.028132033008252063 0.039
0 0.6541635408852213 0.4005 0.03375843960990248 0.05
0 0.6716054013503376 0.372 0.03488372093023256 0.044
0 0.6513503375843961 0.335 0.038634658664666165 0.05
0 0.6573518379594899 0.29925 0.03488372093023256 0.0495
0 0.6911102775693924 0.29225 0.03563390847711928 0.0415
0 0.6852963240810203 0.335 0.03375843960990248 0.049
0 0.6877344336084021 0.445 0.034133533383345835 0.044
0 0.7049887471867967 0.42075 0.03338334583645911 0.0545
0 0.7096774193548387 0.3605 0.03825956489122281 0.047
0 0.7344336084021005 0.32475 0.03600900225056264 0.0515
0 0.7374343585896475 0.26475 0.03375843960990248 0.0455
0 0.7721305326331583 0.31175 0.03488372093023256 0.0485
0 0.75 0.34825 0.034133533383345835 0.0475
0 0.7244936234058514 0.3835 0.03188297074268567 0.042
0 0.7310577644411103 0.41075 0.033008252063015754 0.0425
0 0.7218679669917479 0.4605 0.030382595648912228 0.045
0 0.7244936234058514 0.4995 0.032633158289572396 0.039
0 0.714178544636159 0.52 0.025506376594148537 0.036
0 0.6941110277569392 0.5255 0.029632408102025505 0.043
0 0.7342460615153789 0.54575 0.02738184546136534 0.0395
0 0.7560015003750937 0.52825 0.028132033008252063 0.0315
0 0.7505626406601651 0.511 0.030007501875468866 0.041
0 0.7665041260315079 0.47975 0.03188297074268567 0.0465
0 0.7788822205551388 0.48775 0.028132033008252063 0.0375
0 0.7751312828207052 0.4425 0.028882220555138786 0.047
0 0.7668792198049512 0.3915 0.03188297074268567 0.044
0 0.7987621905476369 0.355 0.037134283570892726 0.044
0 0.8207051762940735 0.31775 0.03675918979744936 0.0465
0 0.8178919729932483 0.3905 0.03563390847711928 0.047
0 0.8514628657164292 0.37425 0.03600900225056264 0.0495
0 0.8702175543885972 0.3755 0.0277569392348087 0.051
0 0.8390847711927982 0.4085 0.0277569392348087 0.04
0 0.805701425356339 0.42875 0.03375843960990248 0.0445
0 0.7980120030007501 0.476 0.028882220555138786 0.042
0 0.8297074268567142 0.4525 0.03150787696924231 0.046
0 0.8854088522130532 0.40925 0.03113278319579895 0.0435
0 0.8634658664666166 0.44525 0.033008252063015754 0.0435
0 0.8342085521380345 0.49025 0.029257314328582147 0.0405
0 0.8073893473368342 0.52525 0.03188297074268567 0.0425
0 0.8403975993998499 0.53575 0.032633158289572396 0.0405
