0 0.05907726931732933 0.40375 0.03788447111777944 0.0565
0 0.0853338334583646 0.4595 0.04463615903975994 0.054
0 0.10558889722430607 0.4335 0.04388597149287322 0.053
0 0.1322205551387847 0.40425 0.03938484621155289 0.0505
0 0.15453863465866466 0.3945 0.04426106526631658 0.061
0 0.15285071267816955 0.45 0.04088522130532633 0.056
0 0.15003750937734434 0.494 0.04051012753188297 0.05
0 0.19448612153038258 0.41825 0.04688672168042011 0.0585
0 0.19129782445611404 0.449 0.04576144036009002 0.05
0 0.2526256564141035 0.35525 0.04088522130532633 0.0665
0 0.1991747936984246 0.53275 0.03975993998499625 0.0435
0 0.24756189047261815 0.50825 0.04276069017254314 0.0435
0 0.24249812453113279 0.56375 0.037134283570892726 0.0475
0 0.27494373593398347 0.58925 0.04051012753188297 0.0505
0 0.28863465866466614 0.569 0.04463615903975994 0.046
0 0.25618904726181546 0.465 0.04351087771942986 0.057
0 0.29669917479369845 0.495 0.04801200300075019 0.047
0 0.3038259564891223 0.43175 0.042010502625656414 0.0535
0 0.3152663165791448 0.38525 0.04688672168042011 0.0545
0 0.336834208552138 0.33375 0.04951237809452363 0.0535
0 0.3707801950487622 0.322 0.04388597149287322 0.065
0 0.41522880720180044 0.2975 0.05101275318829707 0.06
0 0.38297074268567144 0.377 0.0450112528132033 0.058
0 0.42685671417854465 0.3515 0.051762940735183796 0.059
0 0.3938484621155289 0.432 0.047261815453863466 0.05
0 0.3565266316579145 0.46025 0.04463615903975994 0.0515
0 0.3411477869467367 0.50225 0.046136534133533386 0.0475
0 0.31789197299324834 0.546 0.04463615903975994 0.049
0 0.30307576894223553 0.61675 0.03375843960990248 0.0465
0 0.3126406601650413 0.65575 0.03488372093023256 0.0455
0 0.33964741185296327 0.58525 0.04088522130532633 0.0465
0 0.34508627156789196 0.6325 0.03900975243810953 0.048
0 0.3439609902475619 0.69525 0.03825956489122281 0.0445
0 0.37809452363090773 0.7095 0.03600900225056264 0.044
0 0.3722805701425356 0.6635 0.043135783945986494 0.046
0 0.3555888972243061 0.55925 0.0450112528132033 0.0545
0 0.3809077269317329 0.519 0.04388597149287322 0.054
0 0.3938484621155289 0.486 0.047261815453863466 0.06
0 0.43342085521380347 0.455 0.046136534133533386 0.054
0 0.46774193548387094 0.3945 0.047261815453863466 0.059
0 0.4799324831207802 0.33275 0.04688672168042011 0.0635
0 0.514066016504126 0.298 0.04538634658664666 0.067
0 0.5549512378094523 0.328 0.050637659414853715 0.062
0 0.522880720180045 0.38375 0.04576144036009002 0.0635
0 0.4773068267066767 0.4435 0.04538634658664666 0.058
0 0.5337584396099024 0.43575 0.04351087771942986 0.0605
0 0.45423855963991 0.51525 0.04951237809452363 0.0485
0 0.42516879219804954 0.53725 0.04388597149287322 0.0435
0 0.40678919729932483 0.5665 0.04238559639909977 0.046
0 0.38465866466616655 0.61525 0.04238559639909977 0.0485
0 0.41935483870967744 0.60775 0.03600900225056264 0.0455
0 0.40735183795948987 0.67575 0.033008252063015754 0.0445
0 0.4216054013503376 0.719 0.04051012753188297 0.037
0 0.4392348087021755 0.67575 0.03900975243810953 0.0515
0 0.45817704426106526 0.7065 0.03788447111777944 0.044
0 0.4493623405851463 0.625 0.03975993998499625 0.05
0 0.44973743435858965 0.57875 0.03825956489122281 0.0415
0 0.4596774193548387 0.5675 0.043135783945986494 0.055
0 0.4908102025506377 0.59125 0.04238559639909977 0.0505
0 0.5039384846211553 0.644 0.04388597149287322 0.047
0 0.4836834208552138 0.6885 0.03938484621155289 0.05
0 0.5091897974493623 0.7225 0.04388597149287322 0.048
0 0.5256939234808702 0.6695 0.038634658664666165 0.046
0 0.522880720180045 0.597 0.04276069017254314 0.049
0 0.4971867966991748 0.5245 0.04463615903975994 0.058
0 0.5221305326331583 0.488 0.042010502625656414 0.056
0 0.5375093773443361 0.545 0.0450112528132033 0.047
0 0.6027756939234808 0.2875 0.051762940735183796 0.054
0 0.5885221305326331 0.35925 0.04801200300075019 0.0515
0 0.5708927231807952 0.4165 0.05026256564141035 0.068
0 0.5618904726181545 0.46375 0.04426106526631658 0.0475
0 0.5633908477119279 0.51275 0.04276069017254314 0.0465
0 0.5669542385596399 0.59775 0.04013503375843961 0.0495
0 0.5611402850712678 0.6565 0.035258814703675916 0.051
0 0.5900225056264066 0.677 0.0345086271567892 0.041
0 0.5917104276069017 0.625 0.03938484621155289 0.046
0 0.6198424606151538 0.66775 0.04088522130532633 0.0405
0 0.6385971492873218 0.7025 0.04088522130532633 0.043
0 0.5879594898724682 0.5465 0.04088522130532633 0.05
0 0.6202175543885972 0.59675 0.04238559639909977 0.0505
0 0.627344336084021 0.5565 0.04463615903975994 0.051
0 0.6057764441110277 0.50525 0.047261815453863466 0.0505
0 0.6078394598649662 0.4635 0.043135783945986494 0.053
0 0.6189047261815454 0.4025 0.046511627906976744 0.057
0 0.6460990247561891 0.3615 0.05138784696174044 0.054
0 0.6901725431357839 0.35 0.04951237809452363 0.065
0 0.6807951987997 0.402 0.04801200300075019 0.06
0 0.6582895723930983 0.44675 0.046511627906976744 0.0535
0 0.7104276069017255 0.43875 0.05101275318829707 0.0515
0 0.6507876969242311 0.49925 0.04576144036009002 0.0545
0 0.6950487621905477 0.495 0.04051012753188297 0.055
0 0.6674793698424606 0.54325 0.04688672168042011 0.0545
0 0.6747936984246061 0.579 0.04351087771942986 0.041
0 0.6594148537134283 0.64325 0.04351087771942986 0.0505
0 0.6811702925731433 0.681 0.042010502625656414 0.051
0 0.6986121530382595 0.64475 0.03938484621155289 0.0505
0 0.7198049512378094 0.67525 0.03975993998499625 0.0485
0 0.7091147786946737 0.55075 0.043135783945986494 0.0555
0 0.7323705926481621 0.61175 0.04088522130532633 0.0525
0 0.7438109527381845 0.64125 0.04426106526631658 0.0485
0 0.7471867966991748 0.35 0.04951237809452363 0.063
0 0.8780945236309077 0.3345 0.05326331582895724 0.059
0 0.7783195798949737 0.40425 0.05251312828207052 0.0575
0 0.8527756939234808 0.4115 0.050637659414853715 0.052
0 0.8998499624906227 0.405 0.05326331582895724 0.056
0 0.7642535633908477 0.45775 0.055138784696174045 0.0645
0 0.735933983495874 0.501 0.0450112528132033 0.054
0 0.7543135783945987 0.5475 0.04126031507876969 0.057
0 0.7852588147036759 0.5095 0.04463615903975994 0.051
0 0.8171417854463616 0.46775 0.04088522130532633 0.0585
0 0.7730682670667667 0.5955 0.04276069017254314 0.049
0 0.8105776444111028 0.56925 0.04801200300075019 0.0505
0 0.8343960990247562 0.5115 0.04538634658664666 0.059
0 0.8707801950487621 0.46775 0.04988747186796699 0.0535
