0 0.0707070707070707 0.4125 0.05387205387205387 0.066
0 0.1011971567527123 0.37 0.049756827534605315 0.071
0 0.1333707444818556 0.356 0.0609801720912832 0.065
0 0.15432098765432098 0.26025 0.05873550317994763 0.0745
0 0.203890759446315 0.3 0.04264870931537598 0.064
0 0.2052001496445941 0.2355 0.05424616535727647 0.072
0 0.21717171717171718 0.16125 0.06023194912083801 0.0805
0 0.2789001122334456 0.17325 0.050505050505050504 0.0805
0 0.32977927422371867 0.21925 0.0512532734754957 0.0685
0 0.3602693602693603 0.258 0.05387205387205387 0.058
0 0.4001122334455668 0.3005 0.05200149644594089 0.072
0 0.4176954732510288 0.23725 0.049756827534605315 0.0685
0 0.4281705948372615 0.1655 0.049756827534605315 0.07
0 0.3892630003741115 0.066 0.040778151889263 0.07
0 0.427235316124205 0.09225 0.04264870931537598 0.0625
0 0.4682005237560793 0.251 0.04601571268237935 0.07
0 0.5153385708941265 0.217 0.04152637485970819 0.076
0 0.5192667414889637 0.2715 0.04938271604938271 0.059
0 0.49364010475121584 0.3225 0.04526748971193416 0.061
0 0.5314253647586981 0.35475 0.04451926674148896 0.0555
0 0.5540591096146652 0.32125 0.041900486344930786 0.0655
0 0.5776281331836888 0.25625 0.04564160119715675 0.0595
0 0.6068088290310513 0.29375 0.04264870931537598 0.0595
0 0.5869809203142536 0.349 0.03965581743359521 0.053
0 0.5944631500187055 0.40025 0.03890759446315002 0.0525
0 0.6376730265619155 0.34275 0.040778151889263 0.0525
0 0.6365506921062477 0.39275 0.034044145155256264 0.0525
0 0.6722783389450057 0.35275 0.04040404040404041 0.0655
0 0.42012719790497566 0.3715 0.052375607931163484 0.056
0 0.46109240553685 0.395 0.04377104377104377 0.056
0 0.4900860456416012 0.45025 0.04339693228582117 0.0585
0 0.2611298166853722 0.25475 0.055368499812944255 0.0705
0 0.2545828656939768 0.3125 0.052749719416386086 0.059
0 0.3151889263000374 0.30475 0.0512532734754957 0.0675
0 0.2895622895622896 0.35475 0.03890759446315002 0.0575
0 0.3333333333333333 0.3815 0.04713804713804714 0.063
0 0.3608305274971942 0.3535 0.046763935652824544 0.067
0 0.3722409277964834 0.43 0.04489337822671156 0.061
0 0.30864197530864196 0.434 0.03890759446315002 0.057
0 0.3468013468013468 0.473 0.03965581743359521 0.06
0 0.2250280583613917 0.41475 0.05499438832772166 0.0725
0 0.19266741488963712 0.4335 0.04638982416760194 0.064
0 0.26374859708193044 0.46625 0.0508791619902731 0.0685
0 0.2890011223344557 0.516 0.049756827534605315 0.054
0 0.21829405162738497 0.4955 0.04227459783015339 0.061
0 0.2336326225215114 0.5325 0.04751215862326973 0.055
0 0.1608679386457164 0.50325 0.055368499812944255 0.0595
0 0.15076692854470633 0.531 0.04564160119715675 0.054
0 0.07875046763935653 0.52125 0.06023194912083801 0.0585
0 0.09876543209876543 0.56525 0.05686494575383464 0.0505
0 0.07912457912457913 0.6145 0.052749719416386086 0.058
0 0.09016086793864572 0.66 0.0508791619902731 0.055
0 0.13524130190796857 0.68625 0.04900860456416012 0.0505
0 0.12906846240179573 0.7235 0.04788627010849233 0.041
0 0.18911335578002245 0.76325 0.05200149644594089 0.0435
0 0.19210624766180323 0.71375 0.04601571268237935 0.0525
0 0.18911335578002245 0.6675 0.04601571268237935 0.046
0 0.14814814814814814 0.65025 0.0508791619902731 0.0515
0 0.13486719042274598 0.601 0.05499438832772166 0.054
0 0.1861204638982417 0.6125 0.0512532734754957 0.046
0 0.18537224092779647 0.5595 0.046763935652824544 0.05
0 0.22858211747100635 0.59575 0.04788627010849233 0.0525
0 0.23120089786756454 0.6335 0.05013093901982791 0.043
0 0.23905723905723905 0.67075 0.04264870931537598 0.0345
0 0.2824541713430602 0.69775 0.04414515525626637 0.0415
0 0.3254769921436588 0.7085 0.041900486344930786 0.049
0 0.31874298540965207 0.66025 0.038159371492704826 0.0505
0 0.2753460531238309 0.65325 0.04414515525626637 0.0455
0 0.2732884399551066 0.6165 0.03778526000748223 0.052
0 0.31219603441825666 0.604 0.037037037037037035 0.053
0 0.3445566778900112 0.62175 0.035166479610924055 0.0495
0 0.3771043771043771 0.64625 0.04040404040404041 0.0415
0 0.3655069210624766 0.692 0.03890759446315002 0.05
0 0.3761690983913206 0.73825 0.04227459783015339 0.0405
0 0.41937897493453047 0.72125 0.03965581743359521 0.0455
0 0.418443696221474 0.68425 0.03928170594837262 0.0355
0 0.38421249532360646 0.59175 0.03367003367003367 0.0515
0 0.4169472502805836 0.60825 0.030303030303030304 0.0395
0 0.409652076318743 0.5765 0.041900486344930786 0.047
0 0.4392068836513281 0.58125 0.03367003367003367 0.0465
0 0.3346427235316124 0.53875 0.0512532734754957 0.0545
0 0.38234193789749343 0.5275 0.0508791619902731 0.056
0 0.42405536849981296 0.509 0.046763935652824544 0.05
0 0.44238683127572015 0.53975 0.03928170594837262 0.0525
0 0.4682005237560793 0.4985 0.040029928918817806 0.053
0 0.42442947998503555 0.44975 0.04377104377104377 0.0595
0 0.5317994762439207 0.42825 0.04826038159371493 0.0505
0 0.5697717919940142 0.44925 0.04264870931537598 0.0505
0 0.5299289188178077 0.4785 0.04451926674148896 0.056
0 0.512532734754957 0.522 0.03591470258136925 0.048
0 0.5531238309016087 0.55425 0.040029928918817806 0.0535
0 0.49345304900860454 0.57825 0.04339693228582117 0.0455
0 0.5121586232697344 0.61925 0.038159371492704826 0.0435
0 0.4683875794986906 0.62975 0.041900486344930786 0.0525
0 0.4618406285072952 0.6925 0.033295922184811075 0.042
0 0.5003741114852226 0.66225 0.03554059109614665 0.0495
0 0.5383464272353161 0.6585 0.03890759446315002 0.044
0 0.575944631500187 0.66525 0.03778526000748223 0.0485
0 0.609801720912832 0.67375 0.03666292555181444 0.0445
0 0.6182192293303405 0.711 0.036288814066591846 0.046
0 0.6361765806210251 0.63725 0.040029928918817806 0.0415
0 0.6445940890385334 0.67075 0.034418256640478866 0.0425
0 0.6709689487467265 0.6885 0.03254769921436588 0.042
0 0.6975308641975309 0.6805 0.031051253273475497 0.034
0 0.7319491208380098 0.72725 0.03778526000748223 0.0385
0 0.6921062476618032 0.6405 0.0411522633744856 0.041
0 0.6593714927048261 0.61725 0.031051253273475497 0.0395
0 0.6445940890385334 0.5875 0.04489337822671156 0.045
0 0.5948372615039281 0.61525 0.035166479610924055 0.0465
0 0.5520014964459409 0.6125 0.04601571268237935 0.046
0 0.5828656939768051 0.572 0.038159371492704826 0.054
0 0.5781893004115226 0.51625 0.04152637485970819 0.0495
0 0.6107369996258886 0.5345 0.03928170594837262 0.056
0 0.6165357276468387 0.44175 0.041900486344930786 0.0505
0 0.6243920688365133 0.48625 0.03965581743359521 0.0565
0 0.5362888140665918 0.6825 0.03928170594837262 0.033
0 0.5766928544706322 0.69225 0.034044145155256264 0.0265
0 0.44537972315750096 0.638 0.03554059109614665 0.048
0 0.6666666666666666 0.52875 0.03591470258136925 0.0515
0 0.6846240179573513 0.4655 0.04414515525626637 0.055
0 0.6971567527123083 0.492 0.03928170594837262 0.048
0 0.7175458286569397 0.4985 0.03292181069958848 0.044
0 0.7328843995510662 0.5445 0.03890759446315002 0.049
0 0.6954732510288066 0.5515 0.03890759446315002 0.05
0 0.7235316124205013 0.62325 0.03367003367003367 0.0505
0 0.7407407407407407 0.661 0.03666292555181444 0.048
0 0.7689861578750468 0.70275 0.033295922184811075 0.0465
0 0.7100635989524878 0.4145 0.034418256640478866 0.056
0 0.7353161242050131 0.457 0.040778151889263 0.042
0 0.7442947998503554 0.48325 0.034044145155256264 0.0505
0 0.7701084923307145 0.40525 0.040778151889263 0.0575
0 0.7680508791619902 0.442 0.034418256640478866 0.038
0 0.7658062102506547 0.61825 0.03666292555181444 0.0465
0 0.7895622895622896 0.65775 0.036288814066591846 0.0445
0 0.7876917321361766 0.6865 0.02656191545080434 0.03
0 0.8108866442199776 0.65375 0.027310138421249533 0.0375
0 0.8378226711560045 0.62625 0.031051253273475497 0.0425
0 0.7938645716423495 0.606 0.02843247287691732 0.045
0 0.7596333707444819 0.57625 0.03853348297792742 0.0355
0 0.7839506172839507 0.57875 0.02656191545080434 0.0345
0 0.7852600074822297 0.5265 0.038159371492704826 0.05
0 0.7977927422371867 0.55275 0.030303030303030304 0.0435
0 0.8338945005611672 0.549 0.034418256640478866 0.047
0 0.8215488215488216 0.58225 0.027684249906472128 0.0315
0 0.8151889263000374 0.503 0.027684249906472128 0.049
0 0.8065843621399177 0.4675 0.03591470258136925 0.056
0 0.6777029554807332 0.58475 0.030303030303030304 0.0455
