0 0.08083270817704426 0.251 0.07314328582145536 0.088
0 0.1511627906976744 0.244 0.06751687921980495 0.095
0 0.2661290322580645 0.1955 0.06639159789947487 0.085
0 0.3447111777944486 0.20275 0.056264066016504126 0.0955
0 0.399662415603901 0.2405 0.061890472618154536 0.093
0 0.4476744186046512 0.1715 0.06864216054013503 0.084
0 0.5151912978244562 0.18775 0.06339084771192798 0.0915
0 0.576331582895724 0.17925 0.06639159789947487 0.0885
0 0.5812078019504876 0.27775 0.0641410352588147 0.0875
0 0.5118154538634658 0.27925 0.061890472618154536 0.0825
0 0.4553638409602401 0.2985 0.05701425356339085 0.091
0 0.37490622655663913 0.3065 0.0641410352588147 0.076
0 0.3132033008252063 0.27525 0.07051762940735183 0.0865
0 0.2415603900975244 0.27 0.07501875468867217 0.085
0 0.19373593398349587 0.32375 0.06564141035258815 0.0785
0 0.12171792948237059 0.33175 0.07389347336834208 0.0875
0 0.045198799699924984 0.3385 0.07014253563390847 0.075
0 0.05420105026256564 0.41825 0.0708927231807952 0.0825
0 0.1284696174043511 0.41 0.059639909977494375 0.095
0 0.19786196549137283 0.422 0.056639159789947484 0.083
0 0.24943735933983496 0.37125 0.06301575393848462 0.0825
0 0.3047636909227307 0.36 0.05738934733683421 0.089
0 0.367966991747937 0.38425 0.05926481620405101 0.0825
0 0.4441110277569392 0.383 0.05401350337584396 0.088
0 0.5123780945236309 0.35125 0.060765191297824456 0.0835
0 0.5881470367591898 0.39425 0.05251312828207052 0.0685
0 0.5971492873218305 0.45625 0.05401350337584396 0.0665
0 0.5333833458364591 0.42925 0.05401350337584396 0.0725
0 0.4739309827456864 0.452 0.055138784696174045 0.072
0 0.41429107276819205 0.44225 0.059639909977494375 0.0715
0 0.32801950487621906 0.457 0.06489122280570142 0.07
0 0.259377344336084 0.45625 0.07014253563390847 0.0765
0 0.21905476369092272 0.49 0.0622655663915979 0.075
0 0.12190547636909227 0.48575 0.06001500375093773 0.0825
0 0.16579144786196548 0.54275 0.06376594148537135 0.0715
0 0.2233683420855214 0.56275 0.061890472618154536 0.0645
0 0.2738184546136534 0.527 0.06301575393848462 0.07
0 0.2786946736684171 0.591 0.06601650412603151 0.066
0 0.3372093023255814 0.5365 0.056264066016504126 0.079
0 0.3495873968492123 0.60275 0.060765191297824456 0.0785
0 0.39572393098274566 0.50125 0.058514628657164294 0.0745
0 0.3994748687171793 0.565 0.05401350337584396 0.069
0 0.40828957239309827 0.625 0.05888972243060765 0.067
0 0.4435483870967742 0.52575 0.04988747186796699 0.0725
0 0.44486121530382594 0.589 0.05776444111027757 0.082
0 0.4519879969992498 0.65675 0.0622655663915979 0.0735
0 0.5061890472618155 0.542 0.05138784696174044 0.071
0 0.5 0.60325 0.05251312828207052 0.0805
0 0.4894973743435859 0.69625 0.05476369092273068 0.0735
0 0.5566391597899475 0.48925 0.05476369092273068 0.0665
0 0.5543885971492873 0.565 0.05026256564141035 0.076
0 0.5577644411102776 0.6345 0.04951237809452363 0.073
0 0.5472618154538634 0.691 0.058514628657164294 0.064
0 0.6027756939234808 0.61375 0.04801200300075019 0.0705
0 0.5954613653413353 0.67025 0.04838709677419355 0.0675
0 0.6421605401350338 0.67075 0.04576144036009002 0.0695
0 0.6494748687171793 0.58225 0.05438859714928732 0.0665
0 0.6806076519129782 0.62725 0.05888972243060765 0.0665
0 0.6935483870967742 0.6765 0.04276069017254314 0.052
0 0.7325581395348837 0.62825 0.04126031507876969 0.0735
0 0.709489872468117 0.5585 0.05288822205551388 0.062
0 0.768754688672168 0.57575 0.04988747186796699 0.0655
0 0.7865716429107277 0.62875 0.05251312828207052 0.0565
0 0.8257689422355589 0.586 0.04838709677419355 0.071
0 0.8130157539384846 0.515 0.05813953488372093 0.064
0 0.817516879219805 0.451 0.05888972243060765 0.071
0 0.800450112528132 0.377 0.05776444111027757 0.081
0 0.7214928732183046 0.38225 0.05738934733683421 0.0715
0 0.7419354838709677 0.4395 0.05026256564141035 0.069
0 0.7603150787696924 0.505 0.05701425356339085 0.074
0 0.7031132783195799 0.5 0.05288822205551388 0.072
0 0.6397224306076519 0.51 0.047636909227306824 0.067
0 0.6500375093773444 0.383 0.05926481620405101 0.073
0 0.6716054013503376 0.4415 0.05888972243060765 0.081
0 0.6237809452363091 0.32525 0.05476369092273068 0.0825
0 0.6751687921980495 0.276 0.05776444111027757 0.096
0 0.732933233308327 0.30475 0.06001500375093773 0.0875
0 0.6269692423105776 0.20975 0.06264066016504126 0.0915
0 0.6918604651162791 0.17575 0.06564141035258815 0.0975
0 0.7477494373593399 0.2155 0.06639159789947487 0.092
