0 0.2921980495123781 0.14125 0.0967741935483871 0.1235
0 0.3994748687171793 0.1375 0.08927231807951988 0.121
0 0.15753938484621155 0.2205 0.09902475618904726 0.105
0 0.268192048012003 0.25525 0.08927231807951988 0.1025
0 0.34171042760690173 0.21 0.08477119279819954 0.12
0 0.45986496624156037 0.225 0.09452363090772693 0.12
0 0.5433233308327082 0.1925 0.09489872468117029 0.132
0 0.6222805701425357 0.2165 0.08477119279819954 0.1
0 0.7081770442610653 0.2565 0.09152288072018004 0.105
0 0.1581020255063766 0.343 0.08589647411852963 0.112
0 0.31207801950487624 0.3155 0.08777194298574643 0.129
0 0.24456114028507125 0.37925 0.08552138034508627 0.1225
0 0.40828957239309827 0.3165 0.09789947486871718 0.121
0 0.5326331582895724 0.2975 0.08252063015753938 0.13
0 0.6181545386346586 0.307 0.09452363090772693 0.118
0 0.7083645911477869 0.35525 0.09714928732183045 0.1105
0 0.16035258814703676 0.4545 0.08289572393098274 0.125
0 0.12715678919729934 0.55925 0.08477119279819954 0.1205
0 0.19448612153038258 0.603 0.09414853713428357 0.12
0 0.2423105776444111 0.52825 0.08702175543885972 0.1185
0 0.29369842460615153 0.595 0.08477119279819954 0.116
0 0.30795198799699924 0.44425 0.07426856714178545 0.1195
0 0.35596399099774945 0.53875 0.09152288072018004 0.1085
0 0.36834208552138037 0.66825 0.08402100525131283 0.1005
0 0.3664666166541635 0.78875 0.08327081770442611 0.1295
0 0.43548387096774194 0.83675 0.08927231807951988 0.1045
0 0.5131282820705176 0.899 0.07351837959489872 0.11
0 0.582708177044261 0.92925 0.08814703675918979 0.1265
0 0.508252063015754 0.7685 0.07876969242310577 0.126
0 0.4579894973743436 0.67775 0.08627156789197299 0.1185
0 0.35783945986496624 0.5395 0.0900225056264066 0.105
0 0.4234808702175544 0.5825 0.08702175543885972 0.109
0 0.40341335333833456 0.437 0.08814703675918979 0.11
0 0.46886721680420107 0.40375 0.09302325581395349 0.1185
0 0.4602400600150037 0.4975 0.08927231807951988 0.109
0 0.5542010502625656 0.41725 0.08139534883720931 0.1085
0 0.6384096024006002 0.41975 0.0900225056264066 0.1065
0 0.5530757689422355 0.528 0.08889722430607652 0.116
0 0.518192048012003 0.62875 0.09414853713428357 0.1085
0 0.5785821455363841 0.73375 0.08439609902475619 0.1185
0 0.6354088522130532 0.82925 0.08177044261065267 0.1265
0 0.687171792948237 0.906 0.09902475618904726 0.11
0 0.771755438859715 0.9135 0.07614403600900226 0.113
0 0.8570892723180795 0.84 0.08852213053263316 0.12
0 0.7741935483870968 0.806 0.08702175543885972 0.1
0 0.6905476369092273 0.76425 0.08477119279819954 0.1155
0 0.6059639909977494 0.62525 0.08214553638409602 0.1245
0 0.6867966991747937 0.629 0.08177044261065267 0.124
0 0.8113278319579895 0.69075 0.08252063015753938 0.1105
0 0.9075393848462115 0.722 0.09039759939984997 0.114
0 0.6271567891972993 0.525 0.08552138034508627 0.124
0 0.7460615153788447 0.32275 0.07426856714178545 0.0945
0 0.8448987246811703 0.29375 0.08364591147786947 0.1015
0 0.7603150787696924 0.42275 0.08477119279819954 0.1025
0 0.7164291072768192 0.50925 0.08777194298574643 0.1195
0 0.7753188297074268 0.5905 0.09977494373593399 0.119
0 0.8452738184546137 0.40225 0.08664666166541636 0.1155
0 0.832145536384096 0.53225 0.09564891222805702 0.1045
0 0.9210427606901725 0.5005 0.09789947486871718 0.121
0 0.9156039009752438 0.6145 0.08627156789197299 0.114
