0 0.16710427606901726 0.36 0.056639159789947484 0.079
0 0.20198799699924982 0.42325 0.04088522130532633 0.0655
0 0.16654163540885222 0.457 0.04876219054763691 0.057
0 0.15847711927981994 0.5245 0.04463615903975994 0.064
0 0.16597899474868716 0.57975 0.03788447111777944 0.0625
0 0.16241560390097523 0.61225 0.03975993998499625 0.0425
0 0.13465866466616655 0.67075 0.035258814703675916 0.0635
0 0.17648162040510126 0.67125 0.04238559639909977 0.0595
0 0.17423105776444112 0.71375 0.038634658664666165 0.0495
0 0.21230307576894222 0.71925 0.03825956489122281 0.0535
0 0.22618154538634658 0.70075 0.04051012753188297 0.0585
0 0.19373593398349587 0.756 0.03938484621155289 0.052
0 0.21005251312828208 0.79 0.04276069017254314 0.052
0 0.24662415603900975 0.8065 0.04088522130532633 0.058
0 0.27738184546136535 0.8295 0.04838709677419355 0.051
0 0.254126031507877 0.8545 0.04388597149287322 0.043
0 0.2891972993248312 0.85775 0.028507126781695424 0.0425
0 0.3199549887471868 0.871 0.04351087771942986 0.057
0 0.3293323330832708 0.8245 0.04801200300075019 0.058
0 0.2087396849212303 0.62025 0.04538634658664666 0.0475
0 0.2222430607651913 0.57075 0.04388597149287322 0.0545
0 0.2556264066016504 0.62275 0.038634658664666165 0.0545
0 0.2897599399849963 0.61675 0.04388597149287322 0.0595
0 0.28675918979744935 0.674 0.04238559639909977 0.059
0 0.31451612903225806 0.7235 0.03488372093023256 0.064
0 0.3418979744936234 0.764 0.04088522130532633 0.061
0 0.3885971492873218 0.75125 0.04276069017254314 0.0595
0 0.43717179294823705 0.7665 0.05813953488372093 0.061
0 0.37696924231057766 0.689 0.04876219054763691 0.063
0 0.3388972243060765 0.67875 0.04013503375843961 0.0665
0 0.33964741185296327 0.62025 0.04388597149287322 0.0665
0 0.38540885221305327 0.624 0.05288822205551388 0.067
0 0.35258814703675917 0.565 0.04351087771942986 0.065
0 0.313390847711928 0.55075 0.04688672168042011 0.0605
0 0.26800450112528135 0.55675 0.041635408852213056 0.0635
0 0.20648912228057015 0.5085 0.04238559639909977 0.07
0 0.24662415603900975 0.48875 0.046136534133533386 0.0605
0 0.2946361590397599 0.50475 0.04988747186796699 0.0695
0 0.2591897974493623 0.40025 0.04801200300075019 0.0655
0 0.30120030007501875 0.4335 0.04951237809452363 0.071
0 0.34527381845461363 0.4785 0.04913728432108027 0.055
0 0.390285071267817 0.47975 0.05138784696174044 0.0645
0 0.35258814703675917 0.4185 0.05251312828207052 0.065
0 0.4382970742685671 0.53025 0.0536384096024006 0.0605
0 0.43904726181545384 0.594 0.05813953488372093 0.079
0 0.4711177794448612 0.64325 0.046511627906976744 0.0575
0 0.49531132783195797 0.718 0.04688672168042011 0.07
0 0.5408852213053263 0.62825 0.04876219054763691 0.0585
0 0.5684546136534133 0.67225 0.04988747186796699 0.0645
0 0.6168417104276069 0.69425 0.05138784696174044 0.0615
0 0.6009002250562641 0.63825 0.05476369092273068 0.0595
0 0.6003375843960991 0.595 0.05588897224306077 0.076
0 0.5480120030007501 0.5745 0.05476369092273068 0.068
0 0.4951237809452363 0.578 0.04951237809452363 0.055
0 0.4983120780195049 0.537 0.05588897224306077 0.079
0 0.4780570142535634 0.47125 0.056639159789947484 0.0695
0 0.4444861215303826 0.38625 0.04876219054763691 0.0765
0 0.4021005251312828 0.36275 0.046511627906976744 0.0705
0 0.3199549887471868 0.316 0.04576144036009002 0.074
0 0.27156789197299325 0.31025 0.04351087771942986 0.0785
0 0.3825956489122281 0.264 0.05101275318829707 0.081
0 0.4486121530382596 0.211 0.05101275318829707 0.09
0 0.4596774193548387 0.29125 0.047636909227306824 0.0805
0 0.5097524381095274 0.2755 0.05101275318829707 0.084
0 0.5577644411102776 0.273 0.05026256564141035 0.08
0 0.5617029257314329 0.18 0.0641410352588147 0.09
0 0.6217179294823706 0.212 0.05438859714928732 0.081
0 0.6200300075018754 0.29175 0.05776444111027757 0.0835
0 0.5752063015753939 0.35475 0.06339084771192798 0.0835
0 0.5142535633908477 0.3885 0.056264066016504126 0.078
0 0.5350712678169542 0.45925 0.0536384096024006 0.0835
0 0.568642160540135 0.51175 0.051762940735183796 0.0635
0 0.614403600900225 0.4925 0.047261815453863466 0.073
0 0.595086271567892 0.423 0.05738934733683421 0.074
0 0.6395348837209303 0.3755 0.05776444111027757 0.079
0 0.7079894973743436 0.4105 0.0641410352588147 0.079
0 0.677231807951988 0.48825 0.06639159789947487 0.0865
0 0.6521005251312828 0.55225 0.06639159789947487 0.0725
0 0.6746061515378845 0.60125 0.061140285071267814 0.0645
0 0.6547261815453863 0.66 0.04838709677419355 0.068
0 0.691297824456114 0.09125 0.060765191297824456 0.0795
0 0.6603525881470368 0.1575 0.043135783945986494 0.077
0 0.7327456864216054 0.14825 0.05438859714928732 0.0725
0 0.7531882970742686 0.205 0.046511627906976744 0.078
0 0.7584396099024756 0.279 0.05326331582895724 0.085
0 0.6766691672918229 0.255 0.060765191297824456 0.09
0 0.7046136534133534 0.335 0.05438859714928732 0.092
0 0.763503375843961 0.36225 0.06339084771192798 0.0815
0 0.7711927981995499 0.43425 0.051762940735183796 0.0705
0 0.7584396099024756 0.516 0.05776444111027757 0.079
0 0.7040510127531883 0.53675 0.051762940735183796 0.0715
0 0.7520630157539385 0.586 0.060765191297824456 0.08
0 0.7134283570892723 0.645 0.05476369092273068 0.073
0 0.7378094523630908 0.7115 0.0555138784696174 0.077
0 0.786384096024006 0.67125 0.05288822205551388 0.0785
0 0.8079519879969993 0.721 0.05476369092273068 0.062
0 0.8621530382595649 0.72575 0.0603900975243811 0.0715
0 0.8207051762940735 0.61 0.06151537884471118 0.08
0 0.8608402100525131 0.6645 0.058514628657164294 0.065
0 0.918979744936234 0.65225 0.06526631657914479 0.0755
0 0.8780945236309077 0.5895 0.06151537884471118 0.075
0 0.8205176294073518 0.53675 0.06264066016504126 0.0695
0 0.8407726931732933 0.46575 0.0671417854463616 0.0925
0 0.8788447111777945 0.5125 0.058514628657164294 0.083
0 0.9116654163540885 0.541 0.04688672168042011 0.073
0 0.9456114028507127 0.5775 0.058514628657164294 0.074
0 0.849774943735934 0.30425 0.06864216054013503 0.1035
0 0.844523630907727 0.385 0.06864216054013503 0.081
0 0.9133533383345837 0.42825 0.07351837959489872 0.0945
0 0.9399849962490623 0.478 0.05776444111027757 0.068
0 0.9666166541635409 0.71025 0.06601650412603151 0.0735
