0 0.1743359521137299 0.2525 0.041900486344930786 0.057
0 0.2139917695473251 0.22975 0.04414515525626637 0.0535
0 0.2538346427235316 0.226 0.040778151889263 0.055
0 0.2882528993640105 0.19575 0.040778151889263 0.0565
0 0.11391694725028058 0.3215 0.040029928918817806 0.059
0 0.15039281705948374 0.29675 0.03666292555181444 0.0525
0 0.19229330340441453 0.3125 0.03591470258136925 0.051
0 0.214552936775159 0.29125 0.036288814066591846 0.0555
0 0.25982042648709314 0.28 0.04451926674148896 0.052
0 0.294238683127572 0.259 0.04302282080059858 0.063
0 0.33090160867938645 0.28325 0.03554059109614665 0.0575
0 0.3569023569023569 0.25075 0.04414515525626637 0.0515
0 0.30303030303030304 0.3035 0.03890759446315002 0.041
0 0.2543958099513655 0.3255 0.041900486344930786 0.049
0 0.16891133557800225 0.343 0.03479236812570146 0.05
0 0.1331836887392443 0.35825 0.038159371492704826 0.0425
0 0.20819304152637486 0.357 0.03853348297792742 0.041
0 0.24242424242424243 0.37475 0.03591470258136925 0.0495
0 0.2846988402543958 0.3615 0.038159371492704826 0.05
0 0.31387953610175834 0.356 0.03591470258136925 0.051
0 0.35334829779274224 0.34975 0.040029928918817806 0.0595
0 0.13673774784885895 0.4075 0.037037037037037035 0.048
0 0.1750841750841751 0.39475 0.03367003367003367 0.0515
0 0.22858211747100635 0.408 0.03890759446315002 0.043
0 0.26992143658810325 0.41325 0.03479236812570146 0.0415
0 0.3062102506546951 0.4035 0.03853348297792742 0.054
0 0.34118967452300786 0.393 0.04040404040404041 0.05
0 0.34044145155256267 0.43425 0.034418256640478866 0.0445
0 0.29760568649457536 0.45425 0.03479236812570146 0.0515
0 0.22820800598578375 0.45925 0.0411522633744856 0.0435
0 0.19285447063224842 0.433 0.03479236812570146 0.048
0 0.15881032547699214 0.46275 0.03554059109614665 0.0425
0 0.1305649083426861 0.43975 0.03292181069958848 0.0375
0 0.13973063973063973 0.4885 0.03554059109614665 0.037
0 0.1720912832023943 0.50875 0.03965581743359521 0.0415
0 0.2033295922184811 0.48575 0.03778526000748223 0.0475
0 0.2437336326225215 0.4935 0.02656191545080434 0.049
0 0.2714178825289936 0.48675 0.03179947624392069 0.0445
0 0.31257014590347926 0.496 0.037037037037037035 0.046
0 0.3451178451178451 0.4835 0.034044145155256264 0.05
0 0.3677515899738122 0.52325 0.032173587729143284 0.0455
0 0.3380097268986158 0.52325 0.03479236812570146 0.0355
0 0.30209502431724655 0.54225 0.03778526000748223 0.0435
0 0.2734754956977179 0.52575 0.03292181069958848 0.0425
0 0.25046763935652827 0.54975 0.036288814066591846 0.0455
0 0.2141788252899364 0.52875 0.037037037037037035 0.0425
0 0.1943509165731388 0.54175 0.03479236812570146 0.0345
0 0.15581743359521139 0.5265 0.02656191545080434 0.04
0 0.1627384960718294 0.564 0.031425364758698095 0.039
0 0.19547325102880658 0.5935 0.03254769921436588 0.033
0 0.21717171717171718 0.57625 0.031051253273475497 0.0345
0 0.22933034044145156 0.61225 0.03591470258136925 0.0455
0 0.25346053123830903 0.59425 0.034044145155256264 0.0365
0 0.2605686494575383 0.6295 0.03254769921436588 0.04
0 0.2959221848110737 0.6055 0.031425364758698095 0.04
0 0.28095772540216984 0.5695 0.0306771417882529 0.039
0 0.30976430976430974 0.57525 0.03367003367003367 0.0345
0 0.3290310512532735 0.629 0.030303030303030304 0.039
0 0.35353535353535354 0.56025 0.029180695847362513 0.0455
0 0.3454919566030677 0.59175 0.02880658436213992 0.0425
0 0.3039655817433595 0.66125 0.03479236812570146 0.0375
0 0.34249906472128694 0.671 0.033295922184811075 0.039
0 0.36213991769547327 0.63225 0.0306771417882529 0.0395
0 0.37485970819304154 0.6735 0.031425364758698095 0.036
0 0.4089038533482978 0.67825 0.02843247287691732 0.0355
0 0.44126449682005237 0.68975 0.025065469509913955 0.0395
0 0.46539468761690983 0.67325 0.0306771417882529 0.0305
0 0.468013468013468 0.70225 0.032173587729143284 0.0355
0 0.49625888514777405 0.68325 0.033295922184811075 0.0355
0 0.5050505050505051 0.71025 0.03666292555181444 0.0295
0 0.39711934156378603 0.6445 0.033295922184811075 0.039
0 0.43209876543209874 0.64875 0.032173587729143284 0.0405
0 0.48634493078937524 0.6445 0.029928918817807706 0.036
0 0.5216984661429106 0.6615 0.03554059109614665 0.039
0 0.5316124205013094 0.69275 0.032173587729143284 0.0375
0 0.5374111485222597 0.72175 0.034044145155256264 0.0365
0 0.3786008230452675 0.59875 0.029180695847362513 0.0385
0 0.42461653572764685 0.61675 0.0306771417882529 0.0385
0 0.4547325102880658 0.62275 0.03254769921436588 0.0365
0 0.48466142910587356 0.60425 0.03554059109614665 0.0375
0 0.5172091283202395 0.61075 0.036288814066591846 0.0355
0 0.5127197904975683 0.578 0.037037037037037035 0.038
0 0.5486344930789375 0.6085 0.03479236812570146 0.044
0 0.565282454171343 0.6475 0.0306771417882529 0.035
0 0.5615413393191171 0.6905 0.0306771417882529 0.036
0 0.5630377852600075 0.73525 0.026936026936026935 0.0355
0 0.5843621399176955 0.71625 0.03292181069958848 0.0315
0 0.5942760942760943 0.75375 0.034044145155256264 0.0395
0 0.6025065469509914 0.69 0.02880658436213992 0.038
0 0.5993265993265994 0.64575 0.0306771417882529 0.0405
0 0.5794986906098017 0.61125 0.02543958099513655 0.0365
0 0.5879161990273102 0.58575 0.036288814066591846 0.0445
0 0.543958099513655 0.57225 0.035166479610924055 0.0325
0 0.4478114478114478 0.57725 0.035166479610924055 0.0375
0 0.41470258136924804 0.5695 0.03479236812570146 0.041
0 0.38271604938271603 0.55475 0.03666292555181444 0.0335
0 0.41245791245791247 0.50925 0.037037037037037035 0.0415
0 0.44219977553310885 0.53875 0.029928918817807706 0.0405
0 0.4682005237560793 0.5265 0.03254769921436588 0.047
0 0.5072951739618407 0.53675 0.035166479610924055 0.0315
0 0.5656565656565656 0.53675 0.03890759446315002 0.0395
0 0.37186681631126073 0.44425 0.03591470258136925 0.0465
0 0.40198279087167976 0.4665 0.037037037037037035 0.043
0 0.4560419004863449 0.48325 0.03890759446315002 0.0405
0 0.49569771791994016 0.49675 0.03741114852225964 0.0395
0 0.5340441451552562 0.50525 0.03479236812570146 0.0345
0 0.575944631500187 0.5055 0.03853348297792742 0.04
0 0.6030677141788253 0.53575 0.029928918817807706 0.0435
0 0.5892255892255892 0.44425 0.03367003367003367 0.0495
0 0.5581743359521137 0.469 0.035166479610924055 0.048
0 0.5215114104002992 0.473 0.034418256640478866 0.045
0 0.38477366255144035 0.39375 0.03853348297792742 0.0405
0 0.4169472502805836 0.43 0.033295922184811075 0.046
0 0.4502431724653947 0.44275 0.03928170594837262 0.0415
0 0.4885895997007108 0.447 0.03591470258136925 0.042
0 0.5035540591096147 0.41725 0.038159371492704826 0.0485
0 0.535727646838758 0.42725 0.03591470258136925 0.0365
0 0.565282454171343 0.40925 0.034418256640478866 0.0485
0 0.5323606434717546 0.378 0.032173587729143284 0.046
0 0.49682005237560795 0.34375 0.03591470258136925 0.0505
0 0.45323606434717545 0.35725 0.040029928918817806 0.0435
0 0.42517770295548074 0.368 0.033295922184811075 0.055
0 0.3759820426487093 0.297 0.041900486344930786 0.043
0 0.40310512532734755 0.273 0.036288814066591846 0.056
0 0.4180695847362514 0.32025 0.03853348297792742 0.0465
0 0.4487467265245043 0.29625 0.04152637485970819 0.0545
0 0.6365506921062477 0.436 0.040029928918817806 0.051
0 0.6625514403292181 0.47625 0.03367003367003367 0.0435
0 0.7022072577628133 0.4655 0.03292181069958848 0.045
0 0.6148522259633371 0.48175 0.03778526000748223 0.0445
0 0.6350542461653573 0.52125 0.03778526000748223 0.0435
0 0.7235316124205013 0.5075 0.03666292555181444 0.042
0 0.7474747474747475 0.5355 0.03890759446315002 0.04
0 0.6937897493453049 0.5415 0.03928170594837262 0.039
0 0.658062102506547 0.556 0.0411522633744856 0.036
0 0.6197156752712308 0.57075 0.034044145155256264 0.0455
0 0.6492704826038159 0.59325 0.03479236812570146 0.0445
0 0.6833146277590723 0.59675 0.03254769921436588 0.0405
0 0.719603441825664 0.57225 0.03479236812570146 0.0415
0 0.7570145903479237 0.56725 0.03479236812570146 0.0385
0 0.7635615413393191 0.61425 0.035166479610924055 0.0465
0 0.7268986157875047 0.621 0.03890759446315002 0.04
0 0.6885521885521886 0.63725 0.03853348297792742 0.0375
0 0.6154133931911709 0.61075 0.035166479610924055 0.0365
0 0.6286943509165731 0.66525 0.03179947624392069 0.0345
0 0.6531986531986532 0.64175 0.032173587729143284 0.0415
0 0.6696595585484474 0.6685 0.03741114852225964 0.03
0 0.7222222222222222 0.65225 0.03254769921436588 0.0335
0 0.7551440329218106 0.669 0.03179947624392069 0.043
0 0.7010849233071456 0.692 0.03367003367003367 0.039
0 0.7364384586606809 0.68975 0.03479236812570146 0.0375
0 0.641788252899364 0.71925 0.024317246539468762 0.0435
0 0.676954732510288 0.71875 0.028058361391694726 0.0385
0 0.6156004489337823 0.72525 0.030303030303030304 0.0395
0 0.6255144032921811 0.775 0.034418256640478866 0.033
0 0.6621773288439955 0.77475 0.03591470258136925 0.0325
0 0.6909839132061354 0.75375 0.02843247287691732 0.0415
0 0.7128694350916573 0.7155 0.03179947624392069 0.04
0 0.4560419004863449 0.40325 0.04040404040404041 0.0445
