0 0.22243060765191297 0.3105 0.0555138784696174 0.069
0 0.2719429857464366 0.2465 0.05701425356339085 0.07
0 0.2880720180045011 0.17475 0.056264066016504126 0.0745
0 0.34227306826706677 0.22275 0.056639159789947484 0.0705
0 0.32314328582145535 0.31825 0.052138034508627154 0.0775
0 0.2813203300825206 0.33225 0.0450112528132033 0.0725
0 0.2556264066016504 0.38575 0.05138784696174044 0.0635
0 0.2981995498874719 0.40975 0.04951237809452363 0.0675
0 0.34733683420855216 0.386 0.047261815453863466 0.065
0 0.377344336084021 0.32375 0.04951237809452363 0.0695
0 0.39403600900225055 0.3805 0.05138784696174044 0.071
0 0.33589647411852963 0.447 0.047636909227306824 0.064
0 0.2738184546136534 0.454 0.05251312828207052 0.057
0 0.22580645161290322 0.469 0.04876219054763691 0.07
0 0.26669167291822954 0.51025 0.04351087771942986 0.0675
0 0.22355588897224307 0.556 0.0450112528132033 0.065
0 0.31639159789947485 0.518 0.04538634658664666 0.064
0 0.35858964741185295 0.52 0.05401350337584396 0.058
0 0.2861965491372843 0.58725 0.046511627906976744 0.0655
0 0.22280570142535633 0.65875 0.04951237809452363 0.0575
0 0.2798199549887472 0.649 0.0450112528132033 0.062
0 0.3150787696924231 0.68825 0.05476369092273068 0.0625
0 0.24868717179294825 0.708 0.047261815453863466 0.06
0 0.28844711177794446 0.736 0.04876219054763691 0.058
0 0.3353338334583646 0.7385 0.04426106526631658 0.06
0 0.24193548387096775 0.7815 0.04351087771942986 0.059
0 0.2751312828207052 0.84 0.04838709677419355 0.055
0 0.3252063015753939 0.844 0.04426106526631658 0.05
0 0.3058889722430608 0.78775 0.047636909227306824 0.0515
0 0.35858964741185295 0.80925 0.04426106526631658 0.0535
0 0.4052888222055514 0.814 0.050637659414853715 0.058
0 0.4118529632408102 0.84075 0.03975993998499625 0.0505
0 0.36102775693923483 0.8875 0.04988747186796699 0.05
0 0.4521755438859715 0.8325 0.03938484621155289 0.054
0 0.4915603900975244 0.833 0.04463615903975994 0.061
0 0.48443360840210054 0.779 0.046136534133533386 0.058
0 0.4433608402100525 0.76325 0.03900975243810953 0.0485
0 0.4216054013503376 0.7345 0.037509377344336084 0.052
0 0.37978244561140284 0.72375 0.041635408852213056 0.0565
0 0.36552888222055513 0.68325 0.04688672168042011 0.0595
0 0.32726931732933234 0.62125 0.03938484621155289 0.0615
0 0.3698424606151538 0.61 0.04801200300075019 0.06
0 0.4011627906976744 0.58 0.04838709677419355 0.062
0 0.4382970742685671 0.5965 0.03938484621155289 0.058
0 0.4097899474868717 0.6495 0.04538634658664666 0.06
0 0.4669917479369842 0.6785 0.04576144036009002 0.061
0 0.4551762940735184 0.71075 0.04088522130532633 0.0515
0 0.5056264066016504 0.71875 0.04576144036009002 0.0675
0 0.5232558139534884 0.7545 0.03900975243810953 0.058
0 0.5553263315828957 0.7955 0.04388597149287322 0.049
0 0.5960240060015004 0.78625 0.04051012753188297 0.0545
0 0.5695798949737434 0.75275 0.04838709677419355 0.0545
0 0.6061515378844711 0.72975 0.04126031507876969 0.0625
0 0.5804576144036009 0.676 0.043135783945986494 0.049
0 0.5575768942235559 0.6435 0.047636909227306824 0.053
0 0.5060015003750937 0.63975 0.04351087771942986 0.0605
0 0.4966241560390098 0.59425 0.04876219054763691 0.0555
0 0.4645536384096024 0.555 0.046136534133533386 0.067
0 0.42385596399099773 0.50375 0.04951237809452363 0.0605
0 0.3835333833458365 0.45475 0.043135783945986494 0.0585
0 0.42291822955738934 0.4365 0.04838709677419355 0.069
0 0.46586646661665415 0.42925 0.04876219054763691 0.0625
0 0.4759939984996249 0.48475 0.0450112528132033 0.0575
0 0.5148162040510128 0.518 0.04688672168042011 0.056
0 0.5165041260315079 0.446 0.046511627906976744 0.053
0 0.5632033008252063 0.45625 0.04688672168042011 0.0585
0 0.3825956489122281 0.12675 0.05026256564141035 0.0705
0 0.4253563390847712 0.08975 0.05026256564141035 0.0745
0 0.41616654163540884 0.22125 0.05288822205551388 0.0735
0 0.4249812453113278 0.29 0.05251312828207052 0.074
0 0.4442985746436609 0.364 0.04913728432108027 0.068
0 0.4714928732183046 0.2595 0.04876219054763691 0.072
0 0.48612153038259565 0.32775 0.05101275318829707 0.0695
0 0.5136909227306826 0.3895 0.04463615903975994 0.068
0 0.4891222805701425 0.11375 0.051762940735183796 0.0795
0 0.5438859714928732 0.081 0.05326331582895724 0.075
0 0.48537134283570893 0.185 0.04876219054763691 0.067
0 0.5266316579144786 0.2095 0.0555138784696174 0.068
0 0.52344336084021 0.27525 0.04688672168042011 0.0715
0 0.5438859714928732 0.33375 0.042010502625656414 0.0645
0 0.5798949737434359 0.284 0.047261815453863466 0.073
0 0.6198424606151538 0.2365 0.04088522130532633 0.073
0 0.618529632408102 0.154 0.046511627906976744 0.075
0 0.6706676669167292 0.19225 0.0555138784696174 0.0685
0 0.7145536384096024 0.23375 0.05101275318829707 0.0605
0 0.75 0.28375 0.04238559639909977 0.0665
0 0.6498499624906227 0.282 0.04538634658664666 0.069
0 0.6806076519129782 0.31075 0.03788447111777944 0.0625
0 0.6312828207051763 0.328 0.0450112528132033 0.072
0 0.6609152288072018 0.347 0.04876219054763691 0.068
0 0.635596399099775 0.39525 0.04913728432108027 0.0625
0 0.6597899474868717 0.42425 0.04051012753188297 0.0575
0 0.7190547636909227 0.391 0.0450112528132033 0.069
0 0.7237434358589647 0.3465 0.04463615903975994 0.048
0 0.722993248312078 0.44475 0.050637659414853715 0.0615
0 0.6806076519129782 0.4855 0.04388597149287322 0.049
0 0.6292198049512379 0.483 0.047636909227306824 0.076
0 0.5902100525131283 0.525 0.04463615903975994 0.062
0 0.5558889722430608 0.5835 0.04426106526631658 0.059
0 0.605026256564141 0.6065 0.047261815453863466 0.064
0 0.6239684921230307 0.60875 0.032633158289572396 0.0585
0 0.6400975243810952 0.569 0.050637659414853715 0.059
0 0.6888597149287322 0.56625 0.04988747186796699 0.0495
0 0.7246811702925732 0.572 0.03600900225056264 0.057
0 0.7404351087771943 0.52625 0.04276069017254314 0.0585
0 0.640285071267817 0.69875 0.042010502625656414 0.0575
0 0.6751687921980495 0.6825 0.04126031507876969 0.055
0 0.6791072768192048 0.629 0.04988747186796699 0.053
0 0.7109902475618904 0.6425 0.04838709677419355 0.048
0 0.7121155288822205 0.69325 0.04463615903975994 0.0535
0 0.6770442610652663 0.73675 0.04126031507876969 0.0615
0 0.6879219804951238 0.8135 0.05026256564141035 0.057
0 0.7351837959489872 0.738 0.047261815453863466 0.054
0 0.7468117029257314 0.79225 0.046511627906976744 0.0525
0 0.7340585146286571 0.63075 0.03375843960990248 0.0565
0 0.7833833458364591 0.70375 0.043135783945986494 0.0675
0 0.809264816204051 0.7095 0.03488372093023256 0.059
0 0.7621905476369092 0.73025 0.04051012753188297 0.0395
0 0.8124531132783196 0.77975 0.04576144036009002 0.0545
0 0.7698799699924981 0.48525 0.04688672168042011 0.0685
0 0.7803825956489122 0.55125 0.04238559639909977 0.0615
0 0.7773818454613654 0.59925 0.04688672168042011 0.0515
0 0.7916354088522131 0.63425 0.04013503375843961 0.0515
0 0.8205176294073518 0.654 0.04238559639909977 0.056
0 0.8287696924231058 0.596 0.04538634658664666 0.066
0 0.8584021005251313 0.727 0.04388597149287322 0.055
0 0.8906601650412603 0.68225 0.03938484621155289 0.0585
0 0.8690922730682671 0.58575 0.04126031507876969 0.0505
0 0.8621530382595649 0.6245 0.046136534133533386 0.043
0 0.905476369092273 0.59275 0.03600900225056264 0.0585
0 0.8475243810952738 0.5025 0.05288822205551388 0.054
0 0.8844711177794449 0.53025 0.042010502625656414 0.0685
0 0.9199174793698425 0.53375 0.043135783945986494 0.0615
0 0.8235183795948987 0.45875 0.04088522130532633 0.0605
0 0.7878844711177795 0.41025 0.05138784696174044 0.0695
0 0.8287696924231058 0.39775 0.04088522130532633 0.0635
0 0.8621530382595649 0.44825 0.04688672168042011 0.0675
0 0.9024756189047262 0.4175 0.046511627906976744 0.058
0 0.8938484621155289 0.4675 0.0345086271567892 0.056
0 0.8133908477119279 0.32525 0.05138784696174044 0.0655
0 0.8441485371342836 0.36725 0.038634658664666165 0.0645
0 0.5673293323330832 0.3895 0.04688672168042011 0.068
