0 0.06151537884471118 0.414 0.060765191297824456 0.076
0 0.04538634658664666 0.48625 0.06601650412603151 0.0735
0 0.07333083270817704 0.56425 0.07314328582145536 0.0795
0 0.09021005251312829 0.63125 0.05438859714928732 0.0905
0 0.14834958739684923 0.6005 0.055138784696174045 0.068
0 0.1839834958739685 0.657 0.05588897224306077 0.08
0 0.20442610652663165 0.719 0.058514628657164294 0.07
0 0.25318829707426854 0.6765 0.060765191297824456 0.084
0 0.29369842460615153 0.74625 0.06301575393848462 0.0865
0 0.3310202550637659 0.8645 0.0536384096024006 0.084
0 0.3934733683420855 0.841 0.06601650412603151 0.071
0 0.4561140285071268 0.83325 0.04801200300075019 0.0795
0 0.4529257314328582 0.74975 0.05588897224306077 0.0795
0 0.3831582895723931 0.753 0.05588897224306077 0.076
0 0.40660165041260315 0.688 0.05401350337584396 0.078
0 0.3355213803450863 0.7115 0.055138784696174045 0.082
0 0.30307576894223553 0.64225 0.05701425356339085 0.0855
0 0.3537134283570893 0.6275 0.05326331582895724 0.081
0 0.33064516129032256 0.56725 0.059639909977494375 0.0785
0 0.26200300075018756 0.57675 0.059639909977494375 0.0805
0 0.21117779444861215 0.58425 0.05401350337584396 0.0855
0 0.16879219804951237 0.51775 0.06151537884471118 0.0805
0 0.10502625656414104 0.5045 0.060765191297824456 0.069
0 0.12528132033008252 0.41175 0.06151537884471118 0.0785
0 0.18810952738184547 0.4045 0.06264066016504126 0.081
0 0.21811702925731433 0.475 0.05888972243060765 0.08
0 0.25468867216804203 0.40675 0.06301575393848462 0.0735
0 0.30626406601650413 0.4345 0.06339084771192798 0.071
0 0.29088522130532635 0.5105 0.061890472618154536 0.076
0 0.09264816204051013 0.3475 0.06526631657914479 0.071
0 0.13484621155288823 0.26525 0.06264066016504126 0.0775
0 0.17873218304576144 0.31175 0.059639909977494375 0.0735
0 0.16616654163540887 0.21225 0.06151537884471118 0.0745
0 0.22074268567141786 0.2585 0.0641410352588147 0.066
0 0.245311327831958 0.31725 0.06976744186046512 0.0725
0 0.30532633158289574 0.2845 0.05026256564141035 0.075
0 0.26575393848462114 0.23225 0.059639909977494375 0.0735
0 0.22561890472618154 0.17925 0.06339084771192798 0.0735
0 0.2786946736684171 0.13325 0.05701425356339085 0.0805
0 0.3167666916729182 0.196 0.05138784696174044 0.081
0 0.3687171792948237 0.2495 0.05776444111027757 0.072
0 0.37959489872468116 0.3285 0.06001500375093773 0.076
0 0.36365341335333834 0.39625 0.055138784696174045 0.0715
0 0.40172543135783945 0.446 0.060765191297824456 0.082
0 0.4021005251312828 0.5375 0.05401350337584396 0.07
0 0.4157914478619655 0.607 0.05438859714928732 0.076
0 0.4617404351087772 0.64925 0.056264066016504126 0.0735
0 0.4628657164291073 0.546 0.05776444111027757 0.077
0 0.5191297824456114 0.53225 0.051762940735183796 0.0705
0 0.5277569392348087 0.6125 0.056264066016504126 0.077
0 0.5196924231057765 0.69975 0.05738934733683421 0.0785
0 0.5105026256564141 0.788 0.06526631657914479 0.083
0 0.5731432858214554 0.8095 0.06151537884471118 0.081
0 0.5795198799699925 0.7215 0.05251312828207052 0.081
0 0.5896474118529632 0.65225 0.060765191297824456 0.0765
0 0.5798949737434359 0.575 0.05701425356339085 0.072
0 0.5757689422355589 0.50625 0.05776444111027757 0.0795
0 0.5189422355588897 0.4635 0.05438859714928732 0.078
0 0.47355588897224304 0.42925 0.052138034508627154 0.0775
0 0.43060765191297823 0.3755 0.05701425356339085 0.081
0 0.42291822955738934 0.2875 0.05588897224306077 0.076
0 0.47768192048012004 0.33225 0.047636909227306824 0.0855
0 0.5213803450862715 0.387 0.05251312828207052 0.082
0 0.5735183795948987 0.41725 0.051762940735183796 0.0795
0 0.6177794448612153 0.4625 0.05701425356339085 0.083
0 0.668979744936234 0.50025 0.05813953488372093 0.0725
0 0.672543135783946 0.42375 0.05401350337584396 0.0705
0 0.6299699924981246 0.38175 0.05738934733683421 0.0755
0 0.5677044261065266 0.3365 0.05588897224306077 0.072
0 0.5204426106526632 0.28925 0.05438859714928732 0.0795
0 0.46136534133533386 0.2495 0.0622655663915979 0.07
0 0.423105776444111 0.19 0.06151537884471118 0.076
0 0.36627906976744184 0.163 0.05888972243060765 0.075
0 0.33383345836459116 0.10975 0.05326331582895724 0.0795
0 0.4030382595648912 0.10125 0.05588897224306077 0.0865
0 0.45836459114778694 0.10125 0.05251312828207052 0.0675
0 0.4694298574643661 0.1685 0.05288822205551388 0.083
0 0.5328207051762941 0.12525 0.05288822205551388 0.0745
0 0.5341335333833458 0.1955 0.05251312828207052 0.082
0 0.5857089272318079 0.168 0.05588897224306077 0.076
0 0.5825206301575394 0.26175 0.05701425356339085 0.0675
0 0.6205926481620405 0.307 0.0536384096024006 0.081
0 0.6873593398349588 0.23025 0.046136534133533386 0.0745
0 0.6896099024756189 0.314 0.05438859714928732 0.088
0 0.7629407351837959 0.3205 0.05776444111027757 0.07
0 0.8073893473368342 0.33875 0.03788447111777944 0.0745
0 0.7186796699174793 0.402 0.047261815453863466 0.076
0 0.7766316579144786 0.392 0.050637659414853715 0.077
0 0.8375843960990248 0.40075 0.04951237809452363 0.0715
0 0.8657164291072769 0.45525 0.04276069017254314 0.0785
0 0.7777569392348087 0.46425 0.05138784696174044 0.0795
0 0.7316204051012754 0.47675 0.055138784696174045 0.0785
0 0.6611027756939235 0.58225 0.055138784696174045 0.0895
0 0.7087396849212303 0.58175 0.05438859714928732 0.0735
0 0.7462490622655664 0.5625 0.046136534133533386 0.088
0 0.6897974493623406 0.65 0.056264066016504126 0.075
0 0.741747936984246 0.64675 0.04463615903975994 0.0785
0 0.7918229557389347 0.65275 0.05251312828207052 0.0835
0 0.8313953488372093 0.60275 0.04463615903975994 0.0865
0 0.8182670667666917 0.536 0.050637659414853715 0.076
0 0.8760315078769693 0.54175 0.05438859714928732 0.0805
0 0.8910352588147037 0.618 0.05138784696174044 0.083
0 0.8674043510877719 0.69025 0.06264066016504126 0.0805
0 0.8375843960990248 0.78475 0.04426106526631658 0.0895
0 0.7708177044261065 0.74225 0.05701425356339085 0.0905
0 0.7522505626406601 0.8155 0.05588897224306077 0.083
0 0.7003000750187547 0.7415 0.04801200300075019 0.082
0 0.6513503375843961 0.71725 0.05888972243060765 0.0845
0 0.6445986496624156 0.81325 0.05438859714928732 0.0905
0 0.6929857464366092 0.83375 0.055138784696174045 0.0855
