0 0.10558889722430607 0.5255 0.05438859714928732 0.06
0 0.11027756939234809 0.59525 0.051762940735183796 0.0595
0 0.1571642910727682 0.47275 0.05251312828207052 0.0675
0 0.1551012753188297 0.534 0.05288822205551388 0.069
0 0.16541635408852212 0.60725 0.056264066016504126 0.0525
0 0.12809452363090773 0.6275 0.04538634658664666 0.044
0 0.1551012753188297 0.65875 0.046136534133533386 0.0615
0 0.13615903975993998 0.67375 0.0345086271567892 0.0455
0 0.16822955738934733 0.73225 0.04913728432108027 0.0575
0 0.1791072768192048 0.41325 0.0536384096024006 0.0635
0 0.2078019504876219 0.3755 0.05251312828207052 0.062
0 0.23405851462865718 0.306 0.05026256564141035 0.068
0 0.27550637659414856 0.2885 0.04913728432108027 0.062
0 0.25900225056264065 0.36625 0.05288822205551388 0.0635
0 0.23537134283570893 0.4425 0.047636909227306824 0.062
0 0.2021755438859715 0.4905 0.03900975243810953 0.067
0 0.21792948237059265 0.5605 0.04876219054763691 0.063
0 0.2785071267816954 0.422 0.0536384096024006 0.062
0 0.2605026256564141 0.476 0.05288822205551388 0.062
0 0.2644411102775694 0.54625 0.047261815453863466 0.0615
0 0.22111777944486122 0.62275 0.04238559639909977 0.0595
0 0.25712678169542386 0.62475 0.05438859714928732 0.0655
0 0.2145536384096024 0.70725 0.05101275318829707 0.0635
0 0.2098649662415604 0.75625 0.04913728432108027 0.0565
0 0.2691297824456114 0.68525 0.047636909227306824 0.0635
0 0.26575393848462114 0.7335 0.04463615903975994 0.061
0 0.2404351087771943 0.807 0.0555138784696174 0.065
0 0.29857464366091524 0.7885 0.04876219054763691 0.055
0 0.3122655663915979 0.83925 0.052138034508627154 0.0585
0 0.3478994748687172 0.8935 0.050637659414853715 0.061
0 0.38953488372093026 0.87575 0.052138034508627154 0.0605
0 0.35765191297824456 0.81675 0.04838709677419355 0.0675
0 0.3420855213803451 0.761 0.04426106526631658 0.062
0 0.38372093023255816 0.76925 0.051762940735183796 0.0605
0 0.4474868717179295 0.786 0.051762940735183796 0.058
0 0.30626406601650413 0.71125 0.04913728432108027 0.0595
0 0.31882970742685673 0.25925 0.0555138784696174 0.0665
0 0.31301575393848463 0.34 0.055138784696174045 0.069
0 0.3345836459114779 0.38775 0.05101275318829707 0.0735
0 0.31732933233308325 0.462 0.04876219054763691 0.068
0 0.35952738184546135 0.44275 0.04838709677419355 0.0645
0 0.3574643660915229 0.5035 0.05251312828207052 0.07
0 0.30513878469617406 0.524 0.04913728432108027 0.065
0 0.3047636909227307 0.5855 0.050637659414853715 0.062
0 0.30682670667666917 0.643 0.05026256564141035 0.063
0 0.35258814703675917 0.5675 0.05101275318829707 0.065
0 0.37284321080270066 0.63625 0.05251312828207052 0.0715
0 0.3507126781695424 0.67425 0.04876219054763691 0.0575
0 0.38822205551387845 0.705 0.046511627906976744 0.071
0 0.43192048012003 0.73075 0.04688672168042011 0.0605
0 0.48105776444111026 0.7425 0.04838709677419355 0.068
0 0.5071267816954238 0.695 0.05101275318829707 0.06
0 0.45236309077269315 0.67825 0.04801200300075019 0.0625
0 0.4212303075768942 0.65225 0.04801200300075019 0.0715
0 0.49568642160540133 0.629 0.046136534133533386 0.071
0 0.45048762190547637 0.59175 0.05026256564141035 0.0635
0 0.40847711927981994 0.58575 0.05326331582895724 0.0605
0 0.400225056264066 0.535 0.05026256564141035 0.051
0 0.44973743435858965 0.53925 0.04951237809452363 0.0645
0 0.3698424606151538 0.24625 0.05101275318829707 0.0725
0 0.37021755438859716 0.30275 0.04951237809452363 0.0645
0 0.41504126031507876 0.225 0.050637659414853715 0.071
0 0.4097899474868717 0.2845 0.050637659414853715 0.062
0 0.3951612903225806 0.378 0.04538634658664666 0.065
0 0.43623405851462865 0.416 0.04951237809452363 0.065
0 0.4384846211552888 0.47075 0.051762940735183796 0.0555
0 0.4780570142535634 0.495 0.04913728432108027 0.065
0 0.49549887471867965 0.54425 0.05101275318829707 0.0625
0 0.5300075018754689 0.5925 0.047261815453863466 0.057
0 0.5703300825206301 0.61775 0.046136534133533386 0.0665
0 0.613278319579895 0.59475 0.04801200300075019 0.0665
0 0.6445986496624156 0.559 0.050637659414853715 0.066
0 0.5607651912978244 0.54625 0.047261815453863466 0.0635
0 0.530570142535634 0.504 0.046136534133533386 0.067
0 0.48199549887471865 0.4245 0.046511627906976744 0.068
0 0.45911477869467365 0.3615 0.04951237809452363 0.065
0 0.45161290322580644 0.2655 0.05101275318829707 0.067
0 0.47093023255813954 0.17925 0.050637659414853715 0.0665
0 0.536946736684171 0.165 0.05438859714928732 0.075
0 0.5136909227306826 0.24175 0.0536384096024006 0.0755
0 0.49212303075768943 0.308 0.05326331582895724 0.068
0 0.5090022505626407 0.36975 0.05026256564141035 0.0595
0 0.5348837209302325 0.2955 0.04801200300075019 0.059
0 0.5528882220555139 0.35275 0.051762940735183796 0.0665
0 0.578019504876219 0.40775 0.04876219054763691 0.0635
0 0.5277569392348087 0.42525 0.05251312828207052 0.0715
0 0.558702175543886 0.4605 0.055138784696174045 0.07
0 0.5602025506376594 0.24625 0.052138034508627154 0.0775
0 0.5873968492123031 0.2945 0.05251312828207052 0.072
0 0.6187171792948237 0.34825 0.04838709677419355 0.0705
0 0.609714928732183 0.46175 0.04988747186796699 0.0615
0 0.6012753188297074 0.514 0.05326331582895724 0.062
0 0.6869842460615154 0.52775 0.04913728432108027 0.0605
0 0.6528507126781695 0.493 0.047636909227306824 0.066
0 0.6822955738934734 0.4675 0.04276069017254314 0.064
0 0.6534133533383346 0.43025 0.05251312828207052 0.0615
0 0.6033383345836459 0.17875 0.04913728432108027 0.0725
0 0.6385971492873218 0.14875 0.052138034508627154 0.0745
0 0.6237809452363091 0.23925 0.04876219054763691 0.0675
0 0.6517254313578394 0.2835 0.04913728432108027 0.069
0 0.668417104276069 0.3615 0.04951237809452363 0.073
0 0.6918604651162791 0.41425 0.04388597149287322 0.0615
0 0.6836084021005251 0.173 0.05438859714928732 0.076
0 0.6794823705926482 0.2385 0.04988747186796699 0.069
0 0.7138034508627157 0.19975 0.0450112528132033 0.0715
0 0.6980495123780945 0.30125 0.047261815453863466 0.0675
0 0.7076144036009002 0.359 0.04463615903975994 0.068
0 0.7323705926481621 0.43825 0.05138784696174044 0.0645
0 0.7550637659414854 0.49975 0.051762940735183796 0.0655
0 0.7983870967741935 0.4805 0.04688672168042011 0.047
0 0.7833833458364591 0.419 0.04688672168042011 0.059
0 0.845648912228057 0.43375 0.050637659414853715 0.0635
0 0.7550637659414854 0.38275 0.05326331582895724 0.0595
0 0.7522505626406601 0.3225 0.0536384096024006 0.063
0 0.8042010502625656 0.3565 0.04801200300075019 0.063
0 0.8447111777944486 0.3755 0.051762940735183796 0.065
0 0.7646286571642911 0.20725 0.04913728432108027 0.0595
0 0.7537509377344336 0.263 0.04388597149287322 0.071
0 0.7846961740435109 0.2785 0.04426106526631658 0.072
0 0.8599024756189048 0.31 0.05438859714928732 0.067
0 0.831582895723931 0.233 0.051762940735183796 0.068
