0 0.3885147774036663 0.15775 0.03778526000748223 0.0565
0 0.4289188178077067 0.164 0.040029928918817806 0.055
0 0.4906472128694351 0.17125 0.03479236812570146 0.0585
0 0.5149644594089039 0.177 0.040778151889263 0.063
0 0.5390946502057613 0.136 0.04788627010849233 0.058
0 0.5688365132809577 0.19925 0.040029928918817806 0.0635
0 0.5794986906098017 0.2535 0.0411522633744856 0.063
0 0.5256266367377479 0.249 0.04264870931537598 0.06
0 0.4616535727646839 0.223 0.03965581743359521 0.057
0 0.4163860830527497 0.23 0.03367003367003367 0.055
0 0.3557800224466891 0.208 0.04040404040404041 0.054
0 0.33557800224466894 0.244 0.03965581743359521 0.053
0 0.38178077066965954 0.276 0.04152637485970819 0.062
0 0.4678264122708567 0.2705 0.03928170594837262 0.059
0 0.5615413393191171 0.32125 0.0411522633744856 0.0565
0 0.5303030303030303 0.31575 0.03928170594837262 0.0565
0 0.4682005237560793 0.3275 0.04451926674148896 0.061
0 0.31462775907220353 0.33575 0.03292181069958848 0.0515
0 0.3451178451178451 0.3465 0.034044145155256264 0.058
0 0.39206883651328095 0.37325 0.04414515525626637 0.0605
0 0.4715675271230827 0.39 0.040029928918817806 0.06
0 0.5095398428731762 0.362 0.038159371492704826 0.059
0 0.5491956603067715 0.379 0.03666292555181444 0.058
0 0.5435839880284324 0.43325 0.04040404040404041 0.0545
0 0.5198279087167976 0.413 0.040029928918817806 0.035
0 0.43041526374859707 0.4135 0.03928170594837262 0.058
0 0.35447063224841 0.4015 0.037037037037037035 0.067
0 0.3683127572016461 0.4565 0.03853348297792742 0.055
0 0.3378226711560045 0.48975 0.034418256640478866 0.0555
0 0.4180695847362514 0.4615 0.034044145155256264 0.054
0 0.4560419004863449 0.472 0.038159371492704826 0.051
0 0.48671904227459784 0.4525 0.03965581743359521 0.061
0 0.5329218106995884 0.493 0.037037037037037035 0.055
0 0.5781893004115226 0.512 0.04377104377104377 0.058
0 0.5140291806958474 0.52425 0.03666292555181444 0.0535
0 0.5424616535727647 0.5455 0.03965581743359521 0.059
0 0.4552936775158997 0.52125 0.04040404040404041 0.0585
0 0.4221848110737 0.51775 0.03778526000748223 0.0525
0 0.38439955106621776 0.55325 0.03179947624392069 0.0505
0 0.35316124205013094 0.53325 0.03292181069958848 0.0565
0 0.37411148522259635 0.586 0.03367003367003367 0.049
0 0.43265993265993263 0.56875 0.040029928918817806 0.0565
0 0.48671904227459784 0.5695 0.0411522633744856 0.055
0 0.5768799102132436 0.5875 0.04489337822671156 0.051
0 0.5149644594089039 0.62025 0.04377104377104377 0.0555
0 0.55331088664422 0.6465 0.041900486344930786 0.057
0 0.4885895997007108 0.6715 0.04788627010849233 0.055
0 0.44519266741488966 0.6195 0.031425364758698095 0.049
0 0.3774784885895997 0.65425 0.03890759446315002 0.0495
0 0.4161990273101384 0.6745 0.03479236812570146 0.056
0 0.45323606434717545 0.70025 0.03254769921436588 0.0605
0 0.5733258511036289 0.705 0.04826038159371493 0.06
0 0.5239431350542462 0.7155 0.04152637485970819 0.06
0 0.4878413767302656 0.72275 0.04264870931537598 0.0575
0 0.4442573887018331 0.75825 0.04227459783015339 0.0595
0 0.40422745978301533 0.73575 0.033295922184811075 0.0535
0 0.39730639730639733 0.80475 0.034418256640478866 0.0565
0 0.4296670407781519 0.82 0.033295922184811075 0.05
0 0.4571642349420127 0.81375 0.03965581743359521 0.0535
0 0.5142162364384587 0.778 0.036288814066591846 0.061
0 0.5594837261503928 0.759 0.04302282080059858 0.065
0 0.5793116348671904 0.808 0.04377104377104377 0.06
0 0.547699214365881 0.83625 0.04264870931537598 0.0625
0 0.5009352787130565 0.84525 0.038159371492704826 0.0635
0 0.4494949494949495 0.878 0.040029928918817806 0.064
0 0.5020576131687243 0.89525 0.03890759446315002 0.0575
0 0.530115974560419 0.88975 0.03666292555181444 0.0575
0 0.5774410774410774 0.8955 0.04526748971193416 0.065
0 0.4667040778151889 0.96325 0.04152637485970819 0.0535
0 0.5529367751589974 0.94725 0.0411522633744856 0.0545
0 0.5912832023943135 0.9565 0.04152637485970819 0.057
0 0.6402918069584737 0.96925 0.04601571268237935 0.0495
0 0.6864945753834643 0.96825 0.04713804713804714 0.0555
0 0.7222222222222222 0.9255 0.04900860456416012 0.055
0 0.666853722409278 0.911 0.04377104377104377 0.06
0 0.6172839506172839 0.874 0.04638982416760194 0.06
0 0.6331836887392442 0.815 0.04152637485970819 0.064
0 0.6864945753834643 0.8575 0.041900486344930786 0.062
0 0.7360643471754583 0.862 0.04601571268237935 0.059
0 0.7792742237186682 0.81525 0.04788627010849233 0.0575
0 0.7158623269734381 0.8025 0.04900860456416012 0.056
0 0.668163112607557 0.80175 0.041900486344930786 0.0575
0 0.6109240553684998 0.74875 0.04564160119715675 0.0595
0 0.6823793490460157 0.74775 0.04788627010849233 0.0585
0 0.7325102880658436 0.759 0.04489337822671156 0.064
0 0.7824541713430603 0.7565 0.04601571268237935 0.057
0 0.7527123082678638 0.7065 0.04938271604938271 0.06
0 0.8170594837261503 0.708 0.048634493078937524 0.062
0 0.6416011971567527 0.698 0.052375607931163484 0.062
0 0.5985783763561542 0.63775 0.04564160119715675 0.0575
0 0.6470258136924804 0.6345 0.04526748971193416 0.057
0 0.6874298540965208 0.67325 0.050505050505050504 0.0715
0 0.7197904975682754 0.6425 0.05387205387205387 0.059
0 0.8185559296670408 0.645 0.04564160119715675 0.07
0 0.6275720164609053 0.5625 0.04377104377104377 0.058
0 0.6782641227085672 0.6065 0.048634493078937524 0.062
0 0.7184811073699963 0.574 0.052749719416386086 0.067
0 0.7669285447063224 0.589 0.05387205387205387 0.064
0 0.8179947624392069 0.57975 0.049756827534605315 0.0635
0 0.7962962962962963 0.51175 0.04900860456416012 0.0685
0 0.6784511784511784 0.53775 0.050505050505050504 0.0615
0 0.6331836887392442 0.5125 0.04526748971193416 0.056
0 0.6088664421997755 0.421 0.04526748971193416 0.065
0 0.6791994014216236 0.41775 0.050505050505050504 0.0615
0 0.7046389824167602 0.46475 0.0512532734754957 0.0655
0 0.7818930041152263 0.43275 0.05312383090160868 0.0745
0 0.732136176580621 0.39975 0.04938271604938271 0.0695
0 0.6350542461653573 0.38 0.050505050505050504 0.062
0 0.586606808829031 0.3645 0.04564160119715675 0.058
0 0.6286943509165731 0.31375 0.04526748971193416 0.0625
0 0.6760194537972316 0.325 0.04564160119715675 0.08
0 0.754769921436588 0.356 0.0512532734754957 0.072
0 0.8140665918443696 0.369 0.04339693228582117 0.063
0 0.8286569397680509 0.31025 0.0508791619902731 0.0565
0 0.777964833520389 0.29475 0.050505050505050504 0.0605
0 0.7057613168724279 0.28125 0.04601571268237935 0.0615
0 0.6281331836887393 0.25675 0.048634493078937524 0.0575
0 0.6032547699214366 0.18375 0.04152637485970819 0.0595
0 0.6483352038907595 0.2 0.0411522633744856 0.064
0 0.5948372615039281 0.119 0.04564160119715675 0.061
0 0.6210250654695099 0.081 0.04788627010849233 0.065
0 0.6975308641975309 0.129 0.05499438832772166 0.064
0 0.68443696221474 0.22325 0.04377104377104377 0.0595
0 0.7153011597456042 0.17875 0.048634493078937524 0.0595
0 0.7312008978675645 0.225 0.04526748971193416 0.059
0 0.7839506172839507 0.2395 0.04751215862326973 0.062
0 0.8329592218481108 0.25825 0.049756827534605315 0.0625
0 0.8125701459034792 0.18875 0.04638982416760194 0.0575
0 0.7658062102506547 0.18625 0.04713804713804714 0.0525
0 0.7996632996632996 0.12925 0.04751215862326973 0.0635
0 0.7519640852974186 0.13475 0.04339693228582117 0.0575
0 0.7255892255892256 0.0805 0.04377104377104377 0.061
0 0.7833894500561167 0.0565 0.06060606060606061 0.066
0 0.8750467639356528 0.29125 0.0508791619902731 0.0585
0 0.8561541339319118 0.3655 0.04900860456416012 0.072
0 0.8602693602693603 0.44175 0.05948372615039282 0.0685
0 0.898989898989899 0.50375 0.04264870931537598 0.0705
0 0.8664421997755332 0.609 0.054620276842499066 0.074
0 0.8808454919566031 0.65975 0.06846240179573512 0.0565
