0 0.029069767441860465 0.57875 0.0536384096024006 0.0825
0 0.10183795948987247 0.58875 0.05588897224306077 0.0855
0 0.08608402100525131 0.6585 0.04988747186796699 0.075
0 0.13465866466616655 0.64625 0.04951237809452363 0.0845
0 0.12434358589647412 0.7305 0.05588897224306077 0.07
0 0.21136534133533383 0.76925 0.05813953488372093 0.0745
0 0.18717179294823705 0.82775 0.060765191297824456 0.0735
0 0.25525131282820707 0.724 0.055138784696174045 0.078
0 0.2691297824456114 0.80825 0.05438859714928732 0.0805
0 0.3152663165791448 0.77175 0.05813953488372093 0.0765
0 0.21586646661665415 0.63475 0.059639909977494375 0.0805
0 0.2651912978244561 0.65525 0.060765191297824456 0.0805
0 0.28188297074268565 0.57375 0.05813953488372093 0.0845
0 0.22936984246061515 0.521 0.06339084771192798 0.087
0 0.16016504126031508 0.57675 0.0622655663915979 0.0805
0 0.1791072768192048 0.49875 0.055138784696174045 0.0835
0 0.19954988747186797 0.4455 0.05776444111027757 0.085
0 0.13934733683420855 0.44075 0.055138784696174045 0.0715
0 0.0842085521380345 0.47975 0.055138784696174045 0.0725
0 0.05888972243060765 0.39925 0.05701425356339085 0.0795
0 0.11646661665416354 0.369 0.06339084771192798 0.082
0 0.17685671417854465 0.34875 0.041635408852213056 0.0885
0 0.1693548387096774 0.2635 0.0641410352588147 0.071
0 0.20442610652663165 0.1905 0.06976744186046512 0.084
0 0.2642535633908477 0.23325 0.056639159789947484 0.0835
0 0.23612153038259565 0.30275 0.05888972243060765 0.0725
0 0.2623780945236309 0.373 0.05888972243060765 0.071
0 0.3235183795948987 0.34525 0.06489122280570142 0.0785
0 0.33664666166541635 0.264 0.05888972243060765 0.094
0 0.3334583645911478 0.17 0.06526631657914479 0.087
0 0.38372093023255816 0.22625 0.058514628657164294 0.0785
0 0.41260315078769694 0.149 0.06601650412603151 0.083
0 0.48349587396849214 0.15925 0.06151537884471118 0.0865
0 0.5356339084771192 0.121 0.07501875468867217 0.093
0 0.4351087771942986 0.067 0.06601650412603151 0.081
0 0.36365341335333834 0.04875 0.0641410352588147 0.0905
0 0.4484246061515379 0.2295 0.06339084771192798 0.093
0 0.5039384846211553 0.2985 0.0641410352588147 0.088
0 0.5408852213053263 0.214 0.06751687921980495 0.081
0 0.5725806451612904 0.27775 0.06264066016504126 0.0855
0 0.6181545386346586 0.205 0.06526631657914479 0.101
0 0.6474118529632408 0.3095 0.058514628657164294 0.095
0 0.6888597149287322 0.23075 0.059639909977494375 0.0955
0 0.7576894223555889 0.24175 0.06676669167291822 0.0925
0 0.8090772693173294 0.30425 0.07576894223555888 0.0925
0 0.8797824456114028 0.35325 0.07389347336834208 0.0865
0 0.7246811702925732 0.34775 0.06601650412603151 0.0975
0 0.6792948237059265 0.396 0.06376594148537135 0.083
0 0.7209302325581395 0.4395 0.06751687921980495 0.076
0 0.5744561140285072 0.38925 0.07164291072768192 0.0965
0 0.4988747186796699 0.372 0.06151537884471118 0.078
0 0.4442985746436609 0.35375 0.05888972243060765 0.0805
0 0.39216054013503376 0.3105 0.050637659414853715 0.086
0 0.37040510127531884 0.40025 0.059639909977494375 0.0795
0 0.3184546136534134 0.43675 0.058514628657164294 0.0735
0 0.27063015753938485 0.45575 0.055138784696174045 0.0775
0 0.31882970742685673 0.524 0.05776444111027757 0.066
0 0.36027756939234806 0.57525 0.055138784696174045 0.0795
0 0.3869092273068267 0.50025 0.050637659414853715 0.0865
0 0.4337959489872468 0.42075 0.06339084771192798 0.0705
0 0.5024381095273819 0.44575 0.059639909977494375 0.0735
0 0.5590772693173294 0.47225 0.05738934733683421 0.0785
0 0.6295948987246812 0.4545 0.05888972243060765 0.08
0 0.6740435108777194 0.4975 0.05701425356339085 0.088
0 0.7201800450112528 0.53775 0.060765191297824456 0.0845
0 0.7846961740435109 0.4855 0.06526631657914479 0.081
0 0.8403975993998499 0.49075 0.05888972243060765 0.0795
0 0.826331582895724 0.41825 0.0690172543135784 0.0845
0 0.904913728432108 0.4455 0.06339084771192798 0.078
0 0.904913728432108 0.531 0.06339084771192798 0.088
0 0.9311702925731433 0.612 0.05438859714928732 0.093
0 0.8525881470367592 0.57325 0.056264066016504126 0.0835
0 0.7920105026256564 0.57625 0.06864216054013503 0.0775
0 0.8177044261065266 0.64875 0.0622655663915979 0.0725
0 0.6712303075768942 0.59925 0.05888972243060765 0.0725
0 0.7186796699174793 0.63775 0.06526631657914479 0.0895
0 0.735933983495874 0.7145 0.05401350337584396 0.076
0 0.4684921230307577 0.5275 0.060765191297824456 0.083
0 0.5495123780945236 0.54925 0.05251312828207052 0.0755
0 0.5960240060015004 0.6035 0.051762940735183796 0.088
0 0.522880720180045 0.61975 0.05701425356339085 0.0775
0 0.445423855963991 0.60675 0.050637659414853715 0.0845
0 0.4019129782445611 0.63725 0.059639909977494375 0.0855
0 0.3514628657164291 0.668 0.05776444111027757 0.08
0 0.3687171792948237 0.751 0.06151537884471118 0.082
0 0.38484621155288823 0.80525 0.05251312828207052 0.0725
0 0.4257314328582146 0.69 0.056264066016504126 0.088
0 0.4748687171792948 0.69325 0.060765191297824456 0.0795
0 0.48124531132783194 0.75525 0.06601650412603151 0.0785
0 0.5301950487621906 0.73675 0.06264066016504126 0.0745
0 0.5834583645911477 0.68375 0.0603900975243811 0.0675
0 0.6481620405101275 0.6925 0.04876219054763691 0.093
0 0.6789197299324832 0.747 0.05776444111027757 0.071
0 0.6241560390097525 0.76825 0.060765191297824456 0.0795
0 0.554013503375844 0.79925 0.05251312828207052 0.0675
0 0.5707051762940735 0.87175 0.0641410352588147 0.0775
0 0.6160915228807202 0.84525 0.0641410352588147 0.0895
0 0.6701050262565641 0.821 0.05888972243060765 0.082
0 0.7258064516129032 0.78175 0.06151537884471118 0.0635
0 0.7925731432858214 0.798 0.0622655663915979 0.075
0 0.8000750187546887 0.7335 0.06151537884471118 0.083
0 0.8750937734433608 0.767 0.0690172543135784 0.077
0 0.5193173293323331 0.89875 0.04988747186796699 0.0785
0 0.4696174043510878 0.8505 0.06751687921980495 0.083
0 0.4358589647411853 0.87775 0.0622655663915979 0.0675
0 0.6153413353338335 0.5305 0.0641410352588147 0.068
