0 0.17676767676767677 0.13825 0.050505050505050504 0.0605
0 0.22895622895622897 0.1225 0.04713804713804714 0.061
0 0.2663673774784886 0.16 0.04713804713804714 0.061
0 0.29068462401795736 0.12825 0.05312383090160868 0.0475
0 0.35933408155630375 0.10575 0.052749719416386086 0.0525
0 0.3258511036288814 0.15825 0.05387205387205387 0.0615
0 0.3398802843247288 0.22375 0.04900860456416012 0.0605
0 0.37093153759820424 0.1685 0.04451926674148896 0.066
0 0.4175084175084175 0.11025 0.04564160119715675 0.0505
0 0.4055368499812944 0.15275 0.04264870931537598 0.0545
0 0.45772540216984664 0.157 0.04601571268237935 0.057
0 0.44219977553310885 0.19175 0.0508791619902731 0.0515
0 0.5020576131687243 0.193 0.04489337822671156 0.054
0 0.5441451552562664 0.1985 0.04526748971193416 0.055
0 0.4902731013842125 0.249 0.049756827534605315 0.055
0 0.581556303778526 0.24975 0.04826038159371493 0.0615
0 0.6277590722035167 0.2555 0.04264870931537598 0.055
0 0.5555555555555556 0.28175 0.04414515525626637 0.0675
0 0.5920314253647587 0.3245 0.04826038159371493 0.059
0 0.6320613542835765 0.3115 0.040778151889263 0.058
0 0.6707818930041153 0.24825 0.03965581743359521 0.0525
0 0.688178077066966 0.30475 0.04751215862326973 0.0545
0 0.7070707070707071 0.2845 0.041900486344930786 0.052
0 0.751589973812196 0.30075 0.03965581743359521 0.0625
0 0.7912457912457912 0.31225 0.04638982416760194 0.0465
0 0.9319117096894874 0.376 0.03890759446315002 0.06
0 0.8533482977927422 0.32775 0.0411522633744856 0.0465
0 0.8829031051253273 0.36875 0.03367003367003367 0.0565
0 0.8576505798728021 0.39325 0.04826038159371493 0.0595
0 0.9094650205761317 0.418 0.032173587729143284 0.058
0 0.9427609427609428 0.46225 0.04040404040404041 0.0535
0 0.9135802469135802 0.4755 0.04339693228582117 0.065
0 0.9614665170220725 0.514 0.03591470258136925 0.056
0 0.9173213617658063 0.53825 0.04713804713804714 0.0635
0 0.9436962214739992 0.585 0.04152637485970819 0.054
0 0.9358398802843247 0.632 0.037037037037037035 0.066
0 0.8845866068088291 0.6455 0.04451926674148896 0.059
0 0.8952487841376731 0.5775 0.04414515525626637 0.06
0 0.8741114852225963 0.485 0.03853348297792742 0.059
0 0.836887392442948 0.443 0.04638982416760194 0.062
0 0.8542835765057988 0.542 0.03928170594837262 0.065
0 0.8496071829405163 0.60625 0.04489337822671156 0.0565
0 0.8836513280957725 0.698 0.048634493078937524 0.062
0 0.9120838009726898 0.745 0.04938271604938271 0.065
0 0.900860456416012 0.80475 0.04638982416760194 0.0675
0 0.8561541339319118 0.7605 0.04377104377104377 0.071
0 0.8522259633370745 0.85325 0.038159371492704826 0.0715
0 0.7745978301533857 0.78575 0.053497942386831275 0.0635
0 0.812383090160868 0.745 0.04601571268237935 0.067
0 0.8239805462027684 0.91925 0.050505050505050504 0.0705
0 0.7897493453049008 0.951 0.04339693228582117 0.074
0 0.7800224466891134 0.852 0.04638982416760194 0.071
0 0.7379349046015713 0.84425 0.046763935652824544 0.0825
0 0.833146277590722 0.66075 0.04339693228582117 0.0675
0 0.7852600074822297 0.67175 0.04040404040404041 0.0645
0 0.8140665918443696 0.5555 0.041900486344930786 0.066
0 0.8202394313505424 0.4895 0.04227459783015339 0.058
0 0.7964833520389076 0.408 0.03666292555181444 0.058
0 0.8170594837261503 0.366 0.038159371492704826 0.053
0 0.7725402169846615 0.356 0.05387205387205387 0.063
0 0.7586980920314254 0.403 0.04638982416760194 0.062
0 0.7714178825289937 0.45725 0.04938271604938271 0.0645
0 0.7689861578750468 0.51625 0.03928170594837262 0.0645
0 0.7787130564908342 0.598 0.049756827534605315 0.074
0 0.6911709689487467 0.91375 0.04826038159371493 0.0775
0 0.656191545080434 0.95425 0.05686494575383464 0.0725
0 0.682566404788627 0.81425 0.053497942386831275 0.0695
0 0.7259633370744482 0.7665 0.04302282080059858 0.073
0 0.7521511410400299 0.71025 0.04526748971193416 0.0695
0 0.7456041900486345 0.627 0.05387205387205387 0.076
0 0.5662177328843996 0.859 0.04900860456416012 0.067
0 0.6848110736999626 0.73 0.04751215862326973 0.08
0 0.7052001496445941 0.65125 0.054620276842499066 0.0645
0 0.7003367003367004 0.5845 0.04638982416760194 0.067
0 0.6576879910213244 0.603 0.04040404040404041 0.065
0 0.6767676767676768 0.531 0.04788627010849233 0.059
0 0.7411148522259633 0.5565 0.04489337822671156 0.066
0 0.7115600448933782 0.5055 0.04489337822671156 0.065
0 0.7313879536101758 0.455 0.03741114852225964 0.06
0 0.7109988776655444 0.403 0.04526748971193416 0.056
0 0.7167976056864945 0.349 0.04638982416760194 0.057
0 0.15525626636737747 0.1915 0.06509539842873176 0.067
0 0.21642349420127197 0.18275 0.05873550317994763 0.0865
0 0.19827908716797607 0.24875 0.054620276842499066 0.0585
0 0.24616535727646838 0.25925 0.04564160119715675 0.0665
0 0.11017583239805462 0.2365 0.06172839506172839 0.06
0 0.2824541713430602 0.22075 0.051627384960718295 0.0615
0 0.15750093527871306 0.2915 0.05761316872427984 0.067
0 0.20632248410026188 0.29925 0.056490834268612046 0.0655
0 0.3151889263000374 0.283 0.04826038159371493 0.061
0 0.3675645342312009 0.28625 0.05499438832772166 0.0555
0 0.39711934156378603 0.245 0.04900860456416012 0.049
0 0.45417134306023194 0.2725 0.04713804713804714 0.062
0 0.4118967452300786 0.305 0.041900486344930786 0.059
0 0.5102880658436214 0.2955 0.04564160119715675 0.062
0 0.5424616535727647 0.3455 0.0411522633744856 0.059
0 0.46950991395435837 0.337 0.05013093901982791 0.054
0 0.4696969696969697 0.39175 0.04751215862326973 0.0625
0 0.5108492330714552 0.3885 0.04377104377104377 0.063
0 0.41994014216236436 0.37475 0.04826038159371493 0.0775
0 0.356341189674523 0.3415 0.05873550317994763 0.073
0 0.29779274223718666 0.344 0.05387205387205387 0.062
0 0.08978675645342311 0.29775 0.054620276842499066 0.0705
0 0.14104002992891881 0.35425 0.05761316872427984 0.0655
0 0.10905349794238683 0.4125 0.05200149644594089 0.062
0 0.1556303778526001 0.416 0.05985783763561541 0.065
0 0.19715675271230826 0.3795 0.048634493078937524 0.059
0 0.10736999625888514 0.4765 0.05387205387205387 0.079
0 0.13561541339319116 0.5415 0.0609801720912832 0.066
0 0.17714178825289936 0.4915 0.05873550317994763 0.062
0 0.21904227459783016 0.4305 0.053497942386831275 0.07
0 0.24859708193041527 0.3725 0.0512532734754957 0.063
0 0.2759072203516648 0.43975 0.0512532734754957 0.0705
0 0.3176206509539843 0.3935 0.05611672278338945 0.063
0 0.3791619902731014 0.40625 0.05873550317994763 0.0595
0 0.3453049008604564 0.45875 0.05013093901982791 0.0615
0 0.2962962962962963 0.5025 0.05985783763561541 0.067
0 0.3451178451178451 0.52975 0.0512532734754957 0.0675
0 0.41414141414141414 0.52675 0.052375607931163484 0.0725
0 0.4081556303778526 0.4565 0.048634493078937524 0.065
0 0.4500561167227834 0.44925 0.04339693228582117 0.0675
0 0.5432098765432098 0.43975 0.04489337822671156 0.0585
0 0.4781144781144781 0.51 0.04788627010849233 0.068
0 0.4833520389075945 0.573 0.052375607931163484 0.066
0 0.42573887018331463 0.613 0.04938271604938271 0.063
0 0.3671904227459783 0.58275 0.04826038159371493 0.0695
0 0.294238683127572 0.568 0.06023194912083801 0.073
0 0.3335203890759446 0.63825 0.05723905723905724 0.0765
0 0.3771043771043771 0.683 0.06210250654695099 0.073
0 0.2454171343060232 0.61775 0.05910961466517022 0.0585
0 0.2343808454919566 0.4975 0.06247661803217359 0.064
0 0.20613542835765059 0.56375 0.048634493078937524 0.0785
0 0.17919940142162363 0.6305 0.06584362139917696 0.074
0 0.2719790497568275 0.682 0.05387205387205387 0.078
0 0.3221099887766554 0.72275 0.055368499812944255 0.0845
0 0.3875794986906098 0.7775 0.058361391694725026 0.081
0 0.4401421623643846 0.6805 0.0512532734754957 0.065
0 0.48166853722409275 0.641 0.056490834268612046 0.075
0 0.5306771417882529 0.61825 0.05499438832772166 0.0795
0 0.5273101384212495 0.51475 0.0512532734754957 0.0725
0 0.5819304152637486 0.3875 0.050505050505050504 0.065
0 0.632996632996633 0.3725 0.04638982416760194 0.067
0 0.6657313879536102 0.35925 0.04526748971193416 0.0695
0 0.675645342312009 0.4255 0.04788627010849233 0.067
0 0.6328095772540216 0.44425 0.053497942386831275 0.0605
0 0.5895997007108118 0.4505 0.04564160119715675 0.062
0 0.6290684624017957 0.49775 0.04377104377104377 0.0705
0 0.5699588477366255 0.5035 0.046763935652824544 0.072
0 0.5664047886270108 0.569 0.0508791619902731 0.07
0 0.6060606060606061 0.55375 0.04339693228582117 0.0605
0 0.5985783763561542 0.62125 0.05013093901982791 0.0745
0 0.5480733258511036 0.69025 0.052375607931163484 0.0775
0 0.644968200523756 0.6775 0.05611672278338945 0.064
0 0.48484848484848486 0.712 0.05387205387205387 0.081
0 0.4401421623643846 0.74825 0.05574261129816686 0.0895
0 0.4940142162364385 0.78725 0.06023194912083801 0.0765
0 0.5349794238683128 0.7585 0.0508791619902731 0.077
0 0.4889637111859334 0.8815 0.05761316872427984 0.082
0 0.5864197530864198 0.782 0.053497942386831275 0.075
0 0.5952113729891507 0.6985 0.04938271604938271 0.075
0 0.6445940890385334 0.74825 0.05387205387205387 0.0735
