0 0.11290322580645161 0.5605 0.0622655663915979 0.079
0 0.16616654163540887 0.565 0.06301575393848462 0.082
0 0.18510877719429858 0.63075 0.06639159789947487 0.0705
0 0.26669167291822954 0.61325 0.05251312828207052 0.0685
0 0.3015753938484621 0.582 0.05701425356339085 0.075
0 0.25300075018754686 0.55175 0.061890472618154536 0.0535
0 0.3480870217554389 0.615 0.0555138784696174 0.055
0 0.36384096024006 0.58125 0.06001500375093773 0.0675
0 0.3741560390097524 0.71725 0.06264066016504126 0.0655
0 0.4409227306826707 0.65325 0.05588897224306077 0.0735
0 0.4739309827456864 0.69825 0.06339084771192798 0.0535
0 0.4932483120780195 0.72475 0.03975993998499625 0.0555
0 0.5007501875468867 0.63675 0.04801200300075019 0.0735
0 0.517066766691673 0.56625 0.05438859714928732 0.0805
0 0.5185671417854464 0.49475 0.061890472618154536 0.0765
0 0.4576144036009002 0.519 0.0555138784696174 0.091
0 0.450112528132033 0.56525 0.05476369092273068 0.0595
0 0.382033008252063 0.53775 0.059639909977494375 0.0785
0 0.32801950487621906 0.519 0.055138784696174045 0.073
0 0.24924981245311328 0.50975 0.0641410352588147 0.0735
0 0.16804201050262565 0.4875 0.06301575393848462 0.079
0 0.10071267816954238 0.48125 0.06564141035258815 0.0855
0 0.1380345086271568 0.40475 0.06526631657914479 0.0885
0 0.19973743435858965 0.36175 0.06264066016504126 0.0855
0 0.22018004501125282 0.4425 0.072768192048012 0.087
0 0.26106526631657917 0.37175 0.06826706676669167 0.0925
0 0.29444861215303825 0.456 0.06151537884471118 0.083
0 0.36440360090022506 0.46175 0.05888972243060765 0.0775
0 0.34077269317329334 0.3765 0.06339084771192798 0.072
0 0.4013503375843961 0.40275 0.05926481620405101 0.0845
0 0.4752438109527382 0.44125 0.06601650412603151 0.0785
0 0.48799699924981244 0.37175 0.06526631657914479 0.0845
0 0.5354463615903976 0.417 0.061140285071267814 0.086
0 0.472993248312078 0.26875 0.07051762940735183 0.0915
0 0.5013128282070518 0.19175 0.07314328582145536 0.0915
0 0.4253563390847712 0.1925 0.0690172543135784 0.105
0 0.3666541635408852 0.20825 0.06789197299324831 0.1025
0 0.3647786946736684 0.30725 0.06864216054013503 0.0935
0 0.29857464366091524 0.30875 0.06976744186046512 0.0875
0 0.23049512378094525 0.2855 0.06639159789947487 0.093
0 0.27063015753938485 0.2025 0.07239309827456865 0.105
0 0.3825956489122281 0.097 0.07426856714178545 0.109
0 0.4609902475618905 0.10125 0.0690172543135784 0.1045
0 0.8741560390097525 0.36275 0.07914478619654913 0.0835
0 0.818642160540135 0.32 0.07539384846211553 0.087
0 0.7331207801950488 0.2715 0.0671417854463616 0.108
0 0.6567891972993248 0.273 0.06601650412603151 0.09
0 0.6219054763690923 0.21375 0.07051762940735183 0.1095
0 0.5527006751687922 0.1055 0.06789197299324831 0.119
0 0.56807951987997 0.2785 0.07464366091522881 0.096
0 0.5888972243060765 0.3585 0.06451612903225806 0.087
0 0.6539759939984996 0.36225 0.0671417854463616 0.0905
0 0.7361215303825956 0.3655 0.06939234808702176 0.091
0 0.790510127531883 0.40125 0.055138784696174045 0.0625
0 0.817516879219805 0.42625 0.05888972243060765 0.0785
0 0.8824081020255063 0.492 0.05888972243060765 0.075
0 0.863278319579895 0.5615 0.059639909977494375 0.068
0 0.817516879219805 0.51625 0.061140285071267814 0.0785
0 0.7533758439609902 0.4575 0.06264066016504126 0.067
0 0.7036759189797449 0.4555 0.06451612903225806 0.082
0 0.6500375093773444 0.4705 0.06601650412603151 0.083
0 0.5825206301575394 0.4595 0.06376594148537135 0.079
0 0.5868342085521381 0.52175 0.056639159789947484 0.0635
0 0.5521380345086272 0.6105 0.05476369092273068 0.068
0 0.604463615903976 0.5985 0.05588897224306077 0.07
0 0.6633533383345837 0.5545 0.05813953488372093 0.073
0 0.745311327831958 0.54825 0.06001500375093773 0.0735
0 0.8857839459864967 0.6725 0.055138784696174045 0.075
0 0.8328957239309828 0.633 0.055138784696174045 0.076
0 0.7942610652663166 0.585 0.0603900975243811 0.07
0 0.7903225806451613 0.6795 0.04801200300075019 0.061
0 0.7541260315078769 0.63375 0.05588897224306077 0.0695
0 0.700675168792198 0.5955 0.05926481620405101 0.061
0 0.6438484621155289 0.63 0.05138784696174044 0.064
0 0.5928357089272318 0.65975 0.059639909977494375 0.0645
0 0.5423855963990998 0.69125 0.0555138784696174 0.0715
0 0.6378469617404351 0.68075 0.052138034508627154 0.0595
0 0.687171792948237 0.71425 0.056264066016504126 0.0675
0 0.7419354838709677 0.72225 0.04576144036009002 0.0635
0 0.8190172543135784 0.72925 0.05813953488372093 0.0635
0 0.6999249812453113 0.6575 0.06301575393848462 0.073
