0 0.12678169542385595 0.43125 0.028507126781695424 0.0455
0 0.168417104276069 0.364 0.03825956489122281 0.046
0 0.18735933983495873 0.39775 0.03488372093023256 0.0415
0 0.17160540135033758 0.439 0.03188297074268567 0.047
0 0.1704801200300075 0.47925 0.03788447111777944 0.0425
0 0.18735933983495873 0.515 0.034133533383345835 0.054
0 0.21474118529632408 0.4725 0.03338334583645911 0.044
0 0.19954988747186797 0.427 0.035258814703675916 0.043
0 0.23668417104276068 0.52975 0.0345086271567892 0.0545
0 0.2691297824456114 0.49775 0.028132033008252063 0.0505
0 0.27063015753938485 0.55025 0.01387846961740435 0.0375
0 0.2880720180045011 0.54425 0.030007501875468866 0.0485
0 0.1933608402100525 0.33 0.041635408852213056 0.049
0 0.18979744936234058 0.22425 0.03600900225056264 0.0525
0 0.21867966991747936 0.1845 0.037509377344336084 0.051
0 0.2233683420855214 0.22625 0.04013503375843961 0.0515
0 0.2623780945236309 0.17975 0.034133533383345835 0.0545
0 0.22093023255813954 0.29925 0.033008252063015754 0.0525
0 0.21530382595648911 0.37575 0.04351087771942986 0.0465
0 0.24737434358589647 0.3975 0.038634658664666165 0.047
0 0.2423105776444111 0.42925 0.037509377344336084 0.0425
0 0.2710052513128282 0.4385 0.037134283570892726 0.052
0 0.24643660915228807 0.336 0.04051012753188297 0.051
0 0.26669167291822954 0.313 0.035258814703675916 0.049
0 0.27550637659414856 0.25475 0.036384096024006 0.0535
0 0.3023255813953488 0.20375 0.029257314328582147 0.0505
0 0.32389347336834207 0.166 0.03113278319579895 0.045
0 0.3388972243060765 0.1155 0.03338334583645911 0.05
0 0.36627906976744184 0.111 0.03338334583645911 0.055
0 0.38915978994748684 0.11575 0.038634658664666165 0.0565
0 0.349774943735934 0.15725 0.03938484621155289 0.0475
0 0.3283945986496624 0.20975 0.037134283570892726 0.0505
0 0.32558139534883723 0.25325 0.03150787696924231 0.0505
0 0.3522130532633158 0.2485 0.03675918979744936 0.048
0 0.2972618154538635 0.2955 0.036384096024006 0.047
0 0.3304576144036009 0.30225 0.03675918979744936 0.0565
0 0.2830082520630158 0.35925 0.03563390847711928 0.0465
0 0.30626406601650413 0.34725 0.038634658664666165 0.0455
0 0.30513878469617406 0.40175 0.03788447111777944 0.0435
0 0.30870217554388596 0.47025 0.042010502625656414 0.0455
0 0.34039759939985 0.413 0.03488372093023256 0.049
0 0.3418979744936234 0.4755 0.034133533383345835 0.053
0 0.3150787696924231 0.509 0.03375843960990248 0.046
0 0.31807951987997 0.59125 0.0345086271567892 0.0445
0 0.37134283570892723 0.57275 0.030007501875468866 0.0405
0 0.3563390847711928 0.53475 0.030007501875468866 0.0485
0 0.3782820705176294 0.54575 0.034133533383345835 0.0485
0 0.39891222805701426 0.5975 0.03563390847711928 0.049
0 0.4144786196549137 0.55875 0.03375843960990248 0.0465
0 0.39984996249062266 0.517 0.04051012753188297 0.047
0 0.3687171792948237 0.496 0.03675918979744936 0.048
0 0.390847711927982 0.47 0.03675918979744936 0.049
0 0.4309827456864216 0.4745 0.03150787696924231 0.052
0 0.37396849212303074 0.43825 0.03675918979744936 0.0505
0 0.3857839459864966 0.39725 0.04013503375843961 0.0435
0 0.42179294823705926 0.4185 0.036384096024006 0.044
0 0.45067516879219804 0.4255 0.029632408102025505 0.051
0 0.4609902475618905 0.47025 0.03225806451612903 0.0485
0 0.49193548387096775 0.4365 0.03788447111777944 0.051
0 0.44373593398349587 0.51225 0.037509377344336084 0.0425
0 0.4339834958739685 0.6245 0.037509377344336084 0.049
0 0.4602400600150037 0.59375 0.0345086271567892 0.0455
0 0.48537134283570893 0.63475 0.03375843960990248 0.0485
0 0.4939984996249062 0.58 0.033008252063015754 0.048
0 0.4703675918979745 0.54975 0.03825956489122281 0.0425
0 0.4943735933983496 0.51825 0.03675918979744936 0.0445
0 0.5028132033008252 0.477 0.037134283570892726 0.047
0 0.5311327831957989 0.4655 0.03675918979744936 0.055
0 0.5307576894223556 0.502 0.037509377344336084 0.046
0 0.5264441110277569 0.5505 0.03938484621155289 0.045
0 0.5191297824456114 0.6135 0.03600900225056264 0.039
0 0.5168792198049512 0.65425 0.03975993998499625 0.0455
0 0.3600900225056264 0.351 0.03150787696924231 0.049
0 0.390847711927982 0.36325 0.03975993998499625 0.0435
0 0.3803450862715679 0.3115 0.03825956489122281 0.06
0 0.37978244561140284 0.2165 0.03788447111777944 0.05
0 0.3945986496624156 0.17425 0.0345086271567892 0.0535
0 0.42591897974493625 0.16625 0.041635408852213056 0.0535
0 0.43792198049512376 0.1115 0.041635408852213056 0.053
0 0.4656789197299325 0.192 0.036384096024006 0.055
0 0.42685671417854465 0.22925 0.03675918979744936 0.0555
0 0.4045386346586647 0.272 0.038634658664666165 0.055
0 0.43529632408102026 0.28125 0.034133533383345835 0.0555
0 0.4172918229557389 0.32425 0.03938484621155289 0.0485
0 0.422543135783946 0.382 0.03788447111777944 0.047
0 0.45836459114778694 0.37425 0.033008252063015754 0.0525
0 0.48705926481620404 0.3855 0.03488372093023256 0.051
0 0.4568642160540135 0.33375 0.03600900225056264 0.0485
0 0.46492873218304576 0.28825 0.036384096024006 0.0575
0 0.46605401350337583 0.23875 0.037134283570892726 0.0545
0 0.495873968492123 0.232 0.03600900225056264 0.053
0 0.5105026256564141 0.15375 0.04426106526631658 0.0615
0 0.5129407351837959 0.27925 0.03488372093023256 0.0555
0 0.49568642160540133 0.32375 0.036384096024006 0.0555
0 0.5463240810202551 0.231 0.03563390847711928 0.057
0 0.5755813953488372 0.20275 0.03938484621155289 0.0515
0 0.6145911477869468 0.2045 0.036384096024006 0.057
0 0.5982745686421606 0.24175 0.04276069017254314 0.0555
0 0.5656414103525882 0.27025 0.04276069017254314 0.0585
0 0.5333833458364591 0.30825 0.04051012753188297 0.0605
0 0.5189422355588897 0.3545 0.03788447111777944 0.05
0 0.5594523630907727 0.34575 0.03788447111777944 0.0565
0 0.5903975993998499 0.312 0.03975993998499625 0.059
0 0.617966991747937 0.2795 0.038634658664666165 0.056
0 0.6594148537134283 0.25975 0.0450112528132033 0.0555
0 0.7218679669917479 0.28325 0.04388597149287322 0.0465
0 0.6762940735183796 0.3 0.042010502625656414 0.047
0 0.6370967741935484 0.31675 0.036384096024006 0.0475
0 0.6087771942985747 0.352 0.03975993998499625 0.053
0 0.5860840210052514 0.392 0.04013503375843961 0.053
0 0.5204426106526632 0.40625 0.03788447111777944 0.0555
0 0.5527006751687922 0.41525 0.03938484621155289 0.0535
0 0.5720180045011253 0.46 0.03975993998499625 0.056
0 0.5648912228057015 0.5065 0.03975993998499625 0.048
0 0.5641410352588146 0.55825 0.03825956489122281 0.0535
0 0.554576144036009 0.609 0.03938484621155289 0.044
0 0.5527006751687922 0.64375 0.034133533383345835 0.0495
0 0.5744561140285072 0.70125 0.04013503375843961 0.0475
0 0.5932108027006752 0.6585 0.03488372093023256 0.052
0 0.5926481620405101 0.59775 0.03600900225056264 0.0445
0 0.6295948987246812 0.722 0.034133533383345835 0.048
0 0.6369092273068268 0.75525 0.0277569392348087 0.0315
0 0.6599774943735934 0.73825 0.03563390847711928 0.0465
0 0.6798574643660915 0.75175 0.030382595648912228 0.0495
0 0.6297824456114028 0.672 0.0345086271567892 0.053
0 0.6646661665416355 0.685 0.037509377344336084 0.046
0 0.6997374343585896 0.69775 0.03938484621155289 0.0495
0 0.6234058514628658 0.62775 0.042010502625656414 0.0515
0 0.6605401350337584 0.64025 0.04051012753188297 0.0505
0 0.6205926481620405 0.57525 0.04088522130532633 0.0505
0 0.6558514628657164 0.60425 0.04238559639909977 0.0515
0 0.6018379594898725 0.53575 0.037134283570892726 0.0505
0 0.6010877719429858 0.489 0.037134283570892726 0.053
0 0.6335333833458364 0.388 0.037509377344336084 0.055
0 0.6153413353338335 0.43675 0.04088522130532633 0.0465
0 0.6489122280570142 0.5095 0.03900975243810953 0.048
0 0.663728432108027 0.55 0.03938484621155289 0.052
0 0.6659789947486872 0.3615 0.041635408852213056 0.051
0 0.7031132783195799 0.343 0.03938484621155289 0.051
0 0.7539384846211553 0.33225 0.04051012753188297 0.0565
0 0.7319954988747187 0.379 0.03938484621155289 0.059
0 0.6809827456864216 0.4055 0.04013503375843961 0.052
0 0.6659789947486872 0.459 0.037134283570892726 0.049
0 0.7145536384096024 0.44925 0.04051012753188297 0.0545
0 0.7575018754688673 0.42275 0.04088522130532633 0.0605
0 0.7888222055513878 0.3975 0.04276069017254314 0.052
0 0.790510127531883 0.44475 0.04088522130532633 0.0545
0 0.6980495123780945 0.51525 0.04276069017254314 0.0505
0 0.7342460615153789 0.4935 0.038634658664666165 0.054
0 0.8025131282820706 0.50075 0.04013503375843961 0.0525
0 0.736496624156039 0.53075 0.038634658664666165 0.0465
0 0.7034883720930233 0.5605 0.04238559639909977 0.047
0 0.7143660915228808 0.60875 0.04238559639909977 0.0445
0 0.7149287321830458 0.64625 0.04051012753188297 0.0495
0 0.7479369842460615 0.58225 0.04126031507876969 0.0505
0 0.7882595648912228 0.558 0.04013503375843961 0.054
0 0.7895723930982745 0.6015 0.04276069017254314 0.047
0 0.7651912978244562 0.644 0.037509377344336084 0.058
0 0.7531882970742686 0.683 0.04126031507876969 0.053
0 0.7394973743435859 0.71175 0.03563390847711928 0.0475
0 0.7321830457614403 0.78275 0.04276069017254314 0.0465
0 0.7507501875468867 0.83725 0.04013503375843961 0.0375
0 0.7835708927231808 0.80675 0.03600900225056264 0.0505
0 0.8107651912978244 0.868 0.04238559639909977 0.05
0 0.7914478619654913 0.75475 0.03975993998499625 0.0515
0 0.8145161290322581 0.8135 0.036384096024006 0.048
0 0.8308327081770442 0.7845 0.04126031507876969 0.05
0 0.7944486121530383 0.65725 0.035258814703675916 0.0555
0 0.7935108777194299 0.6935 0.03488372093023256 0.047
0 0.8325206301575394 0.6575 0.03938484621155289 0.056
0 0.8373968492123031 0.7275 0.037134283570892726 0.048
0 0.8629032258064516 0.8025 0.03788447111777944 0.048
0 0.8642160540135033 0.87075 0.037509377344336084 0.0485
0 0.8989122280570142 0.85275 0.03788447111777944 0.0475
0 0.9174793698424606 0.803 0.037509377344336084 0.052
0 0.8651537884471118 0.74625 0.038634658664666165 0.0565
0 0.9165416354088523 0.75275 0.038634658664666165 0.0515
0 0.9086646661665416 0.7205 0.050637659414853715 0.062
0 0.876781695423856 0.633 0.04013503375843961 0.061
0 0.9251687921980495 0.64325 0.043135783945986494 0.0535
0 0.8582145536384096 0.55225 0.04051012753188297 0.0525
