0 0.046511627906976744 0.47275 0.04876219054763691 0.0675
0 0.0986496624156039 0.507 0.04801200300075019 0.061
0 0.10202550637659415 0.43625 0.04576144036009002 0.0605
0 0.11346586646661666 0.37525 0.04988747186796699 0.0705
0 0.17385596399099776 0.3845 0.0536384096024006 0.073
0 0.20292573143285822 0.3445 0.05251312828207052 0.08
0 0.22936984246061515 0.31625 0.0603900975243811 0.0795
0 0.2852588147036759 0.30775 0.0536384096024006 0.0805
0 0.35783945986496624 0.21725 0.05776444111027757 0.0855
0 0.3840960240060015 0.3055 0.060765191297824456 0.076
0 0.36252813203300827 0.339 0.056639159789947484 0.08
0 0.3075768942235559 0.36075 0.05476369092273068 0.0595
0 0.3437734433608402 0.4035 0.041635408852213056 0.065
0 0.3801575393848462 0.412 0.050637659414853715 0.064
0 0.24981245311327832 0.383 0.05401350337584396 0.071
0 0.29838709677419356 0.433 0.04988747186796699 0.062
0 0.3614028507126782 0.4725 0.04688672168042011 0.06
0 0.23443360840210054 0.42275 0.05326331582895724 0.0635
0 0.2642535633908477 0.48225 0.04838709677419355 0.0655
0 0.30701425356339085 0.51725 0.0536384096024006 0.0655
0 0.17460615153788447 0.43425 0.0536384096024006 0.0555
0 0.13465866466616655 0.4895 0.05101275318829707 0.063
0 0.1896099024756189 0.489 0.052138034508627154 0.061
0 0.17273068267066766 0.538 0.04388597149287322 0.059
0 0.2108027006751688 0.5585 0.05026256564141035 0.063
0 0.13372093023255813 0.54625 0.06264066016504126 0.0555
0 0.1581020255063766 0.621 0.04838709677419355 0.053
0 0.15435108777194298 0.671 0.04838709677419355 0.054
0 0.23912228057014254 0.58725 0.04388597149287322 0.0505
0 0.2846961740435109 0.60725 0.046511627906976744 0.0545
0 0.2717554388597149 0.556 0.04838709677419355 0.06
0 0.3177044261065266 0.58 0.04951237809452363 0.061
0 0.32970742685671417 0.638 0.047261815453863466 0.058
0 0.34921230307576895 0.66125 0.046511627906976744 0.0485
0 0.39422355588897223 0.637 0.046511627906976744 0.052
0 0.3724681170292573 0.5935 0.05401350337584396 0.062
0 0.36159039759939987 0.538 0.042010502625656414 0.054
0 0.40078769692423105 0.5205 0.04988747186796699 0.057
0 0.4240435108777194 0.554 0.04388597149287322 0.056
0 0.4330457614403601 0.62725 0.041635408852213056 0.0545
0 0.4512378094523631 0.21475 0.05701425356339085 0.0855
0 0.5009377344336085 0.23975 0.05588897224306077 0.0695
0 0.5373218304576144 0.1815 0.0603900975243811 0.082
0 0.5598274568642161 0.24125 0.06489122280570142 0.0745
0 0.6114028507126782 0.19975 0.05701425356339085 0.0825
0 0.44879969992498125 0.303 0.05588897224306077 0.065
0 0.48518379594898725 0.3815 0.052138034508627154 0.074
0 0.4189797449362341 0.38 0.05926481620405101 0.079
0 0.45461365341335336 0.42775 0.051762940735183796 0.0695
0 0.505251312828207 0.45775 0.05101275318829707 0.0715
0 0.5256939234808702 0.317 0.05438859714928732 0.077
0 0.5425731432858214 0.37725 0.05288822205551388 0.0655
0 0.5920855213803451 0.3325 0.0641410352588147 0.083
0 0.6444111027756939 0.28175 0.06001500375093773 0.0835
0 0.6363465866466617 0.3475 0.05288822205551388 0.068
0 0.6451612903225806 0.401 0.04951237809452363 0.059
0 0.5935858964741185 0.42 0.05288822205551388 0.067
0 0.5538259564891223 0.4615 0.05288822205551388 0.064
0 0.6009002250562641 0.485 0.05101275318829707 0.067
0 0.5573893473368342 0.502 0.05101275318829707 0.055
0 0.5067516879219804 0.512 0.04951237809452363 0.063
0 0.4144786196549137 0.4715 0.04951237809452363 0.062
0 0.4540510127531883 0.508 0.047636909227306824 0.059
0 0.46605401350337583 0.565 0.047636909227306824 0.056
0 0.4703675918979745 0.622 0.04576144036009002 0.058
0 0.4684921230307577 0.66925 0.0450112528132033 0.0435
0 0.5213803450862715 0.65675 0.04876219054763691 0.0435
0 0.5221305326331583 0.568 0.04951237809452363 0.053
0 0.5414478619654913 0.606 0.04463615903975994 0.053
0 0.5731432858214554 0.6325 0.04576144036009002 0.05
0 0.5716429107276819 0.565 0.047261815453863466 0.059
0 0.6001500375093773 0.6075 0.05101275318829707 0.051
0 0.6237809452363091 0.649 0.051762940735183796 0.053
0 0.6723555888972244 0.67275 0.04988747186796699 0.0465
0 0.6605401350337584 0.61275 0.04876219054763691 0.0505
0 0.6175918979744937 0.56225 0.04988747186796699 0.0615
0 0.6676669167291823 0.569 0.04951237809452363 0.059
0 0.6551012753188297 0.5035 0.0536384096024006 0.057
0 0.7046136534133534 0.51175 0.047636909227306824 0.0635
0 0.713053263315829 0.55975 0.04951237809452363 0.0565
0 0.7139909977494373 0.61925 0.046136534133533386 0.0565
0 0.722993248312078 0.6935 0.04913728432108027 0.056
0 0.7715678919729932 0.69175 0.04876219054763691 0.0545
0 0.7612528132033008 0.62475 0.04388597149287322 0.0525
0 0.7650037509377344 0.57925 0.05138784696174044 0.0645
0 0.7541260315078769 0.5095 0.04838709677419355 0.06
0 0.768754688672168 0.465 0.05438859714928732 0.072
0 0.7029257314328582 0.441 0.05401350337584396 0.064
0 0.6918604651162791 0.383 0.05438859714928732 0.067
0 0.6888597149287322 0.328 0.05738934733683421 0.066
0 0.7415603900975244 0.26125 0.0690172543135784 0.0935
0 0.7421230307576894 0.314 0.05738934733683421 0.071
0 0.7479369842460615 0.37825 0.06826706676669167 0.0745
0 0.8008252063015754 0.27625 0.06376594148537135 0.0835
0 0.804013503375844 0.3515 0.05888972243060765 0.081
0 0.8162040510127532 0.417 0.051762940735183796 0.076
0 0.8171417854463616 0.47875 0.056639159789947484 0.0585
0 0.8704051012753188 0.45075 0.06489122280570142 0.0695
0 0.8885971492873218 0.357 0.07126781695423856 0.083
0 0.923668417104276 0.4205 0.06489122280570142 0.079
0 0.9572393098274569 0.4695 0.0622655663915979 0.074
0 0.9386721680420105 0.51975 0.0536384096024006 0.0555
0 0.8681545386346586 0.5295 0.0603900975243811 0.061
0 0.8218304576144037 0.57175 0.051762940735183796 0.0615
0 0.8120780195048762 0.6255 0.05401350337584396 0.053
0 0.8250187546886721 0.674 0.05138784696174044 0.052
0 0.872093023255814 0.63925 0.05776444111027757 0.0485
0 0.8816579144786196 0.585 0.055138784696174045 0.06
0 0.2931357839459865 0.6445 0.03488372093023256 0.037
