0 0.06770442610652663 0.59275 0.07614403600900226 0.1025
0 0.07108027006751688 0.672 0.07914478619654913 0.092
0 0.13465866466616655 0.50875 0.08177044261065267 0.0895
0 0.13184546136534134 0.67275 0.07764441110277569 0.0955
0 0.13278319579894973 0.7695 0.07801950487621906 0.102
0 0.18154538634658665 0.435 0.08702175543885972 0.098
0 0.1774193548387097 0.614 0.08402100525131283 0.107
0 0.22186796699174793 0.70825 0.08514628657164292 0.0875
0 0.18079519879969994 0.88925 0.08252063015753938 0.0955
0 0.2614403600900225 0.87125 0.08777194298574643 0.0955
0 0.29763690922730685 0.71575 0.07764441110277569 0.1025
0 0.2719429857464366 0.63825 0.07501875468867217 0.0925
0 0.25825206301575393 0.54275 0.07239309827456865 0.0985
0 0.2576894223555889 0.42075 0.08252063015753938 0.1095
0 0.3025131282820705 0.29725 0.09339834958739685 0.0995
0 0.3304576144036009 0.43875 0.08027006751687922 0.1125
0 0.3507126781695424 0.541 0.07201800450112528 0.114
0 0.34264816204051013 0.64825 0.07764441110277569 0.0955
0 0.3754688672168042 0.74725 0.07801950487621906 0.0945
0 0.36609152288072017 0.85025 0.07801950487621906 0.1145
0 0.43135783945986494 0.82725 0.06676669167291822 0.1055
0 0.44486121530382594 0.70625 0.08402100525131283 0.1095
0 0.4234808702175544 0.579 0.08252063015753938 0.11
0 0.41016504126031506 0.4795 0.08364591147786947 0.102
0 0.3915978994748687 0.3375 0.08027006751687922 0.103
0 0.3929107276819205 0.23475 0.08439609902475619 0.1065
0 0.4587396849212303 0.324 0.08702175543885972 0.117
0 0.4773068267066767 0.4225 0.07539384846211553 0.113
0 0.48518379594898725 0.5185 0.08139534883720931 0.087
0 0.5120030007501876 0.7115 0.08627156789197299 0.109
0 0.5448237059264817 0.60525 0.06789197299324831 0.1035
0 0.5607651912978244 0.466 0.08027006751687922 0.106
0 0.5376969242310577 0.35425 0.07389347336834208 0.1085
0 0.5114403600900225 0.20925 0.08889722430607652 0.1185
0 0.6586646661665416 0.1685 0.09827456864216054 0.137
0 0.5832708177044261 0.2645 0.07201800450112528 0.11
0 0.677231807951988 0.283 0.08889722430607652 0.124
0 0.632033008252063 0.37825 0.08627156789197299 0.0985
0 0.6528507126781695 0.4575 0.08064516129032258 0.11
0 0.6042760690172543 0.54325 0.08402100525131283 0.1015
0 0.5806451612903226 0.6775 0.07126781695423856 0.125
0 0.5590772693173294 0.78 0.08139534883720931 0.108
0 0.7612528132033008 0.195 0.09489872468117029 0.13
0 0.7618154538634658 0.316 0.08177044261065267 0.104
0 0.7507501875468867 0.4225 0.09114778694673668 0.096
0 0.690735183795949 0.54075 0.08214553638409602 0.1065
0 0.6506001500375094 0.61875 0.07464366091522881 0.0975
0 0.6524756189047262 0.722 0.08439609902475619 0.094
0 0.6322205551387847 0.82425 0.08514628657164292 0.1055
0 0.8259564891222806 0.24375 0.06826706676669167 0.1165
0 0.8368342085521381 0.43025 0.07651912978244561 0.1075
0 0.777006751687922 0.53675 0.07764441110277569 0.0985
0 0.7424981245311327 0.62675 0.07314328582145536 0.1065
0 0.7327456864216054 0.7495 0.07689422355588897 0.111
0 0.7115528882220555 0.8485 0.07876969242310577 0.107
0 0.8520255063765941 0.511 0.07539384846211553 0.11
0 0.8100150037509377 0.62775 0.07614403600900226 0.1045
0 0.8006376594148538 0.72925 0.07614403600900226 0.1085
0 0.7779444861215303 0.84125 0.08102025506376594 0.1115
0 0.8989122280570142 0.6095 0.07014253563390847 0.106
0 0.8906601650412603 0.724 0.08064516129032258 0.105
0 0.8475243810952738 0.80225 0.08139534883720931 0.1055
