0 0.1329707426856714 0.361 0.024381095273818456 0.036
0 0.15453863465866466 0.3865 0.021005251312828207 0.04
0 0.17385596399099776 0.39275 0.019879969992498126 0.0335
0 0.17760690172543137 0.3525 0.023630907726931733 0.034
0 0.21624156039009754 0.323 0.01837959489872468 0.038
0 0.1858589647411853 0.41375 0.02213053263315829 0.0245
0 0.2704426106526632 0.322 0.01800450112528132 0.025
0 0.286384096024006 0.33375 0.028882220555138786 0.0325
0 0.25731432858214554 0.36 0.0277569392348087 0.03
0 0.25618904726181546 0.37375 0.025506376594148537 0.0235
0 0.2404351087771943 0.40525 0.02250562640660165 0.0395
0 0.25450112528132035 0.39875 0.024381095273818456 0.0365
0 0.30026256564141035 0.35525 0.028882220555138786 0.0375
0 0.2738184546136534 0.41275 0.016504126031507877 0.0215
0 0.2914478619654914 0.41575 0.02700675168792198 0.0345
0 0.14328582145536384 0.46225 0.02175543885971493 0.0285
0 0.18192048012003 0.45125 0.02250562640660165 0.0345
0 0.1791072768192048 0.482 0.02663165791447862 0.03
0 0.17629407351837958 0.5015 0.02175543885971493 0.034
0 0.20142535633908476 0.44275 0.023255813953488372 0.0395
0 0.2192423105776444 0.45925 0.020630157539384845 0.0405
0 0.2061140285071268 0.47375 0.01387846961740435 0.0345
0 0.2203675918979745 0.47975 0.02738184546136534 0.0305
0 0.20648912228057015 0.5025 0.023630907726931733 0.029
0 0.24193548387096775 0.49275 0.025506376594148537 0.0355
0 0.25993998499624904 0.4495 0.030007501875468866 0.034
0 0.2846961740435109 0.46575 0.02700675168792198 0.0335
0 0.27719429857464367 0.485 0.025506376594148537 0.032
0 0.2126781695423856 0.529 0.02250562640660165 0.039
0 0.19242310577644411 0.55325 0.02250562640660165 0.0325
0 0.22374343585896475 0.552 0.02213053263315829 0.027
0 0.24399849962490622 0.53825 0.023630907726931733 0.0345
0 0.17891972993248312 0.613 0.024006001500375095 0.031
0 0.195423855963991 0.64725 0.024756189047261814 0.0325
0 0.21905476369092272 0.59475 0.021005251312828207 0.0325
0 0.22918229557389347 0.58775 0.024006001500375095 0.0345
0 0.23424606151537886 0.612 0.023630907726931733 0.028
0 0.2576894223555889 0.6005 0.02625656414103526 0.035
0 0.28019504876219054 0.6065 0.03075768942235559 0.039
0 0.26106526631657917 0.56425 0.028507126781695424 0.0355
0 0.26987996999249814 0.54225 0.02663165791447862 0.0375
0 0.29838709677419356 0.52975 0.025131282820705175 0.0315
0 0.31470367591897974 0.5375 0.02700675168792198 0.032
0 0.2946361590397599 0.5625 0.025881470367591898 0.031
0 0.31451612903225806 0.493 0.030382595648912228 0.034
0 0.32295573893473367 0.5705 0.018754688672168042 0.036
0 0.340960240060015 0.581 0.024756189047261814 0.033
0 0.23105776444111029 0.67175 0.019504876219054765 0.0295
0 0.24099774943735933 0.70725 0.020630157539384845 0.0275
0 0.24812453113278318 0.73425 0.024381095273818456 0.0295
0 0.2685671417854464 0.72675 0.024006001500375095 0.0305
0 0.259377344336084 0.65275 0.02288072018004501 0.0285
0 0.2668792198049512 0.66825 0.02663165791447862 0.0255
0 0.29444861215303825 0.676 0.02625656414103526 0.027
0 0.3148912228057014 0.693 0.02738184546136534 0.032
0 0.29669917479369845 0.645 0.024756189047261814 0.031
0 0.3148912228057014 0.621 0.02138034508627157 0.03
0 0.3310202550637659 0.6185 0.029632408102025505 0.03
0 0.3313953488372093 0.64925 0.02663165791447862 0.0335
0 0.31207801950487624 0.746 0.024006001500375095 0.038
0 0.3210802700675169 0.79875 0.02625656414103526 0.0295
0 0.3486496624156039 0.805 0.02138034508627157 0.034
0 0.3278319579894974 0.71675 0.021005251312828207 0.0355
0 0.34602400600150035 0.7135 0.025881470367591898 0.033
0 0.3657164291072768 0.664 0.02625656414103526 0.03
0 0.34171042760690173 0.748 0.021005251312828207 0.024
0 0.34902475618904727 0.77975 0.02288072018004501 0.0305
0 0.3548387096774194 0.76325 0.025506376594148537 0.0285
0 0.3659039759939985 0.78175 0.02738184546136534 0.0335
0 0.3792198049512378 0.806 0.01800450112528132 0.03
0 0.3724681170292573 0.843 0.02250562640660165 0.032
0 0.3825956489122281 0.75875 0.03075768942235559 0.0285
0 0.37884471117779445 0.7155 0.021005251312828207 0.036
0 0.36534133533383345 0.61925 0.02700675168792198 0.0345
0 0.3840960240060015 0.645 0.023255813953488372 0.038
0 0.3659039759939985 0.58025 0.028132033008252063 0.0305
0 0.34077269317329334 0.55325 0.028882220555138786 0.0345
0 0.37528132033008255 0.5445 0.03188297074268567 0.031
0 0.31882970742685673 0.38825 0.028507126781695424 0.0425
0 0.31976744186046513 0.412 0.025881470367591898 0.027
0 0.322768192048012 0.441 0.019879969992498126 0.044
0 0.34602400600150035 0.46975 0.028882220555138786 0.0405
0 0.3537134283570893 0.4585 0.0277569392348087 0.045
0 0.3480870217554389 0.40075 0.02700675168792198 0.0435
0 0.3690922730682671 0.426 0.02700675168792198 0.039
0 0.3448987246811703 0.50725 0.023630907726931733 0.0385
0 0.36384096024006 0.51075 0.03075768942235559 0.0315
0 0.37790697674418605 0.48675 0.03113278319579895 0.0395
0 0.33289572393098277 0.32975 0.023630907726931733 0.0435
0 0.3480870217554389 0.3205 0.030007501875468866 0.045
0 0.3600900225056264 0.34875 0.028507126781695424 0.0335
0 0.3833458364591148 0.34975 0.024756189047261814 0.0445
0 0.38653413353338334 0.37625 0.028132033008252063 0.0345
0 0.41522880720180044 0.3125 0.024006001500375095 0.043
0 0.41766691672918227 0.36775 0.028882220555138786 0.0395
0 0.4426106526631658 0.387 0.0277569392348087 0.043
0 0.4099774943735934 0.442 0.03075768942235559 0.037
0 0.43942235558889725 0.45325 0.02663165791447862 0.0345
0 0.45723930982745686 0.418 0.0345086271567892 0.033
0 0.4795573893473368 0.43825 0.032633158289572396 0.0395
0 0.4711177794448612 0.39 0.03225806451612903 0.044
0 0.47074268567141786 0.34375 0.03375843960990248 0.0425
0 0.5063765941485371 0.36725 0.030007501875468866 0.0465
0 0.5258814703675919 0.336 0.03075768942235559 0.042
0 0.5562640660165041 0.342 0.028507126781695424 0.035
0 0.5403225806451613 0.402 0.02738184546136534 0.044
0 0.5178169542385597 0.42725 0.03113278319579895 0.0435
0 0.40341335333833456 0.50825 0.028132033008252063 0.0375
0 0.42104276069017255 0.502 0.028132033008252063 0.035
0 0.45161290322580644 0.484 0.0277569392348087 0.038
0 0.4720555138784696 0.4745 0.03338334583645911 0.04
0 0.5063765941485371 0.47775 0.03075768942235559 0.0375
0 0.5343210802700675 0.45675 0.030382595648912228 0.0425
0 0.5371342835708928 0.48775 0.03075768942235559 0.0345
0 0.45573893473368343 0.507 0.03075768942235559 0.031
0 0.4298574643660915 0.531 0.02625656414103526 0.031
0 0.409039759939985 0.579 0.02663165791447862 0.034
0 0.3951612903225806 0.61725 0.030382595648912228 0.0305
0 0.4465491372843211 0.563 0.03338334583645911 0.031
0 0.4694298574643661 0.547 0.030382595648912228 0.033
0 0.48199549887471865 0.52375 0.0277569392348087 0.0375
0 0.5075018754688673 0.51375 0.03225806451612903 0.0345
0 0.5123780945236309 0.5435 0.03075768942235559 0.036
0 0.5395723930982745 0.52725 0.03113278319579895 0.0415
0 0.5652663165791448 0.48575 0.03150787696924231 0.0325
0 0.572768192048012 0.52625 0.03375843960990248 0.0375
0 0.4197299324831208 0.6355 0.02175543885971493 0.039
0 0.4476744186046512 0.6265 0.030382595648912228 0.027
0 0.4866841710427607 0.5905 0.028882220555138786 0.031
0 0.5161290322580645 0.59 0.030007501875468866 0.032
0 0.5429482370592649 0.56675 0.03188297074268567 0.0335
0 0.5772693173293323 0.573 0.029257314328582147 0.039
0 0.5393848462115529 0.61525 0.03225806451612903 0.0355
0 0.567516879219805 0.611 0.033008252063015754 0.037
0 0.4836834208552138 0.6245 0.02213053263315829 0.031
0 0.5041260315078769 0.627 0.0277569392348087 0.039
0 0.530570142535634 0.64425 0.02738184546136534 0.0355
0 0.5581395348837209 0.653 0.030007501875468866 0.044
0 0.5885221305326331 0.64625 0.03075768942235559 0.0375
0 0.4409227306826707 0.6675 0.03488372093023256 0.026
0 0.3876594148537134 0.67225 0.023630907726931733 0.0335
0 0.40097524381095273 0.69275 0.03150787696924231 0.0285
0 0.47261815453863465 0.67925 0.028507126781695424 0.0375
0 0.43942235558889725 0.70825 0.03113278319579895 0.0365
0 0.4643660915228807 0.70425 0.029257314328582147 0.0315
0 0.4206676669167292 0.736 0.024381095273818456 0.03
0 0.436046511627907 0.75175 0.03188297074268567 0.0325
0 0.48612153038259565 0.746 0.030007501875468866 0.04
0 0.5069392348087022 0.6735 0.028882220555138786 0.03
0 0.4990622655663916 0.69725 0.025881470367591898 0.0345
0 0.5264441110277569 0.70825 0.029632408102025505 0.0325
0 0.5388222055513878 0.68425 0.03113278319579895 0.0355
0 0.5598274568642161 0.709 0.028132033008252063 0.034
0 0.5785821455363841 0.71125 0.030382595648912228 0.0395
0 0.5905851462865717 0.685 0.03338334583645911 0.043
0 0.41147786946736686 0.79175 0.02700675168792198 0.0335
0 0.39572393098274566 0.81475 0.025506376594148537 0.0295
0 0.396099024756189 0.84025 0.029257314328582147 0.0235
0 0.3983495873968492 0.8915 0.03075768942235559 0.026
0 0.4216054013503376 0.84475 0.024006001500375095 0.0355
0 0.44298574643660915 0.85575 0.033008252063015754 0.0275
0 0.445986496624156 0.84025 0.024756189047261814 0.0305
0 0.43885971492873216 0.7955 0.0277569392348087 0.029
0 0.46230307576894225 0.81275 0.028132033008252063 0.0295
0 0.4617404351087772 0.7855 0.02625656414103526 0.033
0 0.48799699924981244 0.7915 0.02625656414103526 0.035
0 0.4846211552888222 0.8475 0.0277569392348087 0.033
0 0.46811702925731435 0.87775 0.0277569392348087 0.0245
0 0.4561140285071268 0.90525 0.024006001500375095 0.0365
0 0.5018754688672168 0.8795 0.028507126781695424 0.025
0 0.508252063015754 0.8325 0.024756189047261814 0.034
0 0.5026256564141035 0.853 0.023255813953488372 0.028
0 0.531695423855964 0.853 0.024381095273818456 0.024
0 0.5157539384846211 0.794 0.03075768942235559 0.034
0 0.5213803450862715 0.774 0.0277569392348087 0.031
0 0.5465116279069767 0.76725 0.03225806451612903 0.0305
0 0.5463240810202551 0.78575 0.028882220555138786 0.0275
0 0.5549512378094523 0.803 0.025131282820705175 0.03
0 0.5390097524381096 0.82025 0.02250562640660165 0.0265
0 0.5710802700675168 0.75075 0.03113278319579895 0.0345
0 0.5744561140285072 0.8105 0.029632408102025505 0.029
0 0.5573893473368342 0.848 0.0277569392348087 0.029
0 0.5673293323330832 0.87825 0.02663165791447862 0.0315
0 0.5783945986496624 0.835 0.02700675168792198 0.029
0 0.5947111777944486 0.82525 0.028132033008252063 0.0315
0 0.6172168042010503 0.82 0.028882220555138786 0.035
0 0.6354088522130532 0.84675 0.029257314328582147 0.0265
0 0.6522880720180045 0.80175 0.03150787696924231 0.0335
0 0.6635408852213053 0.82275 0.025506376594148537 0.0265
0 0.6746061515378845 0.7875 0.032633158289572396 0.039
0 0.6791072768192048 0.81025 0.030382595648912228 0.0325
0 0.6986121530382595 0.79475 0.02738184546136534 0.0405
0 0.7168042010502625 0.8315 0.024006001500375095 0.036
0 0.6207801950487621 0.77325 0.03225806451612903 0.0385
0 0.5977119279819955 0.765 0.024381095273818456 0.035
0 0.6245311327831958 0.73075 0.037509377344336084 0.0295
0 0.6506001500375094 0.7455 0.023630907726931733 0.037
0 0.6260315078769693 0.69825 0.03150787696924231 0.0395
0 0.6504126031507877 0.711 0.029257314328582147 0.035
0 0.6742310577644411 0.70975 0.037134283570892726 0.0405
0 0.7034883720930233 0.72225 0.04013503375843961 0.0365
0 0.7102400600150037 0.748 0.034133533383345835 0.032
0 0.7381845461365342 0.769 0.03225806451612903 0.034
0 0.6181545386346586 0.65975 0.03225806451612903 0.0405
0 0.6498499624906227 0.66375 0.03188297074268567 0.0345
0 0.681357839459865 0.66025 0.032633158289572396 0.0375
0 0.722993248312078 0.66125 0.03188297074268567 0.0375
0 0.7351837959489872 0.68925 0.03600900225056264 0.0345
0 0.6564141035258815 0.631 0.0345086271567892 0.041
0 0.6890472618154538 0.62375 0.03600900225056264 0.0365
0 0.6095273818454614 0.5885 0.03225806451612903 0.033
0 0.613278319579895 0.5555 0.03375843960990248 0.037
0 0.6009002250562641 0.518 0.033008252063015754 0.04
0 0.5918979744936234 0.47575 0.03075768942235559 0.0445
0 0.5782070517629407 0.42725 0.03488372093023256 0.0415
0 0.5658289572393098 0.39325 0.03338334583645911 0.0455
0 0.5797074268567142 0.339 0.030382595648912228 0.043
0 0.608589647411853 0.33075 0.03488372093023256 0.0485
0 0.6100900225056264 0.378 0.03563390847711928 0.046
0 0.6175918979744937 0.4365 0.034133533383345835 0.042
0 0.6376594148537135 0.43075 0.03225806451612903 0.0395
0 0.6796699174793699 0.42125 0.03675918979744936 0.0355
0 0.6648537134283571 0.38275 0.03338334583645911 0.0475
0 0.6890472618154538 0.367 0.04126031507876969 0.045
0 0.7145536384096024 0.40325 0.04276069017254314 0.0465
0 0.7331207801950488 0.4335 0.03938484621155289 0.046
0 0.6331582895723931 0.48225 0.03600900225056264 0.0435
0 0.6622280570142536 0.5065 0.02738184546136534 0.042
0 0.6864216054013503 0.49325 0.03975993998499625 0.0435
0 0.7252438109527382 0.488 0.03113278319579895 0.039
0 0.6896099024756189 0.5255 0.028882220555138786 0.045
0 0.718304576144036 0.535 0.03225806451612903 0.045
0 0.7484996249062266 0.54625 0.03488372093023256 0.0425
0 0.6487246811702926 0.53725 0.036384096024006 0.0405
0 0.6464741185296324 0.5875 0.03563390847711928 0.04
0 0.6881095273818455 0.57425 0.03488372093023256 0.0415
0 0.7158664666166542 0.56725 0.03338334583645911 0.0385
0 0.7291822955738935 0.60975 0.03375843960990248 0.0455
0 0.7484996249062266 0.64275 0.037134283570892726 0.0375
0 0.7614403600900225 0.67825 0.03600900225056264 0.0345
0 0.764066016504126 0.626 0.03600900225056264 0.04
0 0.7968867216804201 0.6355 0.034133533383345835 0.04
0 0.7972618154538634 0.67275 0.038634658664666165 0.0425
0 0.7936984246061516 0.72625 0.033008252063015754 0.0425
0 0.7803825956489122 0.7485 0.03188297074268567 0.037
0 0.7475618904726181 0.73475 0.033008252063015754 0.0375
0 0.8306451612903226 0.7305 0.036384096024006 0.039
0 0.8454613653413353 0.759 0.03825956489122281 0.035
0 0.8582145536384096 0.70525 0.03675918979744936 0.0355
0 0.8602775693923481 0.664 0.04013503375843961 0.033
0 0.8229557389347337 0.66125 0.03075768942235559 0.0425
0 0.8323330832708177 0.6195 0.028507126781695424 0.04
0 0.8612153038259565 0.60325 0.03975993998499625 0.0435
0 0.7916354088522131 0.56875 0.038634658664666165 0.0405
0 0.8043885971492873 0.53525 0.036384096024006 0.0395
0 0.8261440360090022 0.558 0.03488372093023256 0.044
0 0.8471492873218305 0.49375 0.041635408852213056 0.0395
0 0.7901350337584396 0.4555 0.03788447111777944 0.047
0 0.8103900975243811 0.47925 0.034133533383345835 0.0435
