0 0.15397599399849962 0.53175 0.028132033008252063 0.0395
0 0.16354088522130533 0.57325 0.030007501875468866 0.0375
0 0.17760690172543137 0.59025 0.02663165791447862 0.0455
0 0.14891222805701426 0.6175 0.028507126781695424 0.042
0 0.17123030757689423 0.633 0.03338334583645911 0.041
0 0.14347336834208552 0.655 0.03488372093023256 0.043
0 0.11234058514628657 0.65175 0.025131282820705175 0.0395
0 0.1447861965491373 0.72225 0.020255063765941484 0.0465
0 0.16485371342835708 0.73225 0.02663165791447862 0.0395
0 0.19711177794448612 0.729 0.028882220555138786 0.044
0 0.16072768192048012 0.772 0.029632408102025505 0.038
0 0.17329332333083272 0.809 0.025506376594148537 0.043
0 0.2098649662415604 0.76975 0.02738184546136534 0.0425
0 0.20255063765941486 0.79075 0.024006001500375095 0.0345
0 0.2584396099024756 0.765 0.03375843960990248 0.044
0 0.27419354838709675 0.809 0.03075768942235559 0.038
0 0.31732933233308325 0.7895 0.0277569392348087 0.037
0 0.32614403600900227 0.75875 0.03338334583645911 0.0495
0 0.2856339084771193 0.74575 0.02738184546136534 0.0495
0 0.2835708927231808 0.7175 0.03225806451612903 0.034
0 0.3257689422355589 0.72025 0.03338334583645911 0.0385
0 0.22730682670667668 0.72375 0.025506376594148537 0.0425
0 0.2548762190547637 0.713 0.025881470367591898 0.038
0 0.24924981245311328 0.6725 0.025881470367591898 0.043
0 0.27813203300825207 0.64025 0.032633158289572396 0.0375
0 0.29257314328582146 0.66275 0.028507126781695424 0.0435
0 0.3064516129032258 0.68575 0.030007501875468866 0.0405
0 0.33383345836459116 0.668 0.037509377344336084 0.043
0 0.3278319579894974 0.6445 0.029257314328582147 0.039
0 0.3516504126031508 0.63175 0.030382595648912228 0.0435
0 0.32051762940735185 0.597 0.03113278319579895 0.043
0 0.27081770442610653 0.5955 0.029257314328582147 0.053
0 0.25056264066016504 0.6025 0.019504876219054765 0.034
0 0.2357464366091523 0.63375 0.028882220555138786 0.0425
0 0.21492873218304576 0.6235 0.02625656414103526 0.04
0 0.22355588897224307 0.57975 0.023255813953488372 0.0335
0 0.23837209302325582 0.56375 0.029632408102025505 0.0425
0 0.23012003000750186 0.52775 0.028132033008252063 0.0365
0 0.20123780945236308 0.53575 0.02663165791447862 0.0395
0 0.18473368342085522 0.48225 0.015378844711177795 0.0375
0 0.2049887471867967 0.4855 0.023630907726931733 0.038
0 0.21324081020255065 0.445 0.025881470367591898 0.031
0 0.20798949737434358 0.40625 0.02663165791447862 0.0345
0 0.23593398349587397 0.454 0.02250562640660165 0.042
0 0.23893473368342086 0.49425 0.024756189047261814 0.0325
0 0.26219054763690924 0.501 0.029257314328582147 0.031
0 0.28019504876219054 0.533 0.033008252063015754 0.035
0 0.2852588147036759 0.56125 0.029632408102025505 0.0365
0 0.27419354838709675 0.4705 0.029257314328582147 0.034
0 0.25318829707426854 0.43925 0.01800450112528132 0.0285
0 0.2719429857464366 0.436 0.02700675168792198 0.035
0 0.2865716429107277 0.4055 0.02625656414103526 0.026
0 0.2959489872468117 0.36875 0.02175543885971493 0.0325
0 0.3152663165791448 0.36175 0.023630907726931733 0.0375
0 0.31282820705176295 0.33725 0.025506376594148537 0.0275
0 0.33233308327081773 0.30675 0.03150787696924231 0.0395
0 0.35277569392348085 0.346 0.028882220555138786 0.036
0 0.34171042760690173 0.37875 0.02175543885971493 0.0385
0 0.33158289572393096 0.40425 0.025506376594148537 0.0425
0 0.31039009752438107 0.411 0.023630907726931733 0.027
0 0.30532633158289574 0.44775 0.020255063765941484 0.0385
0 0.32239309827456863 0.4595 0.025881470367591898 0.035
0 0.3439609902475619 0.4725 0.02700675168792198 0.037
0 0.35671417854463616 0.45075 0.025506376594148537 0.0325
0 0.3160165041260315 0.505 0.02663165791447862 0.045
0 0.3257689422355589 0.55475 0.025881470367591898 0.0395
0 0.35352588147036756 0.57325 0.02663165791447862 0.0385
0 0.3698424606151538 0.59775 0.024756189047261814 0.0335
0 0.36252813203300827 0.53425 0.02288072018004501 0.0385
0 0.3743435858964741 0.54075 0.025506376594148537 0.0415
0 0.38147036759189795 0.584 0.03150787696924231 0.043
0 0.3825956489122281 0.50175 0.02700675168792198 0.0385
0 0.37884471117779445 0.461 0.03075768942235559 0.04
0 0.37209302325581395 0.42425 0.029257314328582147 0.0345
0 0.3677794448612153 0.404 0.03488372093023256 0.035
0 0.3764066016504126 0.37125 0.03113278319579895 0.0355
0 0.38540885221305327 0.3405 0.03113278319579895 0.034
0 0.37865716429107277 0.311 0.02738184546136534 0.031
0 0.400225056264066 0.2905 0.025506376594148537 0.038
0 0.4167291822955739 0.25475 0.030007501875468866 0.0285
0 0.427231807951988 0.28875 0.03150787696924231 0.0395
0 0.4441110277569392 0.26775 0.02625656414103526 0.0495
0 0.41766691672918227 0.327 0.03113278319579895 0.038
0 0.4099774943735934 0.3635 0.02700675168792198 0.032
0 0.4253563390847712 0.381 0.029257314328582147 0.032
0 0.40247561890472616 0.40725 0.0277569392348087 0.0405
0 0.41429107276819205 0.447 0.03113278319579895 0.03
0 0.4129782445611403 0.477 0.030007501875468866 0.04
0 0.43210802700675166 0.49425 0.028507126781695424 0.0415
0 0.41822955738934736 0.5265 0.0277569392348087 0.041
0 0.42610652663165793 0.58575 0.0277569392348087 0.0415
0 0.4377344336084021 0.60525 0.0277569392348087 0.0475
0 0.396099024756189 0.6265 0.0277569392348087 0.043
0 0.4221680420105026 0.642 0.03188297074268567 0.048
0 0.37603150787696926 0.66175 0.025881470367591898 0.0415
0 0.3919729932483121 0.68225 0.0345086271567892 0.0445
0 0.37809452363090773 0.728 0.033008252063015754 0.04
0 0.41335333833458365 0.736 0.03900975243810953 0.052
0 0.4375468867216804 0.6965 0.02738184546136534 0.045
0 0.45836459114778694 0.72525 0.030007501875468866 0.0475
0 0.4662415603900975 0.67825 0.037509377344336084 0.0575
0 0.48105776444111026 0.64125 0.03338334583645911 0.0445
0 0.4814328582145536 0.75225 0.03488372093023256 0.0485
0 0.44223555888972244 0.7755 0.037509377344336084 0.042
0 0.39497374343585895 0.771 0.03600900225056264 0.04
0 0.37040510127531884 0.804 0.03788447111777944 0.052
0 0.40585146286571644 0.81325 0.03225806451612903 0.0465
0 0.4392348087021755 0.82375 0.0345086271567892 0.0505
0 0.48124531132783194 0.79925 0.03375843960990248 0.0525
0 0.49099774943735935 0.8465 0.028507126781695424 0.052
0 0.5193173293323331 0.8575 0.041635408852213056 0.048
0 0.5249437359339835 0.786 0.036384096024006 0.047
0 0.5101275318829708 0.69175 0.035258814703675916 0.0445
0 0.5453863465866466 0.73125 0.03600900225056264 0.0425
0 0.5438859714928732 0.68225 0.035258814703675916 0.0455
0 0.5151912978244562 0.64175 0.030382595648912228 0.0475
0 0.490622655663916 0.597 0.0345086271567892 0.049
0 0.4576144036009002 0.5745 0.029257314328582147 0.054
0 0.45423855963991 0.5415 0.035258814703675916 0.031
0 0.49174793698424607 0.56375 0.033008252063015754 0.0385
0 0.46230307576894225 0.49875 0.028882220555138786 0.0405
0 0.490622655663916 0.51575 0.03375843960990248 0.0445
0 0.5208177044261065 0.54025 0.029632408102025505 0.0465
0 0.49624906226556637 0.479 0.03375843960990248 0.04
0 0.4773068267066767 0.4415 0.03563390847711928 0.041
0 0.436046511627907 0.42375 0.025131282820705175 0.0335
0 0.4433608402100525 0.45025 0.029257314328582147 0.0425
0 0.46305326331582897 0.41475 0.02663165791447862 0.0355
0 0.4559264816204051 0.39075 0.02663165791447862 0.0325
0 0.4444861215303826 0.3565 0.0277569392348087 0.034
0 0.4653038259564891 0.33275 0.028882220555138786 0.0335
0 0.48593398349587397 0.36875 0.036384096024006 0.0295
0 0.4988747186796699 0.40225 0.028507126781695424 0.0425
0 0.4923105776444111 0.337 0.028882220555138786 0.036
0 0.47936984246061515 0.29875 0.03150787696924231 0.0365
0 0.46661665416354087 0.258 0.02250562640660165 0.036
0 0.4941860465116279 0.21025 0.029632408102025505 0.0325
0 0.49381095273818454 0.256 0.03188297074268567 0.039
0 0.5061890472618155 0.275 0.028132033008252063 0.045
0 0.5191297824456114 0.31625 0.028507126781695424 0.0275
0 0.517066766691673 0.34625 0.03188297074268567 0.0335
0 0.5131282820705176 0.23625 0.025506376594148537 0.0335
0 0.5093773443360841 0.18025 0.023255813953488372 0.0335
0 0.5286946736684172 0.1985 0.034133533383345835 0.038
0 0.541072768192048 0.15625 0.034133533383345835 0.0325
0 0.563953488372093 0.1865 0.032633158289572396 0.026
0 0.5737059264816204 0.208 0.03113278319579895 0.034
0 0.6057764441110277 0.1565 0.0345086271567892 0.035
0 0.6434733683420856 0.1615 0.029632408102025505 0.035
0 0.6256564141035259 0.2105 0.029257314328582147 0.041
0 0.6059639909977494 0.21275 0.02213053263315829 0.0345
0 0.6429107276819205 0.19975 0.033008252063015754 0.0415
0 0.6806076519129782 0.2085 0.02663165791447862 0.038
0 0.6721680420105026 0.24025 0.033008252063015754 0.0355
0 0.6363465866466617 0.25775 0.03338334583645911 0.0365
0 0.5804576144036009 0.24425 0.037134283570892726 0.0385
0 0.5487621905476369 0.236 0.029257314328582147 0.038
0 0.5386346586646662 0.268 0.0345086271567892 0.03
0 0.5521380345086272 0.29425 0.03075768942235559 0.0325
0 0.568642160540135 0.27025 0.02700675168792198 0.0315
0 0.5905851462865717 0.2845 0.03188297074268567 0.035
0 0.5466991747936985 0.329 0.03113278319579895 0.038
0 0.5617029257314329 0.35225 0.032633158289572396 0.0465
0 0.578019504876219 0.3205 0.030007501875468866 0.038
0 0.613278319579895 0.3125 0.03375843960990248 0.035
0 0.6175918979744937 0.34025 0.028132033008252063 0.0475
0 0.6423480870217554 0.321 0.029632408102025505 0.036
0 0.6470367591897974 0.3575 0.0277569392348087 0.045
0 0.5935858964741185 0.37575 0.038634658664666165 0.0375
0 0.531695423855964 0.38675 0.028882220555138786 0.0395
0 0.5551387846961741 0.395 0.0345086271567892 0.039
0 0.5303825956489122 0.42875 0.025506376594148537 0.0395
0 0.5446361590397599 0.46575 0.029257314328582147 0.0395
0 0.5725806451612904 0.4565 0.029632408102025505 0.044
0 0.5346961740435109 0.5035 0.03188297074268567 0.038
0 0.563953488372093 0.5025 0.029632408102025505 0.036
0 0.5896474118529632 0.49375 0.0277569392348087 0.0415
0 0.6063390847711928 0.51775 0.03563390847711928 0.0435
0 0.6207801950487621 0.49225 0.03825956489122281 0.0385
0 0.6099024756189048 0.449 0.03375843960990248 0.04
0 0.6046511627906976 0.41675 0.029257314328582147 0.0305
0 0.6337209302325582 0.4205 0.03188297074268567 0.046
0 0.5528882220555139 0.541 0.03075768942235559 0.039
0 0.5864591147786947 0.55625 0.03338334583645911 0.0435
0 0.5615153788447111 0.58275 0.035258814703675916 0.0455
0 0.5333833458364591 0.595 0.03150787696924231 0.043
0 0.5459489872468117 0.62325 0.03113278319579895 0.0445
0 0.5795198799699925 0.6235 0.029257314328582147 0.048
0 0.6112153038259565 0.62275 0.03488372093023256 0.0515
0 0.622655663915979 0.56625 0.03825956489122281 0.0405
0 0.6384096024006002 0.60125 0.03900975243810953 0.0445
0 0.6639159789947486 0.639 0.03375843960990248 0.042
0 0.6796699174793699 0.59725 0.042010502625656414 0.0445
0 0.5797074268567142 0.6705 0.032633158289572396 0.039
0 0.6031507876969242 0.6965 0.037509377344336084 0.047
0 0.6290322580645161 0.66225 0.03900975243810953 0.0425
0 0.6444111027756939 0.706 0.03825956489122281 0.049
0 0.5823330832708177 0.73025 0.03788447111777944 0.0515
0 0.6194673668417104 0.7425 0.04088522130532633 0.05
0 0.5947111777944486 0.7725 0.03338334583645911 0.038
0 0.5647036759189797 0.775 0.03188297074268567 0.05
0 0.5472618154538634 0.8245 0.03825956489122281 0.047
0 0.5832708177044261 0.8325 0.0345086271567892 0.054
0 0.6142160540135033 0.86125 0.03338334583645911 0.0495
0 0.5783945986496624 0.89775 0.035258814703675916 0.0515
0 0.5438859714928732 0.8945 0.03825956489122281 0.051
0 0.6464741185296324 0.85175 0.037134283570892726 0.0585
0 0.6249062265566392 0.81625 0.028507126781695424 0.0535
0 0.6832333083270817 0.84475 0.036384096024006 0.0555
0 0.6506001500375094 0.78225 0.036384096024006 0.0475
0 0.7053638409602401 0.80675 0.03938484621155289 0.0545
0 0.677231807951988 0.7505 0.037134283570892726 0.047
0 0.6897974493623406 0.6965 0.04276069017254314 0.052
0 0.7199924981245311 0.73625 0.034133533383345835 0.0515
0 0.7556264066016504 0.73975 0.036384096024006 0.0515
0 0.785821455363841 0.711 0.035258814703675916 0.051
0 0.7494373593398349 0.6645 0.03675918979744936 0.048
0 0.7867591897974494 0.6525 0.03788447111777944 0.051
0 0.6997374343585896 0.6525 0.04088522130532633 0.05
0 0.804576144036009 0.6155 0.04051012753188297 0.044
0 0.7595648912228057 0.588 0.03600900225056264 0.046
0 0.722993248312078 0.58325 0.032633158289572396 0.0565
0 0.7008627156789198 0.5485 0.046136534133533386 0.045
0 0.6582895723930983 0.524 0.0345086271567892 0.047
0 0.7515003750937734 0.53375 0.036384096024006 0.0455
0 0.7826331582895724 0.517 0.03788447111777944 0.051
0 0.7128657164291072 0.511 0.03788447111777944 0.043
0 0.7460615153788447 0.49825 0.035258814703675916 0.0355
0 0.6663540885221305 0.473 0.034133533383345835 0.051
0 0.7003000750187547 0.47275 0.03375843960990248 0.0435
0 0.7213053263315828 0.443 0.03075768942235559 0.044
0 0.7530007501875469 0.446 0.03488372093023256 0.052
0 0.7873218304576144 0.45 0.0345086271567892 0.045
0 0.6734808702175544 0.428 0.036384096024006 0.036
0 0.6787321830457614 0.39775 0.036384096024006 0.0415
0 0.7156789197299325 0.4015 0.037509377344336084 0.041
0 0.7586271567891973 0.40325 0.037134283570892726 0.0405
0 0.6802325581395349 0.3495 0.03563390847711928 0.038
0 0.6699174793698425 0.30225 0.035258814703675916 0.0395
0 0.708927231807952 0.2975 0.02700675168792198 0.038
0 0.7158664666166542 0.34 0.03188297074268567 0.053
0 0.7522505626406601 0.35675 0.037134283570892726 0.0405
0 0.7980120030007501 0.39425 0.03488372093023256 0.0455
0 0.8019504876219055 0.3475 0.0345086271567892 0.044
0 0.7715678919729932 0.34025 0.0277569392348087 0.0315
0 0.745311327831958 0.32825 0.03075768942235559 0.0395
0 0.7573143285821455 0.3015 0.03825956489122281 0.036
0 0.6976744186046512 0.25275 0.03075768942235559 0.0365
0 0.736496624156039 0.2625 0.03188297074268567 0.039
0 0.7349962490622656 0.2375 0.03338334583645911 0.033
0 0.7605026256564141 0.26175 0.03188297074268567 0.0405
0 0.7828207051762941 0.2465 0.03600900225056264 0.038
0 0.8047636909227307 0.26175 0.028882220555138786 0.0235
0 0.8034508627156789 0.28625 0.04126031507876969 0.0395
0 0.8475243810952738 0.3315 0.03938484621155289 0.038
0 0.8332708177044261 0.38225 0.02738184546136534 0.0445
0 0.8640285071267817 0.3765 0.034133533383345835 0.035
0 0.8780945236309077 0.40825 0.04051012753188297 0.0425
0 0.8381470367591898 0.42 0.04088522130532633 0.037
0 0.8207051762940735 0.465 0.0345086271567892 0.045
0 0.8563390847711928 0.493 0.04051012753188297 0.053
0 0.8758439609902475 0.456 0.04276069017254314 0.043
0 0.8979744936234059 0.49975 0.04126031507876969 0.0495
0 0.8582145536384096 0.57175 0.0450112528132033 0.0515
0 0.8801575393848462 0.56525 0.034133533383345835 0.0485
0 0.9126031507876969 0.6885 0.051762940735183796 0.055
0 0.8621530382595649 0.7015 0.04388597149287322 0.055
