0 0.41147786946736686 0.188 0.06751687921980495 0.088
0 0.4788072018004501 0.2335 0.061890472618154536 0.086
0 0.5108777194298575 0.299 0.06376594148537135 0.086
0 0.34996249062265566 0.2565 0.06526631657914479 0.085
0 0.4163540885221305 0.28325 0.06601650412603151 0.0845
0 0.3698424606151538 0.32775 0.06376594148537135 0.0815
0 0.31114028507126784 0.30125 0.07014253563390847 0.0885
0 0.44223555888972244 0.3545 0.06601650412603151 0.085
0 0.5240060015003751 0.393 0.05701425356339085 0.085
0 0.5795198799699925 0.35475 0.06376594148537135 0.0925
0 0.24981245311327832 0.33775 0.0622655663915979 0.0775
0 0.2972618154538635 0.38975 0.061890472618154536 0.0975
0 0.35352588147036756 0.41975 0.06939234808702176 0.0805
0 0.409039759939985 0.45475 0.06264066016504126 0.0855
0 0.4696174043510878 0.429 0.06151537884471118 0.086
0 0.5210052513128282 0.481 0.05326331582895724 0.087
0 0.5753938484621155 0.4405 0.06151537884471118 0.083
0 0.6378469617404351 0.3865 0.05888972243060765 0.087
0 0.6245311327831958 0.47125 0.06301575393848462 0.0805
0 0.6828582145536384 0.4435 0.061890472618154536 0.085
0 0.2462490622655664 0.42675 0.061140285071267814 0.0925
0 0.3486496624156039 0.48 0.061140285071267814 0.072
0 0.3987246811702926 0.528 0.05776444111027757 0.082
0 0.4527381845461365 0.508 0.06601650412603151 0.083
0 0.5011252813203301 0.5535 0.06451612903225806 0.084
0 0.5943360840210052 0.544 0.0603900975243811 0.086
0 0.6663540885221305 0.52025 0.0641410352588147 0.0925
0 0.7203675918979745 0.51025 0.06489122280570142 0.0845
0 0.16316579144786197 0.42775 0.07126781695423856 0.0885
0 0.13034508627156788 0.47 0.07014253563390847 0.075
0 0.2031132783195799 0.51 0.07014253563390847 0.083
0 0.15266316579144787 0.557 0.06451612903225806 0.088
0 0.2672543135783946 0.5155 0.06264066016504126 0.07
0 0.2289947486871718 0.57725 0.0671417854463616 0.0905
0 0.18173293323330833 0.62775 0.06564141035258815 0.0795
0 0.31207801950487624 0.55775 0.0622655663915979 0.0805
0 0.29013503375843963 0.6365 0.0671417854463616 0.073
0 0.35258814703675917 0.6175 0.05776444111027757 0.087
0 0.4122280570142536 0.61925 0.06601650412603151 0.0755
0 0.423105776444111 0.68225 0.06526631657914479 0.0725
0 0.3985371342835709 0.74375 0.059639909977494375 0.0665
0 0.4386721680420105 0.789 0.061890472618154536 0.069
0 0.5388222055513878 0.611 0.061140285071267814 0.07
0 0.5163165791447862 0.67375 0.059639909977494375 0.0805
0 0.495873968492123 0.74075 0.0622655663915979 0.0715
0 0.5225056264066017 0.82025 0.0622655663915979 0.0865
0 0.7404351087771943 0.59025 0.06151537884471118 0.0795
0 0.6378469617404351 0.5995 0.06339084771192798 0.074
0 0.5918979744936234 0.63125 0.058514628657164294 0.0755
0 0.6821080270067517 0.6305 0.05738934733683421 0.065
0 0.7256189047261815 0.66125 0.05738934733683421 0.0815
0 0.6340960240060015 0.67575 0.06639159789947487 0.0765
0 0.5742685671417854 0.71775 0.06376594148537135 0.0805
0 0.6061515378844711 0.7805 0.060765191297824456 0.077
0 0.6699174793698425 0.74775 0.060765191297824456 0.0745
0 0.6393473368342085 0.817 0.061890472618154536 0.073
0 0.5735183795948987 0.845 0.06601650412603151 0.075
0 0.7046136534133534 0.801 0.05888972243060765 0.071
0 0.7631282820705176 0.7755 0.06639159789947487 0.074
0 0.7466241560390098 0.83975 0.06339084771192798 0.0775
0 0.6852963240810203 0.861 0.06676669167291822 0.097
0 0.6324081020255063 0.90925 0.06601650412603151 0.0785
