0 0.06001500375093773 0.38875 0.07651912978244561 0.1005
0 0.04426106526631658 0.4945 0.06826706676669167 0.1
0 0.051762940735183796 0.5805 0.06376594148537135 0.088
0 0.13934733683420855 0.32325 0.059639909977494375 0.0925
0 0.19186046511627908 0.392 0.09264816204051013 0.084
0 0.18229557389347337 0.52075 0.06301575393848462 0.0915
0 0.11252813203300825 0.65925 0.06001500375093773 0.0905
0 0.10802700675168792 0.72175 0.06301575393848462 0.0835
0 0.19861215303825958 0.69 0.056639159789947484 0.085
0 0.24362340585146286 0.6425 0.061890472618154536 0.069
0 0.2683795948987247 0.70675 0.06264066016504126 0.0765
0 0.28675918979744935 0.61625 0.05888972243060765 0.0845
0 0.24962490622655664 0.55 0.06339084771192798 0.066
0 0.29838709677419356 0.52075 0.05288822205551388 0.0785
0 0.26800450112528135 0.43625 0.06564141035258815 0.0885
0 0.22018004501125282 0.283 0.0690172543135784 0.09
0 0.3075768942235559 0.3415 0.0622655663915979 0.083
0 0.28507126781695424 0.225 0.07051762940735183 0.08
0 0.24099774943735933 0.1485 0.06639159789947487 0.101
0 0.26500375093773443 0.05425 0.06489122280570142 0.0995
0 0.32989497374343585 0.05175 0.07164291072768192 0.0925
0 0.32914478619654913 0.15525 0.07164291072768192 0.1065
0 0.3885971492873218 0.208 0.07351837959489872 0.09
0 0.43548387096774194 0.1115 0.08102025506376594 0.098
0 0.34583645911477867 0.29475 0.06451612903225806 0.0985
0 0.409039759939985 0.3135 0.06489122280570142 0.09
0 0.37790697674418605 0.39025 0.08139534883720931 0.0925
0 0.3437734433608402 0.47175 0.06564141035258815 0.0865
0 0.43023255813953487 0.44675 0.06301575393848462 0.0905
0 0.4894973743435859 0.42875 0.06151537884471118 0.0985
0 0.36721680420105024 0.5755 0.060765191297824456 0.086
0 0.4129782445611403 0.549 0.060765191297824456 0.084
0 0.3563390847711928 0.664 0.0555138784696174 0.079
0 0.4013503375843961 0.633 0.05251312828207052 0.084
0 0.45142535633908476 0.63175 0.05813953488372093 0.0845
0 0.4461740435108777 0.699 0.06339084771192798 0.084
0 0.5108777194298575 0.7 0.06601650412603151 0.083
0 0.5678919729932483 0.66525 0.06451612903225806 0.0805
0 0.4746811702925731 0.51975 0.06864216054013503 0.0785
0 0.5271942985746436 0.57825 0.07014253563390847 0.0905
0 0.5500750187546887 0.486 0.06564141035258815 0.077
0 0.5560765191297824 0.366 0.06564141035258815 0.096
0 0.4934358589647412 0.30425 0.07014253563390847 0.0975
0 0.5028132033008252 0.20125 0.0671417854463616 0.1055
0 0.5630157539384846 0.156 0.07651912978244561 0.109
0 0.5767066766691673 0.26625 0.0708927231807952 0.1005
0 0.6078394598649662 0.076 0.07164291072768192 0.105
0 0.6770442610652663 0.14725 0.07426856714178545 0.0875
0 0.7441860465116279 0.22575 0.07576894223555888 0.0905
0 0.8143285821455364 0.253 0.07426856714178545 0.101
0 0.6663540885221305 0.2655 0.07014253563390847 0.111
0 0.6194673668417104 0.355 0.05588897224306077 0.094
0 0.7349962490622656 0.3165 0.06789197299324831 0.095
0 0.8396474118529632 0.34175 0.07539384846211553 0.1025
0 0.9039759939984996 0.28775 0.06751687921980495 0.0995
0 0.9152288072018004 0.37325 0.07351837959489872 0.1055
0 0.6761065266316579 0.39625 0.07014253563390847 0.0885
0 0.7586271567891973 0.4105 0.07764441110277569 0.107
0 0.8392723180795199 0.45125 0.07314328582145536 0.0885
0 0.9118529632408102 0.492 0.07501875468867217 0.109
0 0.9405476369092273 0.41275 0.06489122280570142 0.0955
0 0.8807201800450113 0.57625 0.07876969242310577 0.1145
0 0.7693173293323331 0.52325 0.06526631657914479 0.1045
0 0.7132408102025506 0.4905 0.06864216054013503 0.1
0 0.6294073518379595 0.45975 0.06976744186046512 0.0955
0 0.6581020255063766 0.547 0.05888972243060765 0.092
0 0.5881470367591898 0.55125 0.06676669167291822 0.0805
0 0.6307201800450113 0.6205 0.0641410352588147 0.09
0 0.7119279819954989 0.59625 0.06301575393848462 0.0855
0 0.7886346586646662 0.63325 0.0671417854463616 0.0875
