0 0.11975 0.17648162040510126 0.0885 0.059639909977494375
0 0.19375 0.14497374343585898 0.0765 0.056639159789947484
0 0.27425 0.13934733683420855 0.0765 0.056639159789947484
0 0.323 0.18923480870217554 0.07 0.05813953488372093
0 0.43175 0.09752438109527382 0.0875 0.07501875468867217
0 0.409 0.18060765191297826 0.079 0.06564141035258815
0 0.48875 0.1744186046511628 0.0725 0.060765191297824456
0 0.51725 0.2222430607651913 0.0815 0.061140285071267814
0 0.55175 0.1524756189047262 0.0775 0.05888972243060765
0 0.59275 0.1879219804951238 0.0715 0.06151537884471118
0 0.6775 0.18923480870217554 0.082 0.06564141035258815
0 0.64425 0.25056264066016504 0.0685 0.06301575393848462
0 0.58125 0.2608777194298575 0.0815 0.06864216054013503
0 0.4615 0.2644411102775694 0.071 0.06451612903225806
0 0.5195 0.3032633158289572 0.082 0.06789197299324831
0 0.5695 0.3411477869467367 0.072 0.06339084771192798
0 0.41875 0.3225806451612903 0.0675 0.06751687921980495
0 0.4785 0.35596399099774945 0.069 0.060765191297824456
0 0.3695 0.23837209302325582 0.083 0.061140285071267814
0 0.28125 0.23724681170292572 0.0785 0.05588897224306077
0 0.325 0.2852588147036759 0.072 0.055138784696174045
0 0.19525 0.19861215303825958 0.0815 0.061890472618154536
0 0.15825 0.25037509377344336 0.0805 0.059639909977494375
0 0.06725 0.24249812453113279 0.0775 0.061140285071267814
0 0.107 0.28994748687171795 0.073 0.060765191297824456
0 0.16025 0.3132033008252063 0.0765 0.0622655663915979
0 0.252 0.34996249062265566 0.079 0.056264066016504126
0 0.24975 0.29351087771942985 0.0785 0.0641410352588147
0 0.34475 0.3377719429857464 0.0705 0.059639909977494375
0 0.039 0.32126781695423856 0.077 0.06864216054013503
0 0.10725 0.3572768192048012 0.0775 0.05813953488372093
0 0.0525 0.38728432108027006 0.07 0.061140285071267814
0 0.095 0.4189797449362341 0.084 0.05926481620405101
0 0.18975 0.37621905476369094 0.0735 0.05926481620405101
0 0.25625 0.4045386346586647 0.0805 0.047636909227306824
0 0.3395 0.399662415603901 0.076 0.05888972243060765
0 0.3875 0.4382970742685671 0.079 0.05738934733683421
0 0.41975 0.38390847711927983 0.0785 0.061140285071267814
0 0.48675 0.41354088522130533 0.0785 0.05438859714928732
0 0.53375 0.39066016504126033 0.0635 0.0603900975243811
0 0.61725 0.4212303075768942 0.0755 0.051762940735183796
0 0.69325 0.43810952738184544 0.0695 0.04876219054763691
0 0.64975 0.30795198799699924 0.0685 0.058514628657164294
0 0.69925 0.3015753938484621 0.0625 0.051762940735183796
0 0.76075 0.2145536384096024 0.0905 0.07201800450112528
0 0.79025 0.2702550637659415 0.0725 0.06264066016504126
0 0.82875 0.2955738934733683 0.0635 0.05026256564141035
0 0.7485 0.3471492873218305 0.068 0.05888972243060765
0 0.81075 0.359152288072018 0.0715 0.04913728432108027
0 0.68775 0.35502625656414105 0.0745 0.05888972243060765
0 0.74375 0.39909977494373594 0.0595 0.05476369092273068
0 0.8185 0.40397599399849965 0.073 0.04276069017254314
0 0.79675 0.4529257314328582 0.0745 0.05288822205551388
0 0.7895 0.5039384846211553 0.067 0.05288822205551388
0 0.84825 0.5078769692423106 0.0635 0.05251312828207052
0 0.85175 0.5579519879969993 0.0595 0.0536384096024006
0 0.18475 0.4424231057764441 0.0775 0.06264066016504126
0 0.05575 0.45367591897974496 0.0785 0.05738934733683421
0 0.13125 0.4795573893473368 0.0765 0.05888972243060765
0 0.18875 0.5037509377344336 0.0775 0.060765191297824456
0 0.28025 0.45911477869467365 0.0715 0.056264066016504126
0 0.2785 0.5091897974493623 0.073 0.05138784696174044
0 0.351 0.4966241560390098 0.079 0.05101275318829707
0 0.429 0.4808702175543886 0.073 0.051762940735183796
0 0.4975 0.4797449362340585 0.066 0.05926481620405101
0 0.5705 0.4746811702925731 0.07 0.05738934733683421
0 0.64325 0.477119279819955 0.0795 0.05101275318829707
0 0.69975 0.5071267816954238 0.0655 0.05101275318829707
0 0.73075 0.5532633158289573 0.0775 0.05701425356339085
0 0.798 0.5744561140285072 0.07 0.05138784696174044
0 0.62225 0.5339459864966242 0.0655 0.04688672168042011
0 0.54025 0.5309452363090773 0.0785 0.056639159789947484
0 0.4575 0.5241935483870968 0.076 0.047636909227306824
0 0.371 0.5455738934733684 0.071 0.052138034508627154
0 0.28525 0.5645161290322581 0.0705 0.05401350337584396
0 0.22475 0.5425731432858214 0.0745 0.05588897224306077
0 0.13925 0.5435108777194299 0.0715 0.0555138784696174
0 0.07125 0.5294448612153039 0.0715 0.059639909977494375
0 0.09 0.5783945986496624 0.077 0.05251312828207052
0 0.15625 0.599774943735934 0.0785 0.056264066016504126
0 0.10925 0.6384096024006002 0.0755 0.05326331582895724
0 0.20875 0.6352213053263316 0.0745 0.04838709677419355
0 0.23475 0.6001500375093773 0.0725 0.05101275318829707
0 0.2885 0.6395348837209303 0.072 0.05101275318829707
0 0.25675 0.6723555888972244 0.0775 0.04838709677419355
0 0.301 0.7117404351087772 0.069 0.04688672168042011
0 0.352 0.6556639159789948 0.07 0.04576144036009002
0 0.35825 0.6153413353338335 0.0705 0.052138034508627154
0 0.4275 0.632033008252063 0.074 0.046511627906976744
0 0.44025 0.5851462865716429 0.0695 0.04351087771942986
0 0.4875 0.6121530382595649 0.07 0.04276069017254314
0 0.50925 0.5782070517629407 0.0685 0.04913728432108027
0 0.56925 0.5658289572393098 0.0625 0.04988747186796699
0 0.62125 0.6142160540135033 0.0635 0.055138784696174045
0 0.6445 0.6494748687171793 0.065 0.04388597149287322
0 0.6695 0.5980870217554388 0.057 0.04988747186796699
0 0.76975 0.6149662415603901 0.0685 0.04538634658664666
0 0.84625 0.6393473368342085 0.0655 0.04988747186796699
0 0.887 0.6641035258814704 0.059 0.05813953488372093
0 0.77575 0.6641035258814704 0.0565 0.056639159789947484
0 0.81575 0.6897974493623406 0.0645 0.04426106526631658
0 0.856 0.7139909977494373 0.066 0.046136534133533386
0 0.735 0.7031132783195799 0.056 0.04688672168042011
0 0.788 0.7263690922730682 0.064 0.05138784696174044
0 0.6815 0.7175543885971493 0.059 0.051762940735183796
0 0.7025 0.7501875468867217 0.067 0.047261815453863466
0 0.751 0.7745686421605401 0.062 0.04126031507876969
0 0.83025 0.7655663915978995 0.0635 0.04951237809452363
0 0.5575 0.6307201800450113 0.07 0.05438859714928732
0 0.42225 0.6783570892723181 0.0795 0.047636909227306824
0 0.48975 0.6766691672918229 0.0705 0.05251312828207052
0 0.57225 0.7014253563390848 0.0795 0.05026256564141035
0 0.61825 0.7237434358589647 0.0585 0.047636909227306824
0 0.372 0.7121155288822205 0.058 0.04913728432108027
0 0.42475 0.7297449362340586 0.0625 0.04688672168042011
0 0.51875 0.722993248312078 0.0725 0.04463615903975994
0 0.50025 0.7627531882970743 0.0605 0.04688672168042011
0 0.37725 0.7815078769692423 0.0625 0.04988747186796699
0 0.44475 0.7897599399849963 0.0575 0.04913728432108027
0 0.16925 0.7301200300075019 0.0805 0.05588897224306077
0 0.194 0.7627531882970743 0.084 0.04388597149287322
0 0.2295 0.8120780195048762 0.071 0.05701425356339085
0 0.22 0.8565266316579144 0.073 0.04688672168042011
0 0.13975 0.8649662415603901 0.0765 0.05401350337584396
0 0.30825 0.7826331582895724 0.0685 0.050637659414853715
0 0.292 0.8332708177044261 0.071 0.04838709677419355
0 0.28525 0.9000375093773444 0.0765 0.05138784696174044
0 0.35675 0.8895348837209303 0.0625 0.04838709677419355
0 0.37025 0.8334583645911477 0.0705 0.04876219054763691
0 0.42475 0.9304201050262566 0.0775 0.05738934733683421
0 0.48 0.8835333833458364 0.063 0.047636909227306824
0 0.54425 0.859714928732183 0.0685 0.04051012753188297
0 0.56975 0.8992873218304576 0.0635 0.04388597149287322
0 0.6335 0.8989122280570142 0.064 0.050637659414853715
0 0.608 0.8552138034508627 0.057 0.03900975243810953
0 0.53875 0.7983870967741935 0.0625 0.04238559639909977
0 0.5635 0.7745686421605401 0.067 0.05251312828207052
0 0.615 0.7989497374343586 0.058 0.04126031507876969
0 0.62825 0.7567516879219804 0.0665 0.043135783945986494
0 0.7055 0.8043885971492873 0.065 0.046136534133533386
0 0.657 0.8340210052513128 0.058 0.04538634658664666
0 0.74525 0.8293323330832708 0.0625 0.04126031507876969
0 0.785 0.8850337584396099 0.068 0.046136534133533386
0 0.84575 0.845086271567892 0.0755 0.05101275318829707
0 0.7235 0.9264816204051013 0.059 0.046511627906976744
