0 0.1427231807951988 0.2495 0.03788447111777944 0.057
0 0.09527381845461365 0.32075 0.03675918979744936 0.0495
0 0.15660165041260315 0.313 0.04088522130532633 0.047
0 0.17160540135033758 0.35625 0.032633158289572396 0.0435
0 0.14084771192798198 0.38775 0.037134283570892726 0.0495
0 0.09227306826706677 0.43425 0.042010502625656414 0.0475
0 0.09321080270067517 0.491 0.038634658664666165 0.049
0 0.17929482370592648 0.39375 0.037509377344336084 0.0525
0 0.19073518379594898 0.436 0.038634658664666165 0.042
0 0.16035258814703676 0.4695 0.034133533383345835 0.049
0 0.15453863465866466 0.52625 0.03675918979744936 0.0495
0 0.12903225806451613 0.57025 0.03675918979744936 0.0545
0 0.17479369842460615 0.56425 0.04051012753188297 0.0505
0 0.18998499624906226 0.5255 0.03488372093023256 0.053
0 0.20855213803450862 0.56175 0.03375843960990248 0.0485
0 0.23387096774193547 0.59575 0.03788447111777944 0.0445
0 0.17104276069017255 0.64475 0.03825956489122281 0.0435
0 0.23030757689422354 0.641 0.03825956489122281 0.046
0 0.25056264066016504 0.67 0.03825956489122281 0.042
0 0.2702550637659415 0.63025 0.036384096024006 0.0425
0 0.204801200300075 0.4875 0.03825956489122281 0.047
0 0.23387096774193547 0.51425 0.03113278319579895 0.0425
0 0.25712678169542386 0.54575 0.030382595648912228 0.0475
0 0.2854463615903976 0.5815 0.035258814703675916 0.043
0 0.31789197299324834 0.60975 0.03338334583645911 0.0425
0 0.3267066766691673 0.56925 0.0345086271567892 0.0445
0 0.29276069017254314 0.54225 0.03338334583645911 0.0475
0 0.2768192048012003 0.4995 0.03600900225056264 0.05
0 0.24568642160540136 0.46725 0.03225806451612903 0.0465
0 0.23218304576144036 0.4185 0.04276069017254314 0.047
0 0.23237059264816204 0.378 0.04088522130532633 0.047
0 0.21886721680420104 0.33575 0.04088522130532633 0.0475
0 0.20836459114778694 0.2895 0.036384096024006 0.047
0 0.23162040510127532 0.26175 0.028132033008252063 0.0435
0 0.2423105776444111 0.30225 0.03375843960990248 0.0425
0 0.259377344336084 0.34025 0.03338334583645911 0.0475
0 0.27719429857464367 0.377 0.0345086271567892 0.046
0 0.2921980495123781 0.41075 0.033008252063015754 0.0405
0 0.28507126781695424 0.45 0.037509377344336084 0.044
0 0.32914478619654913 0.45275 0.04013503375843961 0.0495
0 0.326894223555889 0.49875 0.034133533383345835 0.0425
0 0.36852963240810205 0.50475 0.03788447111777944 0.0465
0 0.3445236309077269 0.4145 0.032633158289572396 0.046
0 0.32820705176294074 0.38025 0.033008252063015754 0.0505
0 0.29763690922730685 0.336 0.032633158289572396 0.043
0 0.2605026256564141 0.2555 0.03563390847711928 0.047
0 0.25993998499624904 0.2005 0.03900975243810953 0.055
0 0.2970742685671418 0.23525 0.035258814703675916 0.0455
0 0.3057014253563391 0.19875 0.0345086271567892 0.0455
0 0.3244561140285071 0.25725 0.037509377344336084 0.0465
0 0.3150787696924231 0.294 0.04126031507876969 0.041
0 0.3304576144036009 0.32975 0.035258814703675916 0.0485
0 0.3681545386346587 0.359 0.036384096024006 0.049
0 0.2704426106526632 0.707 0.03225806451612903 0.039
0 0.2891972993248312 0.732 0.04576144036009002 0.046
0 0.3094523630907727 0.671 0.03375843960990248 0.049
0 0.33214553638409605 0.70675 0.03488372093023256 0.0475
0 0.3548387096774194 0.6695 0.03675918979744936 0.049
0 0.3623405851462866 0.7145 0.0345086271567892 0.047
0 0.3507126781695424 0.74975 0.035258814703675916 0.0405
0 0.34508627156789196 0.78875 0.035258814703675916 0.0435
0 0.3439609902475619 0.82875 0.03600900225056264 0.0435
0 0.41335333833458365 0.946 0.03375843960990248 0.037
0 0.45161290322580644 0.96625 0.03375843960990248 0.0445
0 0.41260315078769694 0.90375 0.03150787696924231 0.0445
0 0.45330082520630155 0.91175 0.03188297074268567 0.0455
0 0.48199549887471865 0.91 0.028507126781695424 0.037
0 0.39984996249062266 0.85825 0.030007501875468866 0.0415
0 0.3927231807951988 0.8235 0.0345086271567892 0.036
0 0.4212303075768942 0.842 0.028507126781695424 0.043
0 0.4351087771942986 0.868 0.030007501875468866 0.039
0 0.4551762940735184 0.82675 0.03338334583645911 0.0375
0 0.46905476369092275 0.861 0.03113278319579895 0.041
0 0.4769317329332333 0.87175 0.030382595648912228 0.0385
0 0.3900975243810953 0.77925 0.03675918979744936 0.0475
0 0.40397599399849965 0.73975 0.0345086271567892 0.0465
0 0.42854463615903976 0.786 0.030382595648912228 0.041
0 0.4444861215303826 0.75575 0.03375843960990248 0.0405
0 0.459489872468117 0.78975 0.03150787696924231 0.0405
0 0.4949362340585146 0.82025 0.034133533383345835 0.0415
0 0.5018754688672168 0.8385 0.030007501875468866 0.039
0 0.4973743435858965 0.7705 0.033008252063015754 0.043
0 0.3927231807951988 0.6875 0.03150787696924231 0.049
0 0.42704426106526633 0.709 0.030382595648912228 0.048
0 0.4579894973743436 0.71125 0.033008252063015754 0.0505
0 0.40772693173293323 0.633 0.0345086271567892 0.037
0 0.44804951237809454 0.64725 0.03188297074268567 0.0485
0 0.4769317329332333 0.6755 0.02738184546136534 0.051
0 0.4966241560390098 0.69375 0.030007501875468866 0.0435
0 0.5108777194298575 0.7215 0.0345086271567892 0.043
0 0.3878469617404351 0.56875 0.03600900225056264 0.0485
0 0.4028507126781695 0.59525 0.03675918979744936 0.0435
0 0.450112528132033 0.5945 0.037509377344336084 0.045
0 0.48124531132783194 0.60075 0.03375843960990248 0.0495
0 0.49456114028507125 0.6445 0.038634658664666165 0.048
0 0.413728432108027 0.53775 0.03675918979744936 0.0495
0 0.45348837209302323 0.54775 0.03375843960990248 0.0515
0 0.4848087021755439 0.557 0.028882220555138786 0.053
0 0.40491372843210804 0.468 0.034133533383345835 0.042
0 0.4339834958739685 0.503 0.0345086271567892 0.043
0 0.4634283570892723 0.48975 0.034133533383345835 0.0515
0 0.4189797449362341 0.42375 0.037509377344336084 0.0425
0 0.44373593398349587 0.45275 0.03375843960990248 0.0485
0 0.40247561890472616 0.37725 0.035258814703675916 0.0445
0 0.4367966991747937 0.39125 0.03188297074268567 0.0495
0 0.46680420105026255 0.40525 0.03338334583645911 0.0465
0 0.4831207801950488 0.444 0.03150787696924231 0.04
0 0.49849962490622657 0.40925 0.030007501875468866 0.0465
0 0.47355588897224304 0.3635 0.036384096024006 0.04
0 0.40660165041260315 0.339 0.035258814703675916 0.04
0 0.3599024756189047 0.25625 0.03338334583645911 0.0485
0 0.37865716429107277 0.2955 0.03788447111777944 0.048
0 0.3992873218304576 0.26275 0.03938484621155289 0.0455
0 0.42085521380345087 0.298 0.03375843960990248 0.046
0 0.4427981995498875 0.33125 0.03188297074268567 0.0425
0 0.4761815453863466 0.3205 0.038634658664666165 0.044
0 0.4512378094523631 0.286 0.035258814703675916 0.049
0 0.4214178544636159 0.228 0.03488372093023256 0.045
0 0.45255063765941483 0.22975 0.03113278319579895 0.0415
0 0.4720555138784696 0.259 0.030382595648912228 0.04
0 0.5007501875468867 0.28475 0.0345086271567892 0.0445
0 0.4234808702175544 0.17225 0.03900975243810953 0.0485
0 0.46211552888222057 0.176 0.03675918979744936 0.049
0 0.5041260315078769 0.222 0.04351087771942986 0.047
0 0.5264441110277569 0.25475 0.03488372093023256 0.0445
0 0.5018754688672168 0.14925 0.03375843960990248 0.0495
0 0.536946736684171 0.141 0.03338334583645911 0.045
0 0.5742685671417854 0.1215 0.03075768942235559 0.051
0 0.5386346586646662 0.21425 0.033008252063015754 0.0455
0 0.5753938484621155 0.18175 0.0345086271567892 0.0455
0 0.6108402100525131 0.16825 0.036384096024006 0.0465
0 0.6342835708927231 0.14175 0.035258814703675916 0.0455
0 0.6762940735183796 0.144 0.03375843960990248 0.046
0 0.5688297074268567 0.22725 0.028132033008252063 0.0425
0 0.5993998499624906 0.21225 0.03150787696924231 0.0485
0 0.6241560390097525 0.206 0.0277569392348087 0.044
0 0.6547261815453863 0.19275 0.03188297074268567 0.0425
0 0.5346961740435109 0.296 0.032633158289572396 0.045
0 0.56807951987997 0.2675 0.03113278319579895 0.044
0 0.5622655663915979 0.30625 0.029257314328582147 0.0455
0 0.5973368342085521 0.27225 0.030382595648912228 0.0395
0 0.622093023255814 0.24575 0.03188297074268567 0.0385
0 0.6504126031507877 0.2415 0.028507126781695424 0.038
0 0.6783570892723181 0.22825 0.03113278319579895 0.0505
0 0.6911102775693924 0.20325 0.03113278319579895 0.0365
0 0.718304576144036 0.22675 0.030007501875468866 0.0485
0 0.7374343585896475 0.25775 0.028507126781695424 0.0425
0 0.7700675168792198 0.24675 0.03150787696924231 0.0465
0 0.6316579144786196 0.2825 0.03375843960990248 0.039
0 0.6616654163540885 0.27625 0.028507126781695424 0.0395
0 0.6948612153038259 0.261 0.032633158289572396 0.043
0 0.594523630907727 0.31225 0.029257314328582147 0.0445
0 0.6247186796699175 0.324 0.03188297074268567 0.04
0 0.6547261815453863 0.3165 0.030382595648912228 0.041
0 0.6864216054013503 0.306 0.030007501875468866 0.045
0 0.7126781695423856 0.297 0.028507126781695424 0.045
0 0.7597524381095274 0.31025 0.036384096024006 0.0395
0 0.5273818454613654 0.33275 0.0345086271567892 0.0445
0 0.5150037509377344 0.375 0.03375843960990248 0.039
0 0.5525131282820706 0.36225 0.035258814703675916 0.0345
0 0.5819579894973743 0.358 0.029632408102025505 0.04
0 0.6076519129782446 0.3795 0.028507126781695424 0.048
0 0.641972993248312 0.38825 0.03338334583645911 0.0445
0 0.6573518379594899 0.355 0.028882220555138786 0.041
0 0.6802325581395349 0.34175 0.028132033008252063 0.0405
0 0.7109902475618904 0.35425 0.032633158289572396 0.0415
0 0.7424981245311327 0.3405 0.03488372093023256 0.043
0 0.7824456114028507 0.33775 0.03075768942235559 0.0435
0 0.7550637659414854 0.36975 0.033008252063015754 0.0395
0 0.8212678169542386 0.33825 0.036384096024006 0.0345
0 0.8096399099774944 0.35725 0.03113278319579895 0.0395
0 0.8306451612903226 0.37675 0.03113278319579895 0.0435
0 0.7811327831957989 0.39775 0.032633158289572396 0.0435
0 0.7246811702925732 0.3845 0.02625656414103526 0.033
0 0.6971117779444861 0.38125 0.03113278319579895 0.0495
0 0.6702925731432858 0.39525 0.0277569392348087 0.0385
0 0.5466991747936985 0.398 0.03188297074268567 0.038
0 0.5791447861965492 0.4055 0.0277569392348087 0.041
0 0.6265941485371342 0.4165 0.032633158289572396 0.042
0 0.6727306826706677 0.4345 0.03338334583645911 0.039
0 0.7046136534133534 0.434 0.029632408102025505 0.047
0 0.75 0.41525 0.030382595648912228 0.0375
0 0.8150787696924231 0.41925 0.033008252063015754 0.0395
0 0.7963240810202551 0.45625 0.028507126781695424 0.0385
0 0.7651912978244562 0.45625 0.030007501875468866 0.0375
0 0.735933983495874 0.45025 0.028507126781695424 0.0425
0 0.7171792948237059 0.47175 0.03075768942235559 0.0455
0 0.6841710427606902 0.4725 0.033008252063015754 0.041
0 0.7531882970742686 0.488 0.03375843960990248 0.046
0 0.7856339084771192 0.514 0.028882220555138786 0.052
0 0.7944486121530383 0.489 0.030007501875468866 0.037
0 0.5256939234808702 0.43075 0.030382595648912228 0.0405
0 0.5551387846961741 0.439 0.030007501875468866 0.041
0 0.5857089272318079 0.454 0.030382595648912228 0.045
0 0.6106526631657915 0.46275 0.0277569392348087 0.0415
0 0.6369092273068268 0.4755 0.028507126781695424 0.045
0 0.6695423855963991 0.4975 0.02625656414103526 0.045
0 0.6952363090772693 0.52375 0.028132033008252063 0.0395
0 0.7280570142535634 0.517 0.02625656414103526 0.042
0 0.7629407351837959 0.53075 0.029257314328582147 0.0395
0 0.5033758439609902 0.476 0.035258814703675916 0.045
0 0.5106901725431358 0.515 0.034133533383345835 0.041
0 0.5412603150787697 0.4695 0.030007501875468866 0.041
0 0.5429482370592649 0.5115 0.030382595648912228 0.04
0 0.5294448612153039 0.55325 0.030382595648912228 0.0405
0 0.5348837209302325 0.59475 0.03150787696924231 0.0425
0 0.5294448612153039 0.63425 0.03338334583645911 0.0475
0 0.5191297824456114 0.67325 0.033008252063015754 0.0445
0 0.5378844711177795 0.68475 0.029257314328582147 0.0405
0 0.5506376594148538 0.6465 0.02700675168792198 0.043
0 0.5663915978994749 0.6285 0.028507126781695424 0.04
0 0.5843960990247562 0.64775 0.03150787696924231 0.0415
0 0.5877719429857464 0.684 0.03075768942235559 0.037
0 0.5735183795948987 0.70525 0.033008252063015754 0.0405
0 0.5939609902475619 0.7285 0.02738184546136534 0.046
0 0.5617029257314329 0.7445 0.03188297074268567 0.044
0 0.5527006751687922 0.781 0.030382595648912228 0.04
0 0.5386346586646662 0.81725 0.03225806451612903 0.0425
0 0.5315078769692423 0.86975 0.03150787696924231 0.0445
0 0.5448237059264817 0.91175 0.03188297074268567 0.0385
0 0.5692048012003 0.9065 0.028882220555138786 0.043
0 0.5643285821455364 0.86325 0.032633158289572396 0.0465
0 0.5808327081770442 0.82375 0.03488372093023256 0.0385
0 0.5948987246811703 0.841 0.028507126781695424 0.035
0 0.5975243810952738 0.89175 0.030007501875468866 0.0425
0 0.6237809452363091 0.88575 0.0277569392348087 0.0445
0 0.6440360090022506 0.859 0.028507126781695424 0.045
0 0.5812078019504876 0.78625 0.02738184546136534 0.0415
0 0.6074643660915229 0.8085 0.029632408102025505 0.039
0 0.6301575393848462 0.817 0.028507126781695424 0.041
0 0.6130907726931732 0.77175 0.029632408102025505 0.0405
0 0.6348462115528882 0.7355 0.03113278319579895 0.04
0 0.6522880720180045 0.763 0.033008252063015754 0.038
0 0.6682295573893473 0.81 0.034133533383345835 0.04
0 0.6783570892723181 0.8305 0.037134283570892726 0.039
0 0.6168417104276069 0.66525 0.029632408102025505 0.0405
0 0.6397224306076519 0.697 0.03113278319579895 0.039
0 0.6627906976744186 0.72525 0.030007501875468866 0.0435
0 0.6836084021005251 0.7515 0.028132033008252063 0.037
0 0.6926106526631658 0.7785 0.03113278319579895 0.04
0 0.6170292573143286 0.624 0.0345086271567892 0.04
0 0.581020255063766 0.58475 0.03150787696924231 0.0415
0 0.5705176294073518 0.557 0.03600900225056264 0.037
0 0.5690172543135784 0.48125 0.028507126781695424 0.0375
0 0.5791447861965492 0.52 0.03375843960990248 0.04
0 0.6012753188297074 0.55075 0.02700675168792198 0.0365
0 0.608027006751688 0.50675 0.03150787696924231 0.0425
0 0.6166541635408852 0.5825 0.030007501875468866 0.04
0 0.6382220555138785 0.514 0.03113278319579895 0.039
0 0.6372843210802701 0.554 0.029257314328582147 0.041
0 0.6597899474868717 0.5465 0.025506376594148537 0.04
0 0.6564141035258815 0.5915 0.033008252063015754 0.042
0 0.6614778694673669 0.6335 0.03488372093023256 0.04
0 0.6468492123030758 0.6655 0.030382595648912228 0.042
0 0.6753563390847712 0.688 0.028132033008252063 0.046
0 0.7314328582145536 0.737 0.030007501875468866 0.042
0 0.7093023255813954 0.70425 0.033008252063015754 0.0385
0 0.7378094523630908 0.68725 0.03375843960990248 0.0395
0 0.7066766691672918 0.66825 0.024756189047261814 0.0395
0 0.7008627156789198 0.638 0.03563390847711928 0.039
0 0.6832333083270817 0.60575 0.024381095273818456 0.0425
0 0.7250562640660165 0.63275 0.030007501875468866 0.0375
0 0.7466241560390098 0.64675 0.029632408102025505 0.0405
0 0.6862340585146287 0.5625 0.03113278319579895 0.047
0 0.7111777944486122 0.549 0.03075768942235559 0.04
0 0.7222430607651913 0.5945 0.03188297074268567 0.043
0 0.75 0.605 0.024381095273818456 0.045
0 0.7389347336834209 0.55975 0.025506376594148537 0.0445
0 0.7571267816954238 0.568 0.02138034508627157 0.039
