0 0.08345836459114779 0.29175 0.06639159789947487 0.1045
0 0.1262190547636909 0.351 0.055138784696174045 0.073
0 0.16541635408852212 0.41225 0.056264066016504126 0.0725
0 0.20742685671417854 0.41225 0.051762940735183796 0.0755
0 0.21905476369092272 0.46025 0.05401350337584396 0.0595
0 0.11290322580645161 0.432 0.04801200300075019 0.071
0 0.1639159789947487 0.479 0.05926481620405101 0.067
0 0.2117404351087772 0.54825 0.04913728432108027 0.0745
0 0.24118529632408103 0.5175 0.05476369092273068 0.073
0 0.27663165791447863 0.5035 0.05813953488372093 0.065
0 0.2616279069767442 0.42925 0.0536384096024006 0.0795
0 0.32726931732933234 0.44175 0.05438859714928732 0.0785
0 0.17085521380345087 0.3445 0.05138784696174044 0.073
0 0.22074268567141786 0.2915 0.0536384096024006 0.077
0 0.2642535633908477 0.329 0.050637659414853715 0.076
0 0.3152663165791448 0.363 0.0641410352588147 0.078
0 0.373218304576144 0.39475 0.05926481620405101 0.0685
0 0.3850337584396099 0.4575 0.055138784696174045 0.075
0 0.3387096774193548 0.51625 0.051762940735183796 0.0705
0 0.304013503375844 0.564 0.05288822205551388 0.072
0 0.2653788447111778 0.5945 0.050637659414853715 0.075
0 0.24118529632408103 0.6175 0.04801200300075019 0.058
0 0.2955738934733683 0.64025 0.04426106526631658 0.0625
0 0.32726931732933234 0.6555 0.055138784696174045 0.059
0 0.2813203300825206 0.675 0.05026256564141035 0.052
0 0.3267066766691673 0.691 0.047261815453863466 0.049
0 0.29013503375843963 0.72525 0.05438859714928732 0.0545
0 0.3435858964741185 0.7215 0.04126031507876969 0.052
0 0.3734058514628657 0.6775 0.04688672168042011 0.055
0 0.3859714928732183 0.73225 0.0450112528132033 0.0635
0 0.3675918979744936 0.79125 0.04951237809452363 0.0525
0 0.422543135783946 0.7835 0.04913728432108027 0.067
0 0.41335333833458365 0.70625 0.04876219054763691 0.0655
0 0.4424231057764441 0.663 0.04688672168042011 0.067
0 0.46399099774943736 0.7255 0.047261815453863466 0.066
0 0.481807951987997 0.75875 0.04463615903975994 0.0535
0 0.48893473368342083 0.61275 0.052138034508627154 0.0665
0 0.42198049512378094 0.587 0.04576144036009002 0.066
0 0.4021005251312828 0.6115 0.047261815453863466 0.059
0 0.36159039759939987 0.5725 0.056264066016504126 0.067
0 0.4013503375843961 0.524 0.056264066016504126 0.056
0 0.44036009002250565 0.48575 0.051762940735183796 0.0675
0 0.4664291072768192 0.55 0.05588897224306077 0.07
0 0.42441860465116277 0.4125 0.05738934733683421 0.074
0 0.40397599399849965 0.35425 0.06001500375093773 0.0745
0 0.2996999249812453 0.291 0.06151537884471118 0.077
0 0.36834208552138037 0.30525 0.05701425356339085 0.0685
0 0.3448987246811703 0.2395 0.05738934733683421 0.066
0 0.3975993998499625 0.23825 0.058514628657164294 0.0865
0 0.3698424606151538 0.17725 0.06451612903225806 0.0695
0 0.30982745686421603 0.162 0.06526631657914479 0.084
0 0.18829707426856715 0.13425 0.06826706676669167 0.1145
0 0.15735183795948987 0.21625 0.06339084771192798 0.0915
0 0.23330832708177043 0.2275 0.0622655663915979 0.093
0 0.42779444861215304 0.12675 0.05813953488372093 0.0995
0 0.4553638409602401 0.20075 0.06151537884471118 0.0985
0 0.445423855963991 0.29075 0.05888972243060765 0.0805
0 0.49531132783195797 0.302 0.05138784696174044 0.095
0 0.46886721680420107 0.36925 0.05251312828207052 0.0765
0 0.4827456864216054 0.438 0.05701425356339085 0.073
0 0.5003750937734434 0.50475 0.058514628657164294 0.0795
0 0.5018754688672168 0.68225 0.05401350337584396 0.0575
0 0.5185671417854464 0.72925 0.0603900975243811 0.0645
0 0.5536384096024006 0.672 0.051762940735183796 0.063
0 0.5296324081020255 0.80925 0.0555138784696174 0.0555
0 0.5798949737434359 0.77975 0.05251312828207052 0.0535
0 0.6228432108027007 0.74475 0.05288822205551388 0.0635
0 0.6626031507876969 0.71425 0.05288822205551388 0.0645
0 0.6740435108777194 0.75775 0.05101275318829707 0.0655
0 0.7288072018004501 0.75 0.04951237809452363 0.075
0 0.7756939234808702 0.7125 0.05026256564141035 0.061
0 0.7732558139534884 0.665 0.059639909977494375 0.066
0 0.7186796699174793 0.6845 0.05926481620405101 0.056
0 0.7181170292573144 0.6345 0.0536384096024006 0.065
0 0.6551012753188297 0.63925 0.05588897224306077 0.0695
0 0.6042760690172543 0.62875 0.05026256564141035 0.0695
0 0.6069017254313578 0.67825 0.05026256564141035 0.0505
0 0.5296324081020255 0.5875 0.060765191297824456 0.067
0 0.5442610652663166 0.62025 0.05251312828207052 0.0605
0 0.5420105026256564 0.4465 0.058514628657164294 0.079
0 0.5632033008252063 0.52525 0.055138784696174045 0.0795
0 0.6067141785446362 0.547 0.056639159789947484 0.062
0 0.6211552888222055 0.48625 0.06001500375093773 0.0775
0 0.6485371342835708 0.50725 0.047261815453863466 0.0695
0 0.6764816204051013 0.58125 0.06264066016504126 0.0585
0 0.7149287321830458 0.51225 0.06001500375093773 0.0715
0 0.7561890472618155 0.56825 0.06001500375093773 0.0715
0 0.8132033008252063 0.60875 0.05326331582895724 0.0715
0 0.8160165041260315 0.66175 0.046136534133533386 0.0675
0 0.873218304576144 0.6105 0.06526631657914479 0.07
0 0.8163915978994749 0.534 0.056639159789947484 0.071
0 0.7738184546136534 0.4985 0.05701425356339085 0.079
0 0.7256189047261815 0.4465 0.061140285071267814 0.072
0 0.6654163540885222 0.435 0.058514628657164294 0.068
0 0.608589647411853 0.40225 0.05438859714928732 0.0765
0 0.5288822205551388 0.37825 0.05926481620405101 0.0765
0 0.5742685671417854 0.34025 0.06001500375093773 0.0895
0 0.6249062265566392 0.277 0.06751687921980495 0.092
0 0.653788447111778 0.34825 0.0622655663915979 0.0725
0 0.7083645911477869 0.37775 0.06264066016504126 0.0815
0 0.7573143285821455 0.3805 0.05326331582895724 0.082
0 0.746436609152288 0.30775 0.06676669167291822 0.0845
0 0.6903600900225056 0.27475 0.059639909977494375 0.0905
0 0.8156414103525882 0.28075 0.07239309827456865 0.0885
0 0.8604651162790697 0.3655 0.06826706676669167 0.098
0 0.8797824456114028 0.3995 0.04913728432108027 0.07
0 0.8426481620405101 0.44175 0.0641410352588147 0.0785
0 0.8694673668417104 0.47525 0.05776444111027757 0.0785
0 0.9107276819204801 0.5595 0.06376594148537135 0.059
0 0.5500750187546887 0.248 0.034133533383345835 0.05
