0 0.09152288072018004 0.224 0.04876219054763691 0.069
0 0.10558889722430607 0.28875 0.046136534133533386 0.0685
0 0.1369092273068267 0.2525 0.04951237809452363 0.07
0 0.1744186046511628 0.30975 0.05251312828207052 0.0605
0 0.12584396099024756 0.339 0.050637659414853715 0.065
0 0.1532258064516129 0.40225 0.047636909227306824 0.0665
0 0.11646661665416354 0.40975 0.041635408852213056 0.0655
0 0.12715678919729934 0.46725 0.046511627906976744 0.0675
0 0.11721680420105027 0.52575 0.04688672168042011 0.0615
0 0.18417104276069018 0.53975 0.04576144036009002 0.0625
0 0.2098649662415604 0.576 0.04838709677419355 0.059
0 0.19504876219054765 0.46225 0.04126031507876969 0.0665
0 0.23893473368342086 0.507 0.04426106526631658 0.071
0 0.27156789197299325 0.54725 0.04576144036009002 0.0675
0 0.2550637659414854 0.45425 0.04801200300075019 0.0695
0 0.23837209302325582 0.38875 0.043135783945986494 0.0665
0 0.2788822205551388 0.40675 0.04913728432108027 0.0675
0 0.2586271567891973 0.32275 0.04538634658664666 0.0675
0 0.3008252063015754 0.34075 0.04951237809452363 0.0655
0 0.32408102025506375 0.3855 0.04051012753188297 0.07
0 0.34152288072018006 0.452 0.03938484621155289 0.072
0 0.37115528882220555 0.39025 0.04838709677419355 0.0665
0 0.3735933983495874 0.33175 0.04351087771942986 0.0655
0 0.3360840210052513 0.28375 0.05101275318829707 0.0615
0 0.27419354838709675 0.241 0.05026256564141035 0.073
0 0.2601275318829707 0.17925 0.05138784696174044 0.0745
0 0.2106151537884471 0.249 0.04538634658664666 0.073
0 0.0613278319579895 0.34825 0.04988747186796699 0.0825
0 0.051762940735183796 0.40925 0.05251312828207052 0.0645
0 0.07051762940735183 0.46375 0.05026256564141035 0.0605
0 0.2567516879219805 0.614 0.04988747186796699 0.065
0 0.2815078769692423 0.6655 0.04988747186796699 0.063
0 0.32314328582145535 0.669 0.04688672168042011 0.075
0 0.3208927231807952 0.6005 0.04088522130532633 0.07
0 0.3402100525131283 0.5285 0.05101275318829707 0.065
0 0.37471867966991745 0.51925 0.03900975243810953 0.0745
0 0.399662415603901 0.4585 0.04913728432108027 0.063
0 0.4180420105026257 0.519 0.04538634658664666 0.069
0 0.4551762940735184 0.47275 0.04388597149287322 0.0755
0 0.48124531132783194 0.537 0.05251312828207052 0.072
0 0.42704426106526633 0.58475 0.0536384096024006 0.0655
0 0.36196549137284323 0.59075 0.0450112528132033 0.0725
0 0.3977869467366842 0.659 0.04988747186796699 0.067
0 0.45573893473368343 0.64675 0.051762940735183796 0.0615
0 0.4894973743435859 0.602 0.05026256564141035 0.065
0 0.3332708177044261 0.73775 0.03788447111777944 0.0625
0 0.373218304576144 0.7205 0.042010502625656414 0.072
0 0.37621905476369094 0.792 0.05026256564141035 0.063
0 0.4253563390847712 0.79975 0.04126031507876969 0.0685
0 0.4300450112528132 0.746 0.050637659414853715 0.069
0 0.4647411852963241 0.704 0.04801200300075019 0.06
0 0.4932483120780195 0.76375 0.04801200300075019 0.0705
0 0.4713053263315829 0.8175 0.043135783945986494 0.058
0 0.49568642160540133 0.914 0.04088522130532633 0.077
0 0.5176294073518379 0.8335 0.047261815453863466 0.069
0 0.5528882220555139 0.86075 0.051762940735183796 0.0705
0 0.5521380345086272 0.78925 0.05026256564141035 0.0695
0 0.5264441110277569 0.72125 0.05138784696174044 0.0655
0 0.5232558139534884 0.653 0.05101275318829707 0.064
0 0.544073518379595 0.5595 0.050637659414853715 0.069
0 0.5720180045011253 0.60625 0.05101275318829707 0.0675
0 0.5828957239309828 0.69325 0.04876219054763691 0.0685
0 0.594523630907727 0.73775 0.05026256564141035 0.0665
0 0.6395348837209303 0.68775 0.05101275318829707 0.0695
0 0.6228432108027007 0.528 0.055138784696174045 0.067
0 0.5240060015003751 0.491 0.05101275318829707 0.065
0 0.5785821455363841 0.4805 0.050637659414853715 0.071
0 0.627906976744186 0.44075 0.058514628657164294 0.0645
0 0.550450112528132 0.42325 0.05738934733683421 0.0665
0 0.45555138784696175 0.403 0.055138784696174045 0.073
0 0.5063765941485371 0.39475 0.04951237809452363 0.0645
0 0.48799699924981244 0.322 0.04426106526631658 0.07
0 0.4441110277569392 0.32775 0.04951237809452363 0.0635
0 0.4122280570142536 0.2855 0.04876219054763691 0.062
0 0.32820705176294074 0.187 0.04876219054763691 0.075
0 0.3790322580645161 0.233 0.05288822205551388 0.063
0 0.41016504126031506 0.17625 0.05138784696174044 0.0675
0 0.4300450112528132 0.216 0.05288822205551388 0.068
0 0.4696174043510878 0.2635 0.046511627906976744 0.071
0 0.4943735933983496 0.20525 0.058514628657164294 0.0725
0 0.5365716429107277 0.24925 0.05588897224306077 0.0735
0 0.581582895723931 0.281 0.05588897224306077 0.071
0 0.5967741935483871 0.353 0.051762940735183796 0.069
0 0.6519129782445612 0.28125 0.056264066016504126 0.0675
0 0.7443735933983496 0.312 0.06489122280570142 0.069
0 0.7293698424606152 0.38425 0.06489122280570142 0.0665
0 0.7259939984996249 0.4445 0.06339084771192798 0.068
0 0.6984246061515379 0.5195 0.05776444111027757 0.077
0 0.6999249812453113 0.5965 0.05701425356339085 0.066
0 0.709489872468117 0.6585 0.05438859714928732 0.074
0 0.7721305326331583 0.66675 0.055138784696174045 0.0695
0 0.7593773443360841 0.5975 0.05813953488372093 0.069
0 0.7695048762190547 0.51675 0.0536384096024006 0.0745
0 0.8313953488372093 0.42575 0.05438859714928732 0.0795
0 0.8448987246811703 0.35625 0.05588897224306077 0.0915
0 0.9216054013503376 0.3815 0.05026256564141035 0.072
0 0.885596399099775 0.43175 0.05776444111027757 0.0755
0 0.954801200300075 0.467 0.05888972243060765 0.075
0 0.9024756189047262 0.513 0.05251312828207052 0.071
0 0.8428357089272318 0.49575 0.05401350337584396 0.0695
0 0.8582145536384096 0.56075 0.06001500375093773 0.0715
0 0.8852213053263316 0.59325 0.056264066016504126 0.0765
0 0.8072018004501126 0.60625 0.05251312828207052 0.0745
