0 0.2526256564141035 0.61525 0.04838709677419355 0.0495
0 0.28844711177794446 0.67075 0.04801200300075019 0.0495
0 0.31976744186046513 0.6395 0.050637659414853715 0.049
0 0.33308327081770445 0.69475 0.04801200300075019 0.0465
0 0.37490622655663913 0.656 0.05138784696174044 0.053
0 0.3765941485371343 0.6955 0.04801200300075019 0.044
0 0.423105776444111 0.6365 0.04876219054763691 0.051
0 0.42085521380345087 0.70025 0.047261815453863466 0.0415
0 0.4180420105026257 0.742 0.04538634658664666 0.047
0 0.46999249812453114 0.64225 0.04876219054763691 0.0585
0 0.46417854463615904 0.70125 0.04838709677419355 0.0535
0 0.47186796699174793 0.72925 0.05701425356339085 0.0415
0 0.5206301575393848 0.67475 0.04801200300075019 0.0485
0 0.5153788447111778 0.71325 0.05101275318829707 0.0455
0 0.5650787696924231 0.69525 0.05438859714928732 0.0515
0 0.5712678169542386 0.645 0.05026256564141035 0.046
0 0.5180045011252813 0.613 0.051762940735183796 0.055
0 0.627906976744186 0.646 0.051762940735183796 0.057
0 0.6213428357089272 0.6885 0.0536384096024006 0.05
0 0.63615903975994 0.725 0.0555138784696174 0.045
0 0.6687921980495124 0.674 0.05326331582895724 0.061
0 0.6761065266316579 0.625 0.05138784696174044 0.057
0 0.6631657914478619 0.523 0.05701425356339085 0.068
0 0.6065266316579144 0.5275 0.05926481620405101 0.059
0 0.6260315078769693 0.58125 0.06376594148537135 0.0565
0 0.5714553638409603 0.606 0.05738934733683421 0.064
0 0.5438859714928732 0.5465 0.05476369092273068 0.059
0 0.4836834208552138 0.575 0.050637659414853715 0.06
0 0.4234808702175544 0.56125 0.06301575393848462 0.0525
0 0.38822205551387845 0.59875 0.05401350337584396 0.0525
0 0.3332708177044261 0.5885 0.05738934733683421 0.058
0 0.2830082520630158 0.598 0.050637659414853715 0.051
0 0.19617404351087772 0.546 0.056264066016504126 0.053
0 0.23724681170292572 0.511 0.050637659414853715 0.057
0 0.2432483120780195 0.54325 0.041635408852213056 0.0365
0 0.28394598649662417 0.53625 0.05026256564141035 0.0515
0 0.36346586646661666 0.52925 0.05026256564141035 0.0555
0 0.2591897974493623 0.45275 0.056264066016504126 0.0615
0 0.2651912978244561 0.39975 0.05401350337584396 0.0695
0 0.31376594148537135 0.42025 0.05738934733683421 0.0645
0 0.3310202550637659 0.45625 0.055138784696174045 0.0545
0 0.38053263315828956 0.44475 0.056639159789947484 0.0685
0 0.3936609152288072 0.4795 0.03563390847711928 0.046
0 0.4358589647411853 0.499 0.060765191297824456 0.073
0 0.4711177794448612 0.44675 0.05926481620405101 0.0675
0 0.4913728432108027 0.5095 0.0555138784696174 0.07
0 0.5326331582895724 0.48025 0.06001500375093773 0.0675
0 0.4221680420105026 0.387 0.055138784696174045 0.065
0 0.4409227306826707 0.3325 0.06564141035258815 0.079
0 0.45836459114778694 0.24025 0.06301575393848462 0.0785
0 0.5309452363090773 0.28425 0.059639909977494375 0.0895
0 0.4983120780195049 0.35775 0.0603900975243811 0.0745
0 0.5530757689422355 0.39875 0.07014253563390847 0.0625
0 0.5903975993998499 0.1605 0.07201800450112528 0.096
0 0.6712303075768942 0.19425 0.07839459864966242 0.0935
0 0.7469992498124531 0.15875 0.08214553638409602 0.0895
0 0.6057764441110277 0.243 0.06601650412603151 0.087
0 0.6567891972993248 0.29075 0.06376594148537135 0.0805
0 0.7263690922730682 0.26375 0.07614403600900226 0.0995
0 0.827456864216054 0.23225 0.07051762940735183 0.0885
0 0.872093023255814 0.31975 0.07201800450112528 0.0855
0 0.7740060015003751 0.3475 0.07464366091522881 0.08
0 0.5817704426106527 0.33425 0.06676669167291822 0.0795
0 0.6258439609902475 0.40475 0.06564141035258815 0.0625
0 0.7049887471867967 0.42125 0.07614403600900226 0.0755
0 0.7972618154538634 0.401 0.06564141035258815 0.075
0 0.9221680420105026 0.4225 0.0671417854463616 0.073
0 0.8499624906226556 0.45375 0.06376594148537135 0.0705
0 0.7788822205551388 0.46675 0.061890472618154536 0.0695
0 0.7248687171792948 0.44975 0.06639159789947487 0.0605
0 0.6564141035258815 0.46025 0.06676669167291822 0.0635
0 0.5903975993998499 0.46525 0.06301575393848462 0.0725
0 0.7342460615153789 0.53425 0.061890472618154536 0.0685
0 0.8302700675168793 0.51975 0.0641410352588147 0.0675
0 0.7310577644411103 0.6 0.06376594148537135 0.055
0 0.7306826706676669 0.658 0.06301575393848462 0.051
0 0.7906976744186046 0.64225 0.06301575393848462 0.0515
0 0.8077644411102776 0.56775 0.0641410352588147 0.0565
0 0.8574643660915229 0.60275 0.05701425356339085 0.0505
0 0.8478994748687172 0.64025 0.056639159789947484 0.0505
0 0.8929107276819205 0.5635 0.06564141035258815 0.055
0 0.8921605401350338 0.6015 0.04538634658664666 0.039
0 0.9448612153038259 0.572 0.0555138784696174 0.067
