0 0.20536384096024007 0.512 0.04538634658664666 0.062
0 0.24943735933983496 0.515 0.04051012753188297 0.057
0 0.231807951987997 0.60325 0.04051012753188297 0.0625
0 0.2663165791447862 0.5835 0.04276069017254314 0.064
0 0.25375093773443363 0.656 0.04238559639909977 0.06
0 0.2672543135783946 0.6825 0.04988747186796699 0.065
0 0.29538634658664664 0.7225 0.04913728432108027 0.057
0 0.3124531132783196 0.757 0.04801200300075019 0.071
0 0.367966991747937 0.77925 0.05326331582895724 0.0795
0 0.35952738184546135 0.6995 0.0536384096024006 0.069
0 0.42441860465116277 0.7525 0.05438859714928732 0.074
0 0.47505626406601653 0.7445 0.04913728432108027 0.078
0 0.44879969992498125 0.69225 0.04838709677419355 0.0645
0 0.396099024756189 0.6405 0.05251312828207052 0.069
0 0.3372093023255814 0.65725 0.05101275318829707 0.0635
0 0.2972618154538635 0.62875 0.04688672168042011 0.0635
0 0.3038259564891223 0.5715 0.04126031507876969 0.065
0 0.34508627156789196 0.56075 0.051762940735183796 0.0625
0 0.3859714928732183 0.52425 0.04876219054763691 0.0635
0 0.38728432108027006 0.59025 0.047636909227306824 0.0565
0 0.4262940735183796 0.55825 0.047636909227306824 0.0685
0 0.45723930982745686 0.61925 0.04351087771942986 0.0685
0 0.4857464366091523 0.66525 0.051762940735183796 0.0795
0 0.5485746436609152 0.70225 0.04988747186796699 0.0635
0 0.5877719429857464 0.67875 0.05026256564141035 0.0695
0 0.49024756189047264 0.58075 0.0555138784696174 0.0755
0 0.5376969242310577 0.62725 0.05438859714928732 0.0775
0 0.5879594898724682 0.60325 0.04988747186796699 0.0715
0 0.6400975243810952 0.636 0.05738934733683421 0.076
0 0.6911102775693924 0.602 0.0603900975243811 0.072
0 0.6903600900225056 0.53675 0.04988747186796699 0.0705
0 0.6404726181545386 0.57 0.05738934733683421 0.07
0 0.6395348837209303 0.51375 0.05326331582895724 0.0615
0 0.5900225056264066 0.52775 0.046511627906976744 0.0685
0 0.5513878469617405 0.55975 0.05326331582895724 0.0715
0 0.5144411102775694 0.539 0.04913728432108027 0.058
0 0.4617404351087772 0.498 0.051762940735183796 0.059
0 0.5506376594148538 0.49525 0.047261815453863466 0.0635
0 0.5969617404351087 0.46 0.050637659414853715 0.06
0 0.6483495873968492 0.44075 0.056639159789947484 0.0665
0 0.6986121530382595 0.44825 0.055138784696174045 0.0765
0 0.6882970742685671 0.39375 0.05251312828207052 0.0665
0 0.7151162790697675 0.33175 0.052138034508627154 0.0665
0 0.6839834958739685 0.2995 0.05138784696174044 0.064
0 0.623218304576144 0.322 0.047636909227306824 0.059
0 0.6582895723930983 0.3545 0.05101275318829707 0.065
0 0.5731432858214554 0.347 0.04951237809452363 0.057
0 0.6175918979744937 0.39275 0.05138784696174044 0.0585
0 0.5718304576144037 0.41275 0.05138784696174044 0.0705
0 0.5277569392348087 0.3825 0.05326331582895724 0.063
0 0.5262565641410353 0.43175 0.05101275318829707 0.0605
0 0.47355588897224304 0.42125 0.046136534133533386 0.0625
0 0.4737434358589647 0.3665 0.05251312828207052 0.059
0 0.42029257314328583 0.415 0.043135783945986494 0.06
0 0.42385596399099773 0.447 0.04876219054763691 0.062
0 0.3859714928732183 0.468 0.04576144036009002 0.06
0 0.34827456864216055 0.49525 0.050637659414853715 0.0595
0 0.29426106526631657 0.499 0.04838709677419355 0.061
0 0.22861965491372843 0.4305 0.050637659414853715 0.064
0 0.2651912978244561 0.46125 0.046511627906976744 0.0625
0 0.3177044261065266 0.4475 0.04351087771942986 0.058
0 0.3555888972243061 0.422 0.046511627906976744 0.062
0 0.25806451612903225 0.3715 0.04951237809452363 0.046
0 0.28094523630907725 0.40925 0.04876219054763691 0.0485
0 0.29519879969992496 0.35525 0.04801200300075019 0.0585
0 0.29951237809452363 0.2825 0.04688672168042011 0.049
0 0.327456864216054 0.3005 0.04426106526631658 0.059
0 0.33064516129032256 0.3685 0.046136534133533386 0.059
0 0.3801575393848462 0.30175 0.04463615903975994 0.0685
0 0.3794073518379595 0.3705 0.047636909227306824 0.059
0 0.42873218304576144 0.3525 0.04801200300075019 0.06
0 0.4257314328582146 0.2895 0.046511627906976744 0.056
0 0.4628657164291073 0.31325 0.04576144036009002 0.0635
0 0.5026256564141035 0.27675 0.046511627906976744 0.0615
0 0.5335708927231808 0.32025 0.04238559639909977 0.0655
0 0.5798949737434359 0.29625 0.0555138784696174 0.0595
0 0.6222805701425357 0.2465 0.05026256564141035 0.06
0 0.70423855963991 0.231 0.05438859714928732 0.068
0 0.6976744186046512 0.16075 0.04576144036009002 0.0535
0 0.7025506376594148 0.1165 0.0450112528132033 0.055
0 0.6211552888222055 0.1205 0.05251312828207052 0.056
0 0.6477869467366841 0.20125 0.03975993998499625 0.0585
0 0.6037134283570893 0.19025 0.04988747186796699 0.0585
0 0.5737059264816204 0.23375 0.04538634658664666 0.0545
0 0.5268192048012003 0.231 0.04913728432108027 0.06
0 0.544073518379595 0.11675 0.04988747186796699 0.0525
0 0.5455738934733684 0.1555 0.04538634658664666 0.052
0 0.4930607651912978 0.1385 0.046136534133533386 0.058
0 0.4778694673668417 0.20075 0.05101275318829707 0.0565
0 0.459489872468117 0.23825 0.04876219054763691 0.0615
0 0.41766691672918227 0.23825 0.047636909227306824 0.0615
0 0.38653413353338334 0.20925 0.04238559639909977 0.0555
0 0.3529632408102025 0.24625 0.051762940735183796 0.0635
0 0.7558139534883721 0.1185 0.04876219054763691 0.062
0 0.795198799699925 0.1555 0.04951237809452363 0.061
0 0.8754688672168042 0.156 0.05701425356339085 0.062
0 0.9238559639909978 0.1975 0.058514628657164294 0.07
0 0.7438109527381845 0.179 0.051762940735183796 0.059
0 0.7837584396099024 0.22025 0.05288822205551388 0.0705
0 0.8312078019504876 0.21075 0.05101275318829707 0.0635
0 0.8835333833458364 0.238 0.05738934733683421 0.069
0 0.9328582145536384 0.28375 0.05776444111027757 0.0695
0 0.8501500375093773 0.27 0.0536384096024006 0.071
0 0.7899474868717179 0.27075 0.05326331582895724 0.0695
0 0.7370592648162041 0.28075 0.0555138784696174 0.0695
0 0.7696924231057765 0.33925 0.05101275318829707 0.0705
0 0.8282070517629407 0.346 0.05101275318829707 0.069
0 0.8899099774943736 0.3345 0.055138784696174045 0.078
0 0.7434358589647412 0.395 0.05251312828207052 0.067
0 0.7933233308327082 0.4145 0.05326331582895724 0.069
0 0.8539009752438109 0.41225 0.052138034508627154 0.0715
0 0.812828207051763 0.47325 0.05251312828207052 0.0735
0 0.7608777194298575 0.45725 0.04988747186796699 0.0705
0 0.7798199549887472 0.52275 0.06151537884471118 0.0765
0 0.7458739684921231 0.58 0.061140285071267814 0.074
