0 0.1761065266316579 0.63575 0.038634658664666165 0.0445
0 0.18192048012003 0.683 0.0450112528132033 0.046
0 0.2078019504876219 0.71125 0.0345086271567892 0.0435
0 0.24212303075768943 0.728 0.04088522130532633 0.052
0 0.27494373593398347 0.743 0.03225806451612903 0.044
0 0.2145536384096024 0.66625 0.03375843960990248 0.0465
0 0.26219054763690924 0.69125 0.03975993998499625 0.0445
0 0.28675918979744935 0.7125 0.034133533383345835 0.037
0 0.32295573893473367 0.7315 0.035258814703675916 0.043
0 0.3437734433608402 0.77475 0.03563390847711928 0.0475
0 0.16541635408852212 0.59575 0.03975993998499625 0.0355
0 0.20630157539384847 0.57175 0.02700675168792198 0.0405
0 0.22993248312078018 0.578 0.03675918979744936 0.046
0 0.21942985746436608 0.61825 0.03675918979744936 0.0425
0 0.2576894223555889 0.6395 0.035258814703675916 0.051
0 0.2903225806451613 0.6335 0.03600900225056264 0.047
0 0.3207051762940735 0.653 0.03675918979744936 0.034
0 0.3169542385596399 0.68575 0.03600900225056264 0.0405
0 0.349774943735934 0.68425 0.03488372093023256 0.0435
0 0.3677794448612153 0.704 0.03563390847711928 0.044
0 0.3810952738184546 0.7435 0.033008252063015754 0.044
0 0.4112903225806452 0.73275 0.03188297074268567 0.0445
0 0.40266316579144784 0.69 0.025881470367591898 0.049
0 0.37978244561140284 0.66475 0.032633158289572396 0.0405
0 0.3463990997749437 0.6285 0.03488372093023256 0.043
0 0.3102025506376594 0.60625 0.0345086271567892 0.0415
0 0.3353338334583646 0.58775 0.030007501875468866 0.0455
0 0.2584396099024756 0.565 0.03375843960990248 0.045
0 0.1774193548387097 0.5455 0.03375843960990248 0.047
0 0.17591897974493623 0.5015 0.03675918979744936 0.053
0 0.2031132783195799 0.52275 0.03563390847711928 0.0465
0 0.23518379594898725 0.51875 0.037509377344336084 0.0445
0 0.2745686421605401 0.529 0.03825956489122281 0.048
0 0.3073893473368342 0.5445 0.03788447111777944 0.043
0 0.29838709677419356 0.50175 0.036384096024006 0.0435
0 0.33177044261065264 0.51625 0.03338334583645911 0.0405
0 0.34996249062265566 0.54775 0.03150787696924231 0.0455
0 0.37959489872468116 0.559 0.0345086271567892 0.042
0 0.36946736684171044 0.60125 0.03375843960990248 0.0425
0 0.39497374343585895 0.6255 0.03225806451612903 0.043
0 0.42460615153788445 0.64875 0.035258814703675916 0.0475
0 0.4566766691672918 0.66025 0.03188297074268567 0.0465
0 0.4367966991747937 0.6865 0.032633158289572396 0.033
0 0.4568642160540135 0.614 0.030007501875468866 0.043
0 0.43885971492873216 0.57875 0.03150787696924231 0.0395
0 0.4097899474868717 0.581 0.030382595648912228 0.042
0 0.4253563390847712 0.5485 0.0345086271567892 0.039
0 0.4195423855963991 0.5175 0.032633158289572396 0.037
0 0.37284321080270066 0.52075 0.03375843960990248 0.0415
0 0.2516879219804951 0.475 0.03600900225056264 0.044
0 0.22374343585896475 0.48875 0.03338334583645911 0.0385
0 0.2003000750187547 0.46475 0.03225806451612903 0.0475
0 0.22768192048012004 0.44625 0.03825956489122281 0.0465
0 0.24737434358589647 0.41625 0.03488372093023256 0.0405
0 0.2760690172543136 0.43775 0.03375843960990248 0.0355
0 0.2003000750187547 0.3895 0.037509377344336084 0.044
0 0.23705926481620404 0.3755 0.030007501875468866 0.037
0 0.2747561890472618 0.397 0.03113278319579895 0.043
0 0.3072018004501125 0.4005 0.03600900225056264 0.046
0 0.33983495873968494 0.4125 0.033008252063015754 0.043
0 0.3630907726931733 0.435 0.0345086271567892 0.042
0 0.3066391597899475 0.44875 0.03338334583645911 0.0415
0 0.34227306826706677 0.4605 0.034133533383345835 0.037
0 0.3666541635408852 0.47175 0.03488372093023256 0.0475
0 0.39722430607651915 0.4785 0.03375843960990248 0.041
0 0.4441110277569392 0.49425 0.03150787696924231 0.0445
0 0.24568642160540136 0.30275 0.03675918979744936 0.0475
0 0.26500375093773443 0.338 0.03113278319579895 0.048
0 0.2923855963990998 0.34925 0.036384096024006 0.0425
0 0.32483120780195046 0.3565 0.0345086271567892 0.036
0 0.2846961740435109 0.31375 0.03225806451612903 0.0395
0 0.3158289572393098 0.31975 0.030007501875468866 0.0375
0 0.3445236309077269 0.3265 0.03113278319579895 0.045
0 0.26556639159789946 0.28075 0.03600900225056264 0.0445
0 0.29613653413353336 0.26475 0.032633158289572396 0.0425
0 0.31939234808702177 0.28 0.032633158289572396 0.042
0 0.34846211552888223 0.29 0.03225806451612903 0.038
0 0.31207801950487624 0.237 0.03225806451612903 0.044
0 0.3428357089272318 0.23325 0.030007501875468866 0.0305
0 0.3584021005251313 0.25175 0.032633158289572396 0.0375
0 0.3809077269317329 0.22575 0.03488372093023256 0.0345
0 0.38072018004501124 0.27525 0.03375843960990248 0.0325
0 0.40266316579144784 0.2675 0.032633158289572396 0.042
0 0.3951612903225806 0.3085 0.032633158289572396 0.043
0 0.41841710427606904 0.29675 0.028882220555138786 0.0415
0 0.4144786196549137 0.194 0.029257314328582147 0.036
0 0.4375468867216804 0.22725 0.029632408102025505 0.0445
0 0.445423855963991 0.20475 0.028132033008252063 0.0285
0 0.46605401350337583 0.2315 0.02738184546136534 0.035
0 0.44561140285071266 0.26875 0.03075768942235559 0.0495
0 0.38615903975994 0.35625 0.029632408102025505 0.0385
0 0.4163540885221305 0.3475 0.030007501875468866 0.039
0 0.40941485371342834 0.38575 0.03188297074268567 0.0405
0 0.3493998499624906 0.388 0.029632408102025505 0.036
0 0.37696924231057766 0.40625 0.03375843960990248 0.0395
0 0.40491372843210804 0.431 0.03563390847711928 0.04
0 0.43435858964741186 0.4405 0.03150787696924231 0.042
0 0.4377344336084021 0.40925 0.03075768942235559 0.0335
0 0.4606151537884471 0.39675 0.03150787696924231 0.0405
0 0.4512378094523631 0.35425 0.0277569392348087 0.0415
0 0.48030757689422354 0.34725 0.03488372093023256 0.0365
0 0.4540510127531883 0.32 0.029632408102025505 0.038
0 0.48030757689422354 0.3125 0.029632408102025505 0.041
0 0.5090022505626407 0.3245 0.028507126781695424 0.041
0 0.5142535633908477 0.35675 0.0277569392348087 0.0335
0 0.4831207801950488 0.38675 0.030007501875468866 0.0335
0 0.5009377344336085 0.426 0.025881470367591898 0.044
0 0.4769317329332333 0.44125 0.030382595648912228 0.0405
0 0.4544261065266317 0.4625 0.03338334583645911 0.039
0 0.4788072018004501 0.48125 0.03113278319579895 0.0415
0 0.5080645161290323 0.47575 0.030382595648912228 0.0355
0 0.5395723930982745 0.46875 0.034133533383345835 0.0425
0 0.5262565641410353 0.426 0.029257314328582147 0.04
0 0.45423855963991 0.53075 0.03225806451612903 0.0405
0 0.46605401350337583 0.5655 0.025881470367591898 0.041
0 0.4934358589647412 0.5645 0.032633158289572396 0.037
0 0.4866841710427607 0.6225 0.029632408102025505 0.043
0 0.536946736684171 0.6195 0.03338334583645911 0.046
0 0.5573893473368342 0.616 0.024006001500375095 0.039
0 0.5787696924231058 0.60225 0.0277569392348087 0.0405
0 0.5633908477119279 0.5825 0.028507126781695424 0.045
0 0.5320705176294074 0.57625 0.025131282820705175 0.0465
0 0.527006751687922 0.53175 0.03075768942235559 0.0365
0 0.4863090772693173 0.52975 0.028882220555138786 0.0405
0 0.5481995498874719 0.529 0.025131282820705175 0.041
0 0.5840210052513128 0.5575 0.03375843960990248 0.041
0 0.6065266316579144 0.5975 0.024006001500375095 0.035
0 0.6029632408102026 0.6335 0.025131282820705175 0.035
0 0.6295948987246812 0.6005 0.02663165791447862 0.043
0 0.6541635408852213 0.62375 0.030007501875468866 0.0375
0 0.6896099024756189 0.613 0.028882220555138786 0.038
0 0.7115528882220555 0.61075 0.023255813953488372 0.0385
0 0.6873593398349588 0.58125 0.029632408102025505 0.0355
0 0.659039759939985 0.57575 0.029257314328582147 0.0355
0 0.6354088522130532 0.54675 0.028507126781695424 0.0375
0 0.6145911477869468 0.55975 0.029632408102025505 0.0405
0 0.5620780195048762 0.49475 0.029632408102025505 0.0465
0 0.5787696924231058 0.4855 0.02175543885971493 0.039
0 0.5969617404351087 0.51375 0.028132033008252063 0.0435
0 0.6252813203300825 0.52325 0.029257314328582147 0.0385
0 0.6551012753188297 0.52725 0.02738184546136534 0.0385
0 0.6798574643660915 0.54375 0.030382595648912228 0.0385
0 0.7147411852963241 0.554 0.02663165791447862 0.038
0 0.5399474868717179 0.3865 0.030382595648912228 0.033
0 0.5740810202550638 0.38525 0.03113278319579895 0.0395
0 0.5635783945986497 0.43575 0.03188297074268567 0.0395
0 0.5918979744936234 0.44875 0.02700675168792198 0.0455
0 0.6157164291072769 0.46775 0.03188297074268567 0.0475
0 0.6352213053263316 0.45775 0.02663165791447862 0.0405
0 0.6466616654163541 0.49525 0.028507126781695424 0.0405
0 0.6691672918229558 0.49375 0.02250562640660165 0.0415
0 0.7010502625656414 0.4945 0.02625656414103526 0.037
0 0.7063015753938484 0.488 0.023255813953488372 0.052
0 0.6821080270067517 0.46725 0.02663165791447862 0.0345
0 0.7207426856714179 0.52975 0.02288072018004501 0.0385
0 0.6219054763690923 0.42675 0.0345086271567892 0.0325
0 0.5941485371342836 0.4095 0.029257314328582147 0.039
0 0.5892723180795199 0.367 0.024756189047261814 0.035
0 0.5463240810202551 0.35325 0.030382595648912228 0.0405
0 0.5354463615903976 0.31175 0.02738184546136534 0.0405
0 0.5615153788447111 0.3275 0.02625656414103526 0.041
0 0.5855213803450863 0.3345 0.02625656414103526 0.039
0 0.6130907726931732 0.3385 0.028132033008252063 0.039
0 0.6352213053263316 0.36425 0.03113278319579895 0.0295
0 0.635596399099775 0.3855 0.030382595648912228 0.035
0 0.6534133533383346 0.414 0.02700675168792198 0.038
0 0.6774193548387096 0.427 0.025506376594148537 0.04
0 0.6687921980495124 0.39575 0.028507126781695424 0.0295
0 0.7003000750187547 0.409 0.0277569392348087 0.04
0 0.7033008252063015 0.4455 0.024756189047261814 0.039
0 0.4782445611402851 0.27075 0.029257314328582147 0.0375
0 0.5084396099024756 0.28175 0.03113278319579895 0.0425
0 0.5318829707426856 0.275 0.030007501875468866 0.04
0 0.4908102025506377 0.25325 0.02663165791447862 0.0295
0 0.4941860465116279 0.22475 0.024381095273818456 0.0335
0 0.5208177044261065 0.23925 0.025881470367591898 0.0425
0 0.5300075018754689 0.227 0.02700675168792198 0.027
0 0.545198799699925 0.24875 0.029632408102025505 0.0355
0 0.5656414103525882 0.27825 0.030007501875468866 0.0395
0 0.5947111777944486 0.2745 0.025881470367591898 0.043
0 0.6147786946736684 0.267 0.023255813953488372 0.04
0 0.6123405851462865 0.30775 0.02738184546136534 0.0315
0 0.5635783945986497 0.221 0.025131282820705175 0.04
0 0.5872093023255814 0.23325 0.025131282820705175 0.0395
0 0.582708177044261 0.20825 0.02213053263315829 0.0345
0 0.5161290322580645 0.19925 0.025506376594148537 0.0355
0 0.4966241560390098 0.18575 0.03150787696924231 0.0355
0 0.513503375843961 0.166 0.02700675168792198 0.029
0 0.5388222055513878 0.10975 0.03113278319579895 0.0375
0 0.5577644411102776 0.12775 0.02700675168792198 0.0345
0 0.5418229557389347 0.16775 0.02663165791447862 0.0375
0 0.5594523630907727 0.17575 0.02288072018004501 0.0375
0 0.589834958739685 0.169 0.02663165791447862 0.037
0 0.5834583645911477 0.12975 0.02288072018004501 0.0345
0 0.6065266316579144 0.09825 0.029257314328582147 0.0355
0 0.6114028507126782 0.135 0.025506376594148537 0.028
0 0.6209677419354839 0.151 0.02213053263315829 0.04
0 0.6329707426856714 0.13625 0.02138034508627157 0.0315
0 0.6592273068267067 0.14425 0.020630157539384845 0.0375
0 0.6470367591897974 0.16225 0.024756189047261814 0.0315
0 0.6472243060765192 0.1765 0.024381095273818456 0.036
0 0.6155288822205551 0.20625 0.02700675168792198 0.0355
0 0.6432858214553638 0.22225 0.023255813953488372 0.0365
0 0.6260315078769693 0.23675 0.03075768942235559 0.0295
0 0.6631657914478619 0.19575 0.02625656414103526 0.0355
0 0.6935483870967742 0.197 0.02625656414103526 0.031
0 0.6836084021005251 0.22875 0.02288072018004501 0.0355
0 0.7299324831207802 0.209 0.030007501875468866 0.034
0 0.7374343585896475 0.2405 0.025506376594148537 0.03
0 0.7064891222805701 0.25325 0.025881470367591898 0.0385
0 0.6886721680420105 0.2685 0.025506376594148537 0.033
0 0.663728432108027 0.24875 0.025131282820705175 0.0355
0 0.6506001500375094 0.2625 0.028132033008252063 0.033
0 0.6665416354088523 0.29 0.024756189047261814 0.032
0 0.6429107276819205 0.30075 0.029257314328582147 0.0385
0 0.7291822955738935 0.27625 0.02700675168792198 0.0405
0 0.7456864216054013 0.29275 0.02250562640660165 0.0345
0 0.6935483870967742 0.309 0.023255813953488372 0.036
0 0.7273068267066767 0.31575 0.02625656414103526 0.0335
0 0.7490622655663915 0.332 0.02250562640660165 0.036
0 0.7593773443360841 0.32325 0.025131282820705175 0.0305
0 0.667291822955739 0.31875 0.024756189047261814 0.0305
0 0.6687921980495124 0.346 0.03075768942235559 0.036
0 0.6999249812453113 0.3395 0.02700675168792198 0.026
0 0.7027381845461366 0.36475 0.025881470367591898 0.0355
0 0.718304576144036 0.3895 0.02700675168792198 0.035
0 0.7306826706676669 0.3605 0.02625656414103526 0.036
0 0.7484996249062266 0.36975 0.019879969992498126 0.0375
0 0.7578769692423106 0.36125 0.02213053263315829 0.0305
0 0.7779444861215303 0.38725 0.025506376594148537 0.0325
0 0.7533758439609902 0.411 0.02738184546136534 0.034
0 0.7404351087771943 0.4265 0.025506376594148537 0.037
0 0.7134283570892723 0.4205 0.02250562640660165 0.031
0 0.7291822955738935 0.44825 0.025506376594148537 0.0405
0 0.754688672168042 0.461 0.024006001500375095 0.038
0 0.7361215303825956 0.4845 0.02663165791447862 0.035
0 0.7488747186796699 0.516 0.02138034508627157 0.036
0 0.7462490622655664 0.55325 0.02663165791447862 0.0305
0 0.7340585146286571 0.58625 0.029257314328582147 0.0355
0 0.7593773443360841 0.595 0.023630907726931733 0.036
0 0.7423105776444111 0.62275 0.02175543885971493 0.0355
0 0.7175543885971493 0.6575 0.029257314328582147 0.036
0 0.745311327831958 0.65325 0.020255063765941484 0.0285
0 0.7835708927231808 0.63675 0.035258814703675916 0.0325
0 0.8207051762940735 0.64125 0.02250562640660165 0.0415
0 0.858027006751688 0.61575 0.020630157539384845 0.0345
0 0.781695423855964 0.56825 0.02700675168792198 0.0395
0 0.8182670667666917 0.5775 0.02663165791447862 0.039
0 0.8317704426106527 0.5965 0.02738184546136534 0.035
0 0.8413353338334584 0.586 0.02250562640660165 0.03
0 0.8156414103525882 0.53575 0.024381095273818456 0.0365
0 0.8325206301575394 0.55225 0.02288072018004501 0.0355
0 0.8612153038259565 0.56 0.02700675168792198 0.034
0 0.8394598649662416 0.5245 0.02625656414103526 0.037
0 0.7738184546136534 0.53125 0.024756189047261814 0.0385
0 0.7824456114028507 0.4925 0.02250562640660165 0.039
0 0.7961365341335334 0.5075 0.02138034508627157 0.035
0 0.8034508627156789 0.493 0.021005251312828207 0.038
0 0.8216429107276819 0.49025 0.02213053263315829 0.0325
0 0.8454613653413353 0.49175 0.024006001500375095 0.0325
0 0.777569392348087 0.46075 0.02700675168792198 0.0315
0 0.799324831207802 0.4585 0.024006001500375095 0.036
0 0.8141410352588146 0.465 0.017629407351837958 0.023
0 0.777569392348087 0.43575 0.029257314328582147 0.0295
0 0.7888222055513878 0.4125 0.023255813953488372 0.031
0 0.8145161290322581 0.398 0.025131282820705175 0.034
0 0.6382220555138785 0.32725 0.02663165791447862 0.0315
