0 0.07426856714178545 0.11975 0.06151537884471118 0.0905
0 0.06639159789947487 0.16 0.06301575393848462 0.074
0 0.11421605401350338 0.205 0.059639909977494375 0.08
0 0.16241560390097523 0.19675 0.05701425356339085 0.0795
0 0.21567891972993247 0.14325 0.06301575393848462 0.0875
0 0.14797449362340584 0.05175 0.0708927231807952 0.1025
0 0.2288072018004501 0.063 0.0690172543135784 0.103
0 0.3006376594148537 0.145 0.06564141035258815 0.079
0 0.35202550637659413 0.086 0.061140285071267814 0.091
0 0.40922730682670666 0.093 0.05926481620405101 0.091
0 0.47768192048012004 0.05025 0.06639159789947487 0.0995
0 0.45986496624156037 0.1465 0.06151537884471118 0.093
0 0.5151912978244562 0.1625 0.05438859714928732 0.103
0 0.4838709677419355 0.2385 0.05026256564141035 0.086
0 0.413728432108027 0.21575 0.060765191297824456 0.0815
0 0.3754688672168042 0.16225 0.060765191297824456 0.0765
0 0.2633158289572393 0.1865 0.05476369092273068 0.084
0 0.3177044261065266 0.2235 0.06376594148537135 0.088
0 0.38147036759189795 0.2625 0.06001500375093773 0.079
0 0.4332333083270818 0.2915 0.05926481620405101 0.085
0 0.3910352588147037 0.3325 0.05588897224306077 0.082
0 0.32801950487621906 0.31275 0.05813953488372093 0.0865
0 0.2591897974493623 0.29125 0.05326331582895724 0.0895
0 0.20198799699924982 0.27025 0.055138784696174045 0.0885
0 0.1579144786196549 0.27 0.056264066016504126 0.086
0 0.10427606901725431 0.295 0.05476369092273068 0.08
0 0.15435108777194298 0.3455 0.056639159789947484 0.073
0 0.21230307576894222 0.3265 0.056264066016504126 0.066
0 0.2385596399099775 0.39075 0.05326331582895724 0.0755
0 0.2736309077269317 0.3765 0.05813953488372093 0.073
0 0.20705176294073518 0.428 0.05101275318829707 0.08
0 0.26219054763690924 0.47725 0.051762940735183796 0.0745
0 0.23893473368342086 0.501 0.047261815453863466 0.056
0 0.29276069017254314 0.525 0.04988747186796699 0.061
0 0.3293323330832708 0.5385 0.058514628657164294 0.065
0 0.3036384096024006 0.4425 0.05438859714928732 0.075
0 0.3381470367591898 0.39 0.05813953488372093 0.077
0 0.36177794448612155 0.45725 0.05288822205551388 0.0685
0 0.4028507126781695 0.49875 0.04801200300075019 0.0655
0 0.4262940735183796 0.47725 0.04913728432108027 0.0685
0 0.40416354088522133 0.4075 0.0536384096024006 0.065
0 0.4467366841710428 0.3675 0.05326331582895724 0.073
0 0.4746811702925731 0.4365 0.05888972243060765 0.074
0 0.49474868717179293 0.5005 0.0555138784696174 0.069
0 0.5403225806451613 0.4745 0.061140285071267814 0.074
0 0.5527006751687922 0.51 0.0536384096024006 0.062
0 0.5632033008252063 0.5725 0.04838709677419355 0.066
0 0.4476744186046512 0.551 0.04988747186796699 0.075
0 0.5045011252813203 0.5735 0.05101275318829707 0.057
0 0.5213803450862715 0.62325 0.05476369092273068 0.0655
0 0.4696174043510878 0.61625 0.05101275318829707 0.0655
0 0.48330832708177046 0.6525 0.047636909227306824 0.053
0 0.4156039009752438 0.59875 0.0450112528132033 0.0665
0 0.37303075768942234 0.56725 0.04838709677419355 0.0605
0 0.2777569392348087 0.56 0.05438859714928732 0.055
0 0.32614403600900227 0.57675 0.050637659414853715 0.0525
0 0.34152288072018006 0.61375 0.04388597149287322 0.0485
0 0.38484621155288823 0.624 0.0450112528132033 0.062
0 0.2891972993248312 0.6125 0.05326331582895724 0.056
0 0.3666541635408852 0.6815 0.04988747186796699 0.051
0 0.4216054013503376 0.67275 0.05476369092273068 0.0645
0 0.5324456114028507 0.70425 0.052138034508627154 0.0615
0 0.5842085521380345 0.675 0.05288822205551388 0.057
0 0.627906976744186 0.64075 0.06001500375093773 0.0615
0 0.614403600900225 0.57275 0.05101275318829707 0.0555
0 0.6168417104276069 0.51975 0.05288822205551388 0.0715
0 0.6708552138034508 0.535 0.04913728432108027 0.078
0 0.582145536384096 0.41425 0.05701425356339085 0.0765
0 0.6224681170292573 0.43925 0.05813953488372093 0.0635
0 0.5103150787696924 0.3885 0.06264066016504126 0.08
0 0.49174793698424607 0.318 0.056264066016504126 0.076
0 0.5527006751687922 0.3225 0.0603900975243811 0.085
0 0.5466991747936985 0.2495 0.06264066016504126 0.086
0 0.595086271567892 0.2065 0.05888972243060765 0.099
0 0.6305326331582896 0.27925 0.05476369092273068 0.0875
0 0.640285071267817 0.37225 0.06451612903225806 0.0815
0 0.6648537134283571 0.39725 0.05888972243060765 0.0745
0 0.6911102775693924 0.474 0.061140285071267814 0.068
0 0.6721680420105026 0.60925 0.05926481620405101 0.0665
0 0.6822955738934734 0.65975 0.051762940735183796 0.0605
0 0.7370592648162041 0.6505 0.05251312828207052 0.071
0 0.7308702175543886 0.5855 0.061890472618154536 0.058
0 0.7865716429107277 0.61825 0.0555138784696174 0.0655
0 0.7886346586646662 0.56275 0.06264066016504126 0.0725
0 0.7327456864216054 0.53125 0.05438859714928732 0.0685
0 0.831582895723931 0.56575 0.05251312828207052 0.0665
0 0.8308327081770442 0.5065 0.06376594148537135 0.074
0 0.8987246811702926 0.5105 0.06751687921980495 0.075
0 0.7777569392348087 0.46225 0.06264066016504126 0.0775
0 0.7370592648162041 0.402 0.06526631657914479 0.072
0 0.7998874718679669 0.39225 0.0603900975243811 0.0765
0 0.836271567891973 0.43075 0.056639159789947484 0.0775
0 0.7520630157539385 0.3325 0.06451612903225806 0.08
0 0.6879219804951238 0.315 0.06151537884471118 0.069
0 0.68192048012003 0.222 0.0690172543135784 0.083
0 0.7366841710427607 0.25475 0.06826706676669167 0.0885
0 0.7839459864966242 0.265 0.051762940735183796 0.088
0 0.8788447111777945 0.3285 0.0690172543135784 0.084
0 0.8985371342835708 0.36875 0.061140285071267814 0.0825
0 0.9330457614403601 0.46475 0.061140285071267814 0.0605
0 0.9032258064516129 0.23975 0.07726931732933233 0.1035
0 0.9099774943735934 0.2845 0.06151537884471118 0.064
0 0.7852588147036759 0.1805 0.06939234808702176 0.089
0 0.8602775693923481 0.15125 0.07014253563390847 0.0985
0 0.72655663915979 0.14275 0.06451612903225806 0.0985
0 0.659039759939985 0.1375 0.06376594148537135 0.104
0 0.5641410352588146 0.13425 0.03150787696924231 0.0565
