0 0.11646661665416354 0.836 0.04088522130532633 0.061
0 0.1734808702175544 0.743 0.04463615903975994 0.053
0 0.1697299324831208 0.77575 0.04013503375843961 0.0485
0 0.16597899474868716 0.82375 0.041635408852213056 0.0525
0 0.16110277569392348 0.86525 0.05138784696174044 0.0495
0 0.20236309077269318 0.8005 0.04238559639909977 0.055
0 0.22655663915978994 0.84175 0.04351087771942986 0.0505
0 0.22636909227306826 0.76375 0.046136534133533386 0.0495
0 0.21305326331582897 0.72925 0.04351087771942986 0.0565
0 0.22636909227306826 0.62975 0.05288822205551388 0.0515
0 0.28113278319579893 0.84 0.04088522130532633 0.051
0 0.3313953488372093 0.83075 0.04013503375843961 0.0545
0 0.3126406601650413 0.781 0.04463615903975994 0.047
0 0.2923855963990998 0.73375 0.04688672168042011 0.0495
0 0.33158289572393096 0.72375 0.047261815453863466 0.0565
0 0.3117029257314329 0.65825 0.04801200300075019 0.0525
0 0.29744936234058517 0.60525 0.04801200300075019 0.0655
0 0.29088522130532635 0.5455 0.04538634658664666 0.06
0 0.3006376594148537 0.50475 0.04688672168042011 0.0605
0 0.31882970742685673 0.441 0.046511627906976744 0.071
0 0.39403600900225055 0.36275 0.05438859714928732 0.0585
0 0.3925356339084771 0.42525 0.050637659414853715 0.0575
0 0.3580270067516879 0.48075 0.04238559639909977 0.0625
0 0.340960240060015 0.5395 0.04876219054763691 0.058
0 0.37490622655663913 0.5775 0.047636909227306824 0.057
0 0.3698424606151538 0.643 0.04126031507876969 0.053
0 0.4032258064516129 0.63325 0.04876219054763691 0.0565
0 0.37790697674418605 0.697 0.043135783945986494 0.055
0 0.413728432108027 0.67225 0.04576144036009002 0.0555
0 0.3803450862715679 0.74875 0.04051012753188297 0.0585
0 0.3681545386346587 0.80075 0.043135783945986494 0.0555
0 0.37396849212303074 0.8365 0.042010502625656414 0.053
0 0.40585146286571644 0.8345 0.042010502625656414 0.05
0 0.43548387096774194 0.86525 0.04051012753188297 0.0515
0 0.44992498124531133 0.813 0.038634658664666165 0.054
0 0.4206676669167292 0.77525 0.04238559639909977 0.0525
0 0.41429107276819205 0.73075 0.04538634658664666 0.0595
0 0.41710427606901723 0.56775 0.046511627906976744 0.0585
0 0.41522880720180044 0.48725 0.05101275318829707 0.0655
0 0.44804951237809454 0.5215 0.04838709677419355 0.062
0 0.44954988747186797 0.42725 0.047636909227306824 0.0585
0 0.44111027756939236 0.3545 0.05101275318829707 0.064
0 0.4587396849212303 0.28 0.04576144036009002 0.069
0 0.4960615153788447 0.35675 0.046136534133533386 0.0615
0 0.5328207051762941 0.302 0.05288822205551388 0.067
0 0.5605776444111028 0.2515 0.04988747186796699 0.069
0 0.6067141785446362 0.2025 0.0536384096024006 0.073
0 0.5890847711927982 0.30225 0.04838709677419355 0.0595
0 0.5401350337584396 0.3625 0.05026256564141035 0.063
0 0.5076894223555889 0.418 0.052138034508627154 0.067
0 0.48593398349587397 0.465 0.052138034508627154 0.059
0 0.535821455363841 0.46775 0.04688672168042011 0.0555
0 0.5108777194298575 0.518 0.04801200300075019 0.05
0 0.5116279069767442 0.575 0.046511627906976744 0.061
0 0.46905476369092275 0.60475 0.04688672168042011 0.0495
0 0.458927231807952 0.65225 0.04463615903975994 0.0575
0 0.5026256564141035 0.63775 0.05026256564141035 0.0525
0 0.46399099774943736 0.69625 0.04126031507876969 0.0525
0 0.5123780945236309 0.676 0.04351087771942986 0.049
0 0.5009377344336085 0.72225 0.041635408852213056 0.0595
0 0.4761815453863466 0.76125 0.04538634658664666 0.0555
0 0.48780945236309076 0.82 0.04538634658664666 0.05
0 0.48349587396849214 0.87325 0.04426106526631658 0.0455
0 0.5256939234808702 0.8625 0.038634658664666165 0.051
0 0.5315078769692423 0.80225 0.03825956489122281 0.0535
0 0.5712678169542386 0.83875 0.046511627906976744 0.0485
0 0.5521380345086272 0.77775 0.042010502625656414 0.0525
0 0.5930232558139535 0.78575 0.03675918979744936 0.0585
0 0.535821455363841 0.71675 0.04238559639909977 0.0635
0 0.5975243810952738 0.739 0.046511627906976744 0.059
0 0.6389722430607652 0.753 0.047636909227306824 0.053
0 0.5461365341335334 0.645 0.047261815453863466 0.057
0 0.5885221305326331 0.6845 0.04426106526631658 0.055
0 0.6262190547636909 0.688 0.04238559639909977 0.053
0 0.581582895723931 0.61925 0.04538634658664666 0.0495
0 0.5598274568642161 0.55975 0.04538634658664666 0.0575
0 0.5622655663915979 0.509 0.042010502625656414 0.065
0 0.6130907726931732 0.583 0.04013503375843961 0.065
0 0.6485371342835708 0.64625 0.047261815453863466 0.0515
0 0.654913728432108 0.58675 0.04426106526631658 0.0595
0 0.6095273818454614 0.5185 0.0450112528132033 0.055
0 0.6577269317329333 0.5325 0.046136534133533386 0.052
0 0.5678919729932483 0.42825 0.04351087771942986 0.0615
0 0.5960240060015004 0.46425 0.04426106526631658 0.0605
0 0.6406601650412603 0.48625 0.047261815453863466 0.0535
0 0.6911102775693924 0.6405 0.038634658664666165 0.053
0 0.7029257314328582 0.6 0.0450112528132033 0.063
0 0.7424981245311327 0.6125 0.04463615903975994 0.059
0 0.7196174043510878 0.53425 0.04238559639909977 0.0625
0 0.763503375843961 0.5505 0.04538634658664666 0.048
0 0.5965866466616654 0.36 0.047636909227306824 0.061
0 0.6224681170292573 0.41075 0.04388597149287322 0.0615
0 0.6389722430607652 0.313 0.047636909227306824 0.059
0 0.6652288072018004 0.2205 0.050637659414853715 0.066
0 0.6897974493623406 0.26975 0.04576144036009002 0.0755
0 0.6560390097524381 0.375 0.04576144036009002 0.065
0 0.6614778694673669 0.434 0.046136534133533386 0.064
0 0.6944861215303826 0.4645 0.04688672168042011 0.055
0 0.705926481620405 0.40875 0.04051012753188297 0.0695
0 0.6944861215303826 0.33875 0.04463615903975994 0.0675
0 0.7079894973743436 0.075 0.04913728432108027 0.077
0 0.7344336084021005 0.15425 0.04426106526631658 0.0665
0 0.7696924231057765 0.1015 0.05476369092273068 0.073
0 0.8465866466616654 0.1195 0.05251312828207052 0.077
0 0.7854463615903976 0.18575 0.04951237809452363 0.0705
0 0.8507126781695424 0.1875 0.05401350337584396 0.065
0 0.735933983495874 0.233 0.04951237809452363 0.063
0 0.7854463615903976 0.255 0.05101275318829707 0.066
0 0.8520255063765941 0.25925 0.05288822205551388 0.0755
0 0.7376219054763691 0.2975 0.05288822205551388 0.06
0 0.7376219054763691 0.36175 0.04838709677419355 0.0655
0 0.792198049512378 0.31925 0.04801200300075019 0.0715
0 0.8527756939234808 0.3295 0.052138034508627154 0.073
0 0.7848837209302325 0.3835 0.05288822205551388 0.062
0 0.7569392348087022 0.432 0.05101275318829707 0.065
0 0.7936984246061516 0.4535 0.04276069017254314 0.065
0 0.8490247561890473 0.418 0.043135783945986494 0.067
0 0.7528132033008252 0.5025 0.05101275318829707 0.065
0 0.7959489872468117 0.50725 0.047261815453863466 0.0615
