0 0.08983495873968492 0.57775 0.06489122280570142 0.0695
0 0.1235933983495874 0.6375 0.04238559639909977 0.068
0 0.13934733683420855 0.71 0.05138784696174044 0.069
0 0.1599774943735934 0.777 0.059639909977494375 0.065
0 0.20423855963990997 0.84375 0.050637659414853715 0.0645
0 0.24924981245311328 0.85875 0.05588897224306077 0.0595
0 0.32239309827456863 0.81375 0.052138034508627154 0.0775
0 0.23462115528882221 0.7545 0.050637659414853715 0.062
0 0.28488372093023256 0.74625 0.056639159789947484 0.0585
0 0.34246061515378845 0.74675 0.05026256564141035 0.0615
0 0.38634658664666166 0.768 0.047261815453863466 0.075
0 0.42291822955738934 0.75075 0.050637659414853715 0.0635
0 0.3885971492873218 0.70175 0.05101275318829707 0.0605
0 0.45348837209302323 0.697 0.05401350337584396 0.065
0 0.47355588897224304 0.8 0.047636909227306824 0.073
0 0.16260315078769694 0.65225 0.06264066016504126 0.0655
0 0.22280570142535633 0.66725 0.04426106526631658 0.0605
0 0.2627531882970743 0.6585 0.055138784696174045 0.064
0 0.3418979744936234 0.66675 0.05138784696174044 0.0625
0 0.4960615153788447 0.6435 0.05138784696174044 0.071
0 0.4578019504876219 0.583 0.052138034508627154 0.063
0 0.4960615153788447 0.54825 0.05813953488372093 0.0725
0 0.4347336834208552 0.53525 0.05476369092273068 0.0815
0 0.41147786946736686 0.61175 0.051762940735183796 0.0715
0 0.3758439609902476 0.5545 0.05101275318829707 0.068
0 0.3580270067516879 0.603 0.05438859714928732 0.071
0 0.30045011252813203 0.60675 0.05026256564141035 0.0575
0 0.31639159789947485 0.5615 0.0603900975243811 0.075
0 0.2334958739684921 0.6175 0.05738934733683421 0.069
0 0.15472618154538634 0.593 0.0708927231807952 0.07
0 0.21399099774943736 0.5615 0.05888972243060765 0.076
0 0.26762940735183793 0.5295 0.05738934733683421 0.07
0 0.14028507126781695 0.5215 0.06151537884471118 0.072
0 0.19692423105776444 0.47175 0.0622655663915979 0.0745
0 0.0995873968492123 0.43275 0.0603900975243811 0.0725
0 0.12303075768942236 0.38525 0.0690172543135784 0.0835
0 0.17835708927231808 0.32125 0.0641410352588147 0.0825
0 0.1933608402100525 0.3985 0.06639159789947487 0.082
0 0.24381095273818454 0.4475 0.05326331582895724 0.069
0 0.26219054763690924 0.36375 0.06376594148537135 0.0875
0 0.31789197299324834 0.41925 0.05288822205551388 0.0755
0 0.3394598649662416 0.48375 0.05776444111027757 0.0725
0 0.39891222805701426 0.46475 0.055138784696174045 0.0745
0 0.32033008252063017 0.34325 0.06151537884471118 0.0785
0 0.3677794448612153 0.376 0.05438859714928732 0.091
0 0.4127906976744186 0.40025 0.059639909977494375 0.0765
0 0.4746811702925731 0.477 0.052138034508627154 0.081
0 0.48349587396849214 0.383 0.056264066016504126 0.081
0 0.2357464366091523 0.294 0.0641410352588147 0.08
0 0.3201425356339085 0.26425 0.06564141035258815 0.0825
0 0.3818454613653413 0.26125 0.056264066016504126 0.0795
0 0.4197299324831208 0.3065 0.06826706676669167 0.081
0 0.48930982745686424 0.30225 0.05738934733683421 0.0745
0 0.28075768942235557 0.185 0.0671417854463616 0.087
0 0.35952738184546135 0.18275 0.0671417854463616 0.0875
0 0.3812828207051763 0.1035 0.06339084771192798 0.088
0 0.4255438859714929 0.16975 0.056639159789947484 0.0855
0 0.4609902475618905 0.2385 0.058514628657164294 0.082
0 0.48930982745686424 0.09575 0.059639909977494375 0.0855
0 0.4838709677419355 0.17625 0.06376594148537135 0.0765
0 0.5348837209302325 0.13775 0.051762940735183796 0.0795
0 0.6376594148537135 0.08725 0.056264066016504126 0.0825
0 0.7162415603900976 0.1425 0.061140285071267814 0.077
0 0.6506001500375094 0.16875 0.055138784696174045 0.0795
0 0.595648912228057 0.1725 0.06151537884471118 0.08
0 0.5166916729182296 0.23675 0.0603900975243811 0.0785
0 0.5782070517629407 0.2535 0.06264066016504126 0.083
0 0.6451612903225806 0.2485 0.05926481620405101 0.083
0 0.695986496624156 0.22425 0.05438859714928732 0.0755
0 0.6112153038259565 0.317 0.056639159789947484 0.077
0 0.6849212303075769 0.297 0.06301575393848462 0.077
0 0.759939984996249 0.27975 0.05776444111027757 0.0875
0 0.8248312078019505 0.273 0.06976744186046512 0.082
0 0.7848837209302325 0.35675 0.055138784696174045 0.0785
0 0.708927231807952 0.35775 0.05776444111027757 0.0715
0 0.6560390097524381 0.36875 0.058514628657164294 0.0715
0 0.5662040510127532 0.3695 0.06864216054013503 0.078
0 0.5645161290322581 0.42825 0.05326331582895724 0.0675
0 0.5249437359339835 0.4755 0.05738934733683421 0.064
0 0.6249062265566392 0.435 0.05701425356339085 0.072
0 0.68192048012003 0.4475 0.04426106526631658 0.08
0 0.7636909227306826 0.43475 0.05326331582895724 0.0795
0 0.8282070517629407 0.4015 0.05926481620405101 0.078
0 0.8396474118529632 0.43975 0.05138784696174044 0.0735
0 0.7995123780945236 0.4945 0.05813953488372093 0.076
0 0.7346211552888222 0.488 0.061890472618154536 0.07
0 0.5952738184546137 0.50075 0.05326331582895724 0.0705
0 0.6344711177794449 0.5185 0.04463615903975994 0.063
0 0.6974868717179294 0.534 0.05738934733683421 0.074
0 0.7462490622655664 0.54675 0.055138784696174045 0.0695
0 0.5596399099774944 0.557 0.056264066016504126 0.075
0 0.5993998499624906 0.597 0.05401350337584396 0.071
0 0.8347711927981996 0.56925 0.055138784696174045 0.0695
0 0.8060765191297824 0.61125 0.0450112528132033 0.0515
0 0.758814703675919 0.59475 0.051762940735183796 0.0615
0 0.5204426106526632 0.60075 0.052138034508627154 0.0655
0 0.509939984996249 0.7345 0.04988747186796699 0.062
0 0.5635783945986497 0.709 0.0536384096024006 0.064
0 0.6046511627906976 0.6505 0.051762940735183796 0.068
0 0.6616654163540885 0.679 0.04951237809452363 0.069
0 0.7244936234058514 0.64325 0.04688672168042011 0.0675
0 0.7563765941485371 0.664 0.04538634658664666 0.07
0 0.8199549887471868 0.70325 0.04951237809452363 0.0665
0 0.7342460615153789 0.7485 0.04988747186796699 0.074
0 0.6746061515378845 0.76025 0.05288822205551388 0.0635
0 0.6776069017254314 0.7995 0.04988747186796699 0.047
0 0.627344336084021 0.7465 0.050637659414853715 0.062
0 0.6067141785446362 0.7715 0.03488372093023256 0.044
0 0.5707051762940735 0.7485 0.05288822205551388 0.063
0 0.5279444861215303 0.7895 0.05438859714928732 0.062
0 0.5684546136534133 0.81025 0.04463615903975994 0.0575
0 0.5255063765941486 0.85025 0.05926481620405101 0.0585
