0 0.1614291058735503 0.1465 0.030303030303030304 0.055
0 0.2025813692480359 0.1505 0.037037037037037035 0.056
0 0.2328843995510662 0.176 0.03928170594837262 0.055
0 0.21717171717171718 0.219 0.034044145155256264 0.048
0 0.24691358024691357 0.2295 0.041900486344930786 0.058
0 0.1745230078563412 0.21475 0.03254769921436588 0.0505
0 0.18593340815563036 0.26075 0.035166479610924055 0.0565
0 0.2035166479610924 0.313 0.03890759446315002 0.057
0 0.24279835390946503 0.27975 0.03367003367003367 0.0505
0 0.272914328469884 0.295 0.03479236812570146 0.055
0 0.2890011223344557 0.2395 0.03179947624392069 0.057
0 0.27983539094650206 0.169 0.03965581743359521 0.058
0 0.24616535727646838 0.11975 0.041900486344930786 0.0535
0 0.285447063224841 0.115 0.038159371492704826 0.061
0 0.3348297792742237 0.12075 0.03965581743359521 0.0595
0 0.3275346053123831 0.177 0.034044145155256264 0.059
0 0.3664421997755331 0.167 0.03554059109614665 0.057
0 0.41358024691358025 0.15275 0.037037037037037035 0.0625
0 0.398989898989899 0.2055 0.03554059109614665 0.051
0 0.3683127572016461 0.24525 0.036288814066591846 0.0545
0 0.32379349046015715 0.2325 0.037037037037037035 0.05
0 0.31051253273475493 0.28325 0.03965581743359521 0.0535
0 0.3509165731387954 0.28825 0.041900486344930786 0.0575
0 0.24335952113729892 0.33375 0.03853348297792742 0.0445
0 0.17845117845117844 0.33975 0.03965581743359521 0.0515
0 0.19117096894874672 0.3955 0.031425364758698095 0.055
0 0.22278338945005613 0.38175 0.040029928918817806 0.0475
0 0.2717919940142162 0.372 0.040778151889263 0.053
0 0.29105873550317996 0.3315 0.041900486344930786 0.055
0 0.33239805462027683 0.335 0.03479236812570146 0.056
0 0.3881406659184437 0.30925 0.03853348297792742 0.0555
0 0.36999625888514776 0.36625 0.038159371492704826 0.0515
0 0.3378226711560045 0.395 0.03367003367003367 0.055
0 0.3043396932285821 0.39925 0.03928170594837262 0.0505
0 0.2723531612420501 0.422 0.03965581743359521 0.052
0 0.19566030677141788 0.44425 0.038159371492704826 0.0525
0 0.22895622895622897 0.4615 0.04040404040404041 0.056
0 0.20838009726898615 0.49425 0.038159371492704826 0.0545
0 0.24691358024691357 0.52275 0.03890759446315002 0.0445
0 0.2755331088664422 0.476 0.04152637485970819 0.056
0 0.30808080808080807 0.44925 0.03778526000748223 0.0535
0 0.3114478114478115 0.504 0.03928170594837262 0.056
0 0.2843247287691732 0.532 0.03965581743359521 0.054
0 0.2356902356902357 0.568 0.038159371492704826 0.047
0 0.22633744855967078 0.62625 0.035166479610924055 0.0515
0 0.2360643471754583 0.669 0.03890759446315002 0.063
0 0.2616909839132061 0.678 0.03554059109614665 0.051
0 0.2607557052001496 0.7335 0.0411522633744856 0.05
0 0.2674897119341564 0.7725 0.03741114852225964 0.045
0 0.30153385708941266 0.79025 0.0411522633744856 0.0535
0 0.30265619154508044 0.737 0.035166479610924055 0.054
0 0.3005985783763562 0.685 0.03928170594837262 0.045
0 0.33183688739244294 0.7145 0.038159371492704826 0.052
0 0.2751589973812196 0.616 0.036288814066591846 0.051
0 0.2759072203516648 0.57375 0.03554059109614665 0.0475
0 0.31425364758698093 0.56625 0.032173587729143284 0.0555
0 0.31874298540965207 0.60525 0.032173587729143284 0.0465
0 0.3383838383838384 0.551 0.037037037037037035 0.053
0 0.34754956977179197 0.596 0.03367003367003367 0.057
0 0.33595211372989153 0.64825 0.04414515525626637 0.0565
0 0.36382341937897494 0.68275 0.03554059109614665 0.0555
0 0.38477366255144035 0.72025 0.040029928918817806 0.0425
0 0.4010475121586233 0.6795 0.04339693228582117 0.057
0 0.35297418630751964 0.7615 0.03928170594837262 0.051
0 0.34287317620650953 0.79875 0.034044145155256264 0.0505
0 0.2725402169846614 0.8285 0.040029928918817806 0.052
0 0.32435465768799104 0.858 0.03591470258136925 0.052
0 0.35914702581369246 0.8625 0.035166479610924055 0.052
0 0.3780396558174336 0.8155 0.03778526000748223 0.058
0 0.3954358398802843 0.8685 0.034418256640478866 0.056
0 0.3954358398802843 0.76675 0.04264870931537598 0.0575
0 0.4173213617658062 0.8115 0.04377104377104377 0.051
0 0.43658810325476993 0.8505 0.0411522633744856 0.054
0 0.4566030677141788 0.8005 0.040778151889263 0.044
0 0.43284698840254393 0.7625 0.035166479610924055 0.057
0 0.43060231949120836 0.70875 0.034418256640478866 0.0505
0 0.3782267115600449 0.629 0.038159371492704826 0.054
0 0.38608305274971944 0.57725 0.03890759446315002 0.0525
0 0.41488963711185933 0.622 0.03890759446315002 0.048
0 0.4393939393939394 0.662 0.03254769921436588 0.057
0 0.35278713056490835 0.4935 0.0411522633744856 0.048
0 0.3832772166105499 0.52825 0.034044145155256264 0.0495
0 0.38421249532360646 0.47325 0.04414515525626637 0.0545
0 0.4180695847362514 0.517 0.03554059109614665 0.052
0 0.3554059109614665 0.441 0.03591470258136925 0.052
0 0.3868312757201646 0.4195 0.03890759446315002 0.056
0 0.40310512532734755 0.35525 0.040778151889263 0.0555
0 0.42517770295548074 0.41125 0.036288814066591846 0.0585
0 0.4276094276094276 0.4645 0.038159371492704826 0.049
0 0.4569771791994014 0.43225 0.037037037037037035 0.0485
0 0.44725028058361394 0.377 0.040778151889263 0.055
0 0.4399551066217733 0.32025 0.041900486344930786 0.0465
0 0.4064721286943509 0.253 0.040029928918817806 0.054
0 0.43583988028432474 0.2255 0.0411522633744856 0.054
0 0.4491208380097269 0.277 0.03554059109614665 0.054
0 0.4799850355405911 0.30475 0.03666292555181444 0.0545
0 0.4829779274223719 0.16175 0.03965581743359521 0.0595
0 0.5142162364384587 0.21225 0.03928170594837262 0.0495
0 0.5013093901982791 0.26175 0.03965581743359521 0.0485
0 0.5284324728769173 0.3035 0.03853348297792742 0.056
0 0.5716423494201271 0.27125 0.04489337822671156 0.0505
0 0.5722035166479611 0.3385 0.03928170594837262 0.053
0 0.609801720912832 0.318 0.03890759446315002 0.061
0 0.6386083052749719 0.362 0.04264870931537598 0.059
0 0.5297418630751964 0.3585 0.04040404040404041 0.057
0 0.556490834268612 0.39 0.03928170594837262 0.052
0 0.4889637111859334 0.38475 0.03666292555181444 0.0575
0 0.5205761316872428 0.42 0.03853348297792742 0.066
0 0.49569771791994016 0.4575 0.041900486344930786 0.056
0 0.555181444070333 0.449 0.03666292555181444 0.048
0 0.6000748222970446 0.38275 0.04264870931537598 0.0535
0 0.5950243172465395 0.43775 0.04302282080059858 0.0545
0 0.6358024691358025 0.4315 0.03778526000748223 0.054
0 0.676954732510288 0.411 0.040778151889263 0.056
0 0.6247661803217359 0.49175 0.03741114852225964 0.0495
0 0.5864197530864198 0.493 0.03853348297792742 0.055
0 0.5465768799102132 0.50725 0.03965581743359521 0.0505
0 0.49775533108866443 0.513 0.036288814066591846 0.054
0 0.4594089038533483 0.5555 0.03666292555181444 0.056
0 0.42405536849981296 0.56775 0.040778151889263 0.0525
0 0.4489337822671156 0.60875 0.038159371492704826 0.0475
0 0.47624392068836513 0.65125 0.03741114852225964 0.0535
0 0.4996258885147774 0.61575 0.04152637485970819 0.0475
0 0.4986906098017209 0.56325 0.03741114852225964 0.0465
0 0.5366629255518145 0.55375 0.040029928918817806 0.0535
0 0.5460157126823794 0.60825 0.040029928918817806 0.0525
0 0.5811821922933034 0.5855 0.040029928918817806 0.054
0 0.5834268612046389 0.5395 0.04377104377104377 0.05
0 0.6328095772540216 0.549 0.04227459783015339 0.057
0 0.6227085671530116 0.595 0.040029928918817806 0.05
0 0.533295922184811 0.6665 0.03853348297792742 0.056
0 0.5093527871305649 0.703 0.036288814066591846 0.054
0 0.468013468013468 0.70775 0.038159371492704826 0.0545
0 0.4685746352413019 0.762 0.040778151889263 0.056
0 0.49251777029554805 0.79575 0.034044145155256264 0.0575
0 0.5121586232697344 0.8415 0.03741114852225964 0.052
0 0.47586980920314254 0.85175 0.038159371492704826 0.0575
0 0.5473251028806584 0.82175 0.03591470258136925 0.0515
0 0.5153385708941265 0.75225 0.040029928918817806 0.0525
0 0.5508791619902731 0.778 0.040029928918817806 0.055
0 0.5838009726898615 0.81225 0.04152637485970819 0.0485
0 0.587167976056865 0.7645 0.040778151889263 0.045
0 0.5462027684249906 0.72375 0.03741114852225964 0.0505
0 0.5763187429854096 0.67125 0.03778526000748223 0.0615
0 0.6023194912083801 0.71975 0.038159371492704826 0.0475
0 0.6112981668537224 0.65325 0.041900486344930786 0.0515
0 0.6520763187429854 0.6605 0.04264870931537598 0.058
0 0.6423494201271979 0.711 0.03741114852225964 0.055
0 0.6558174335952114 0.759 0.03666292555181444 0.054
0 0.6255144032921811 0.80875 0.0411522633744856 0.0515
0 0.6836887392442949 0.727 0.03928170594837262 0.062
0 0.7065095398428731 0.67875 0.03928170594837262 0.0555
0 0.6864945753834643 0.62425 0.04339693228582117 0.0555
0 0.7267115600448933 0.621 0.034044145155256264 0.059
0 0.6814440703329592 0.56675 0.040029928918817806 0.0515
0 0.6664796109240554 0.5125 0.040778151889263 0.054
0 0.6709689487467265 0.46425 0.046763935652824544 0.0515
0 0.7132435465768799 0.46725 0.04152637485970819 0.0575
0 0.7102506546950992 0.5165 0.04227459783015339 0.049
0 0.7293303404414515 0.56025 0.036288814066591846 0.0585
