0 0.0918979744936234 0.33825 0.05401350337584396 0.0805
0 0.14028507126781695 0.3545 0.05326331582895724 0.077
0 0.10221305326331583 0.4195 0.06264066016504126 0.082
0 0.15566391597899476 0.4725 0.05026256564141035 0.075
0 0.2031132783195799 0.486 0.06339084771192798 0.077
0 0.22468117029257315 0.55175 0.06151537884471118 0.0735
0 0.2651912978244561 0.4955 0.058514628657164294 0.075
0 0.2895723930982746 0.56375 0.05326331582895724 0.0755
0 0.31976744186046513 0.6385 0.05588897224306077 0.059
0 0.3777194298574644 0.642 0.05401350337584396 0.059
0 0.39722430607651915 0.69725 0.060765191297824456 0.0565
0 0.4476744186046512 0.74725 0.0603900975243811 0.0555
0 0.5084396099024756 0.75 0.0536384096024006 0.072
0 0.45330082520630155 0.66725 0.0536384096024006 0.0755
0 0.41429107276819205 0.60775 0.05738934733683421 0.0745
0 0.36102775693923483 0.583 0.056639159789947484 0.064
0 0.3355213803450863 0.52325 0.055138784696174045 0.0745
0 0.377344336084021 0.4885 0.0622655663915979 0.065
0 0.30888972243060764 0.46075 0.059639909977494375 0.0725
0 0.25150037509377343 0.41725 0.0603900975243811 0.0795
0 0.19898724681170293 0.3605 0.0641410352588147 0.075
0 0.15660165041260315 0.297 0.0641410352588147 0.081
0 0.10783945986496624 0.2525 0.055138784696174045 0.081
0 0.12471867966991748 0.185 0.055138784696174045 0.105
0 0.1706676669167292 0.19525 0.07426856714178545 0.0915
0 0.21024006001500375 0.27675 0.06864216054013503 0.0855
0 0.2280570142535634 0.1135 0.06601650412603151 0.101
0 0.25806451612903225 0.22975 0.06601650412603151 0.0905
0 0.2747561890472618 0.313 0.06339084771192798 0.081
0 0.313953488372093 0.38525 0.06601650412603151 0.0805
0 0.31301575393848463 0.17375 0.07539384846211553 0.0965
0 0.326894223555889 0.26225 0.0671417854463616 0.0855
0 0.3852213053263316 0.324 0.06601650412603151 0.088
0 0.38803450862715677 0.2305 0.0641410352588147 0.099
0 0.37696924231057766 0.1255 0.06526631657914479 0.096
0 0.3574643660915229 0.044 0.06601650412603151 0.087
0 0.41935483870967744 0.052 0.07051762940735183 0.103
0 0.4606151537884471 0.17175 0.060765191297824456 0.0905
0 0.46230307576894225 0.266 0.0641410352588147 0.093
0 0.5020630157539385 0.33275 0.056639159789947484 0.0845
0 0.46136534133533386 0.392 0.0622655663915979 0.089
0 0.5061890472618155 0.41925 0.05813953488372093 0.0735
0 0.49624906226556637 0.47675 0.05251312828207052 0.0615
0 0.4377344336084021 0.48875 0.060765191297824456 0.0815
0 0.4696174043510878 0.542 0.060765191297824456 0.071
0 0.4998124531132783 0.60875 0.059639909977494375 0.0745
0 0.5330082520630157 0.56 0.058514628657164294 0.071
0 0.5658289572393098 0.604 0.05813953488372093 0.058
0 0.5866466616654163 0.53275 0.05251312828207052 0.0675
0 0.5699549887471868 0.6705 0.055138784696174045 0.065
0 0.5572018004501126 0.725 0.05138784696174044 0.059
0 0.6087771942985747 0.74025 0.051762940735183796 0.0505
0 0.6234058514628658 0.67775 0.04951237809452363 0.0575
0 0.6292198049512379 0.6305 0.059639909977494375 0.058
0 0.6789197299324832 0.61975 0.05251312828207052 0.0625
0 0.6445986496624156 0.55875 0.05438859714928732 0.0715
0 0.7023630907726932 0.557 0.05438859714928732 0.075
0 0.6648537134283571 0.492 0.06264066016504126 0.077
0 0.609152288072018 0.475 0.05776444111027757 0.082
0 0.5611402850712678 0.4515 0.05401350337584396 0.081
0 0.5609527381845462 0.37975 0.05888972243060765 0.0865
0 0.6235933983495874 0.396 0.06339084771192798 0.081
0 0.626781695423856 0.3225 0.060765191297824456 0.081
0 0.5459489872468117 0.2745 0.06864216054013503 0.088
0 0.522880720180045 0.206 0.0622655663915979 0.092
0 0.5549512378094523 0.10925 0.0671417854463616 0.0955
0 0.5984621155288822 0.218 0.059639909977494375 0.083
0 0.6385971492873218 0.13375 0.06939234808702176 0.0985
0 0.6987996999249813 0.21425 0.07051762940735183 0.1035
0 0.7235558889722431 0.302 0.060765191297824456 0.095
0 0.7565641410352588 0.35575 0.06676669167291822 0.0745
0 0.7965116279069767 0.27925 0.059639909977494375 0.0975
0 0.6843585896474118 0.363 0.0671417854463616 0.087
0 0.7068642160540135 0.411 0.059639909977494375 0.077
0 0.7402475618904726 0.481 0.050637659414853715 0.075
0 0.7860090022505627 0.4005 0.056639159789947484 0.082
0 0.8503375843960991 0.33625 0.05701425356339085 0.0895
0 0.9000375093773444 0.375 0.05888972243060765 0.089
0 0.8647786946736684 0.4375 0.05888972243060765 0.075
0 0.8120780195048762 0.487 0.06151537884471118 0.082
0 0.8546511627906976 0.508 0.04988747186796699 0.076
0 0.8013878469617405 0.55275 0.056639159789947484 0.0715
0 0.7543135783945987 0.59225 0.05701425356339085 0.0675
0 0.7556264066016504 0.665 0.050637659414853715 0.064
0 0.6991747936984246 0.69675 0.04801200300075019 0.0675
0 0.7526256564141035 0.71675 0.055138784696174045 0.0545
0 0.6834208552138035 0.7585 0.05776444111027757 0.07
0 0.755251312828207 0.77425 0.05888972243060765 0.0555
0 0.812828207051763 0.789 0.05251312828207052 0.059
0 0.8319579894973743 0.7185 0.05326331582895724 0.065
0 0.8964741185296324 0.69925 0.0555138784696174 0.0695
0 0.849774943735934 0.65175 0.059639909977494375 0.0665
0 0.8565266316579144 0.58725 0.055138784696174045 0.0725
0 0.8818454613653414 0.605 0.04426106526631658 0.046
0 0.918979744936234 0.56675 0.06151537884471118 0.0785
0 0.9240435108777194 0.488 0.061140285071267814 0.073
