0 0.04388597149287322 0.44075 0.05926481620405101 0.0725
0 0.055326331582895724 0.51975 0.04838709677419355 0.0635
0 0.07914478619654913 0.581 0.05926481620405101 0.072
0 0.09302325581395349 0.64775 0.0555138784696174 0.0515
0 0.08627156789197299 0.387 0.05326331582895724 0.076
0 0.0995873968492123 0.4605 0.0603900975243811 0.071
0 0.09789947486871718 0.53825 0.05326331582895724 0.0755
0 0.12940735183795948 0.5925 0.05401350337584396 0.065
0 0.1569767441860465 0.6865 0.05438859714928732 0.058
0 0.17291822955738934 0.637 0.0555138784696174 0.062
0 0.17460615153788447 0.5705 0.05588897224306077 0.071
0 0.1466616654163541 0.50175 0.058514628657164294 0.0715
0 0.14234808702175544 0.43675 0.0603900975243811 0.0735
0 0.1837959489872468 0.41475 0.06676669167291822 0.0765
0 0.16354088522130533 0.3335 0.06376594148537135 0.069
0 0.21586646661665415 0.30875 0.055138784696174045 0.0775
0 0.26987996999249814 0.30225 0.055138784696174045 0.0845
0 0.2711927981995499 0.387 0.05251312828207052 0.079
0 0.22093023255813954 0.4475 0.05926481620405101 0.061
0 0.30607651912978245 0.36825 0.06001500375093773 0.0855
0 0.32145536384096024 0.4335 0.060765191297824456 0.064
0 0.23518379594898725 0.512 0.047261815453863466 0.065
0 0.26556639159789946 0.493 0.05926481620405101 0.068
0 0.23012003000750186 0.58875 0.04913728432108027 0.0695
0 0.2166166541635409 0.692 0.05288822205551388 0.063
0 0.2653788447111778 0.70125 0.05438859714928732 0.0545
0 0.26969242310577646 0.575 0.06301575393848462 0.075
0 0.27419354838709675 0.62025 0.0622655663915979 0.0555
0 0.3394598649662416 0.63675 0.05326331582895724 0.0625
0 0.33308327081770445 0.68775 0.0555138784696174 0.0555
0 0.3887846961740435 0.702 0.06264066016504126 0.054
0 0.3936609152288072 0.62475 0.052138034508627154 0.0605
0 0.44973743435858965 0.6955 0.0450112528132033 0.058
0 0.49212303075768943 0.696 0.05701425356339085 0.06
0 0.5450112528132033 0.696 0.05476369092273068 0.061
0 0.5885221305326331 0.7185 0.04801200300075019 0.062
0 0.3257689422355589 0.53175 0.05288822205551388 0.0765
0 0.3493998499624906 0.29775 0.0603900975243811 0.0815
0 0.3885971492873218 0.26725 0.056264066016504126 0.0955
0 0.39403600900225055 0.3505 0.06264066016504126 0.08
0 0.4165416354088522 0.431 0.056639159789947484 0.072
0 0.376781695423856 0.5055 0.0536384096024006 0.075
0 0.38165791447861963 0.54725 0.0536384096024006 0.0535
0 0.4351087771942986 0.50825 0.056264066016504126 0.0695
0 0.427231807951988 0.567 0.056264066016504126 0.067
0 0.44373593398349587 0.61725 0.05701425356339085 0.0485
0 0.47768192048012004 0.59875 0.05288822205551388 0.0705
0 0.5307576894223556 0.61375 0.04801200300075019 0.0725
0 0.49287321830457614 0.5195 0.051762940735183796 0.079
0 0.46155288822205554 0.41525 0.059639909977494375 0.0835
0 0.4551762940735184 0.332 0.059639909977494375 0.079
0 0.5163165791447862 0.28575 0.05813953488372093 0.0855
0 0.5114403600900225 0.36925 0.06264066016504126 0.0815
0 0.5163165791447862 0.4535 0.061140285071267814 0.074
0 0.5408852213053263 0.533 0.05251312828207052 0.076
0 0.5802700675168793 0.626 0.0555138784696174 0.072
0 0.6250937734433608 0.665 0.04913728432108027 0.071
0 0.5729557389347337 0.7595 0.0536384096024006 0.056
0 0.6365341335333834 0.7735 0.05101275318829707 0.056
0 0.6500375093773444 0.6865 0.047261815453863466 0.058
0 0.695986496624156 0.774 0.0536384096024006 0.059
0 0.7188672168042011 0.732 0.061140285071267814 0.059
0 0.5990247561890473 0.5445 0.05776444111027757 0.064
0 0.577456864216054 0.47125 0.0603900975243811 0.0735
0 0.5570142535633908 0.41125 0.06151537884471118 0.0745
0 0.6556639159789948 0.52275 0.05401350337584396 0.0695
0 0.6682295573893473 0.605 0.061140285071267814 0.07
0 0.7064891222805701 0.665 0.050637659414853715 0.068
0 0.7490622655663915 0.743 0.05926481620405101 0.056
0 0.7550637659414854 0.64675 0.04576144036009002 0.0455
0 0.7147411852963241 0.56875 0.06639159789947487 0.0705
0 0.5697674418604651 0.255 0.05926481620405101 0.077
0 0.6701050262565641 0.36425 0.0671417854463616 0.0755
0 0.6721680420105026 0.43375 0.06451612903225806 0.0775
0 0.7295573893473368 0.4575 0.07051762940735183 0.071
0 0.7434358589647412 0.37075 0.07126781695423856 0.0705
0 0.7522505626406601 0.2865 0.07689422355588897 0.084
0 0.8486496624156039 0.2985 0.07689422355588897 0.078
0 0.808702175543886 0.40425 0.06376594148537135 0.0865
0 0.8478994748687172 0.403 0.04913728432108027 0.084
0 0.8885971492873218 0.4115 0.05476369092273068 0.072
0 0.8158289572393098 0.4745 0.060765191297824456 0.064
0 0.7719429857464366 0.5455 0.06976744186046512 0.075
0 0.7524381095273819 0.601 0.05926481620405101 0.053
0 0.8025131282820706 0.553 0.04013503375843961 0.064
0 0.7970742685671418 0.7115 0.05701425356339085 0.065
0 0.8554013503375844 0.765 0.0603900975243811 0.051
0 0.8193923480870218 0.6565 0.0603900975243811 0.06
0 0.9096024006001501 0.72725 0.060765191297824456 0.0555
0 0.8690922730682671 0.624 0.06601650412603151 0.062
0 0.8870967741935484 0.573 0.0690172543135784 0.075
0 0.904913728432108 0.49025 0.0641410352588147 0.0685
