0 0.16822955738934733 0.20525 0.07314328582145536 0.0905
0 0.14159789947486873 0.304 0.09039759939984997 0.093
0 0.11177794448612154 0.38225 0.07726931732933233 0.0895
0 0.08270817704426106 0.4585 0.08289572393098274 0.089
0 0.09077269317329333 0.577 0.07801950487621906 0.093
0 0.12584396099024756 0.61975 0.07164291072768192 0.0765
0 0.20161290322580644 0.648 0.0603900975243811 0.079
0 0.17854463615903976 0.5695 0.06001500375093773 0.067
0 0.16166541635408851 0.50875 0.08027006751687922 0.0895
0 0.1858589647411853 0.424 0.0708927231807952 0.095
0 0.21605401350337583 0.336 0.06676669167291822 0.086
0 0.2533758439609902 0.291 0.07314328582145536 0.089
0 0.26800450112528135 0.19175 0.061140285071267814 0.0875
0 0.3336459114778695 0.20075 0.06489122280570142 0.0945
0 0.31189047261815456 0.2775 0.056639159789947484 0.087
0 0.3332708177044261 0.38175 0.06564141035258815 0.0875
0 0.28113278319579893 0.45425 0.07764441110277569 0.0885
0 0.2289947486871718 0.48275 0.07164291072768192 0.0815
0 0.24193548387096775 0.54575 0.072768192048012 0.0745
0 0.27569392348087024 0.6205 0.06826706676669167 0.075
0 0.2700675168792198 0.76625 0.06451612903225806 0.0855
0 0.3327081770442611 0.6785 0.05401350337584396 0.082
0 0.3715303825956489 0.745 0.05888972243060765 0.073
0 0.42273068267066766 0.75125 0.0555138784696174 0.0745
0 0.4626781695423856 0.79025 0.052138034508627154 0.0685
0 0.5146286571642911 0.83825 0.05401350337584396 0.0695
0 0.326894223555889 0.58525 0.06564141035258815 0.0815
0 0.38165791447861963 0.629 0.059639909977494375 0.081
0 0.4052888222055514 0.65825 0.0536384096024006 0.0715
0 0.45630157539384847 0.6915 0.05438859714928732 0.067
0 0.49174793698424607 0.7155 0.04276069017254314 0.074
0 0.5508252063015754 0.76925 0.05813953488372093 0.0665
0 0.589834958739685 0.8325 0.050637659414853715 0.061
0 0.6155288822205551 0.846 0.035258814703675916 0.052
0 0.6151537884471118 0.84525 0.035258814703675916 0.0525
0 0.6147786946736684 0.84475 0.035258814703675916 0.0525
0 0.614403600900225 0.84425 0.035258814703675916 0.0525
0 0.6140285071267817 0.84375 0.035258814703675916 0.0525
0 0.4232933233308327 0.186 0.06789197299324831 0.084
0 0.3300825206301575 0.50275 0.07126781695423856 0.0835
0 0.3936609152288072 0.265 0.0603900975243811 0.079
0 0.38897224306076517 0.3545 0.0622655663915979 0.078
0 0.3690922730682671 0.43275 0.0622655663915979 0.0845
0 0.3983495873968492 0.51725 0.06451612903225806 0.0875
0 0.409039759939985 0.56225 0.059639909977494375 0.0715
0 0.44898724681170293 0.6105 0.06001500375093773 0.071
0 0.508814703675919 0.64175 0.056639159789947484 0.0775
0 0.5238184546136534 0.6685 0.0536384096024006 0.065
0 0.5643285821455364 0.69425 0.046136534133533386 0.0615
0 0.5812078019504876 0.74475 0.04088522130532633 0.0595
0 0.6142160540135033 0.76875 0.047636909227306824 0.0585
0 0.6530382595648913 0.80975 0.04276069017254314 0.0495
0 0.6922355588897224 0.8365 0.041635408852213056 0.054
0 0.7241185296324081 0.79975 0.04013503375843961 0.0555
0 0.7036759189797449 0.77575 0.04351087771942986 0.0635
0 0.6509752438109527 0.74175 0.038634658664666165 0.0595
0 0.623218304576144 0.717 0.05138784696174044 0.059
0 0.7515003750937734 0.7645 0.041635408852213056 0.061
0 0.8077644411102776 0.73325 0.04388597149287322 0.0615
0 0.7520630157539385 0.71275 0.04426106526631658 0.0645
0 0.7209302325581395 0.70825 0.046511627906976744 0.0585
0 0.6766691672918229 0.69975 0.04801200300075019 0.0695
0 0.6129032258064516 0.65325 0.046511627906976744 0.0615
0 0.5853338334583645 0.62225 0.06264066016504126 0.0885
0 0.4891222805701425 0.548 0.04951237809452363 0.076
0 0.46155288822205554 0.5135 0.061890472618154536 0.082
0 0.42198049512378094 0.4105 0.06001500375093773 0.085
0 0.4529257314328582 0.27725 0.05813953488372093 0.0795
0 0.46136534133533386 0.34125 0.058514628657164294 0.0795
0 0.4855588897224306 0.4305 0.056639159789947484 0.088
0 0.5226931732933233 0.4845 0.052138034508627154 0.074
0 0.5506376594148538 0.48875 0.0450112528132033 0.0725
0 0.6012753188297074 0.5565 0.05776444111027757 0.072
0 0.6140285071267817 0.5865 0.046511627906976744 0.075
0 0.6652288072018004 0.62475 0.04388597149287322 0.0715
0 0.70423855963991 0.646 0.04238559639909977 0.067
0 0.7423105776444111 0.6575 0.042010502625656414 0.068
0 0.7890097524381096 0.66625 0.041635408852213056 0.0635
0 0.5016879219804952 0.23375 0.05738934733683421 0.0745
0 0.5260690172543135 0.331 0.06639159789947487 0.083
0 0.5236309077269318 0.405 0.05101275318829707 0.074
0 0.5647036759189797 0.3695 0.04388597149287322 0.083
0 0.5120030007501876 0.0995 0.05701425356339085 0.086
0 0.5418229557389347 0.17775 0.05738934733683421 0.0825
0 0.5701425356339085 0.129 0.05776444111027757 0.073
0 0.594523630907727 0.19875 0.056264066016504126 0.0805
0 0.6562265566391597 0.16325 0.05288822205551388 0.0755
0 0.6605401350337584 0.22575 0.05251312828207052 0.0805
0 0.5474493623405852 0.271 0.05438859714928732 0.067
0 0.5971492873218305 0.27425 0.05101275318829707 0.0765
0 0.6905476369092273 0.2105 0.04801200300075019 0.079
0 0.7284321080270068 0.22925 0.046511627906976744 0.0735
0 0.6492873218304576 0.30425 0.04801200300075019 0.0795
0 0.7023630907726932 0.2875 0.05138784696174044 0.067
0 0.7528132033008252 0.2845 0.04576144036009002 0.064
0 0.614403600900225 0.348 0.05251312828207052 0.074
0 0.5924606151537885 0.436 0.05588897224306077 0.069
0 0.6376594148537135 0.42475 0.046511627906976744 0.0635
0 0.6794823705926482 0.37275 0.04913728432108027 0.0665
0 0.7181170292573144 0.3385 0.04388597149287322 0.069
0 0.7561890472618155 0.3335 0.04351087771942986 0.05
0 0.6174043510877719 0.4925 0.04801200300075019 0.073
0 0.677231807951988 0.43175 0.04838709677419355 0.0725
0 0.7243060765191298 0.4105 0.04276069017254314 0.069
0 0.7768192048012003 0.39025 0.04801200300075019 0.0635
0 0.6699174793698425 0.4995 0.0450112528132033 0.068
0 0.6526631657914479 0.56175 0.04951237809452363 0.0655
0 0.831582895723931 0.3635 0.04351087771942986 0.067
0 0.8240810202550638 0.41925 0.04276069017254314 0.0625
0 0.8540885221305327 0.4125 0.03825956489122281 0.058
0 0.836271567891973 0.4555 0.04688672168042011 0.051
0 0.7711927981995499 0.46125 0.042010502625656414 0.0725
0 0.7950112528132033 0.48825 0.04088522130532633 0.0585
0 0.8295198799699925 0.5335 0.04238559639909977 0.062
0 0.7873218304576144 0.5455 0.04576144036009002 0.061
0 0.7303075768942235 0.48675 0.04426106526631658 0.0675
0 0.695986496624156 0.5365 0.04088522130532633 0.061
0 0.7402475618904726 0.5465 0.043135783945986494 0.063
0 0.7008627156789198 0.5885 0.04013503375843961 0.062
0 0.7406226556639159 0.595 0.041635408852213056 0.06
0 0.7893848462115529 0.6005 0.041635408852213056 0.057
