0 0.39216054013503376 0.22175 0.06339084771192798 0.0775
0 0.45555138784696175 0.22325 0.05588897224306077 0.0845
0 0.404351087771943 0.29475 0.058514628657164294 0.0685
0 0.4604276069017254 0.30575 0.055138784696174045 0.0665
0 0.46905476369092275 0.3695 0.059639909977494375 0.069
0 0.5211927981995499 0.32475 0.0603900975243811 0.0805
0 0.5378844711177795 0.24475 0.06301575393848462 0.0845
0 0.5812078019504876 0.21025 0.05813953488372093 0.0835
0 0.5812078019504876 0.29375 0.050637659414853715 0.0785
0 0.6282820705176294 0.315 0.05251312828207052 0.071
0 0.6667291822955739 0.2255 0.06789197299324831 0.077
0 0.7439984996249063 0.248 0.059639909977494375 0.093
0 0.7214928732183046 0.328 0.04688672168042011 0.065
0 0.6792948237059265 0.369 0.04951237809452363 0.075
0 0.8135783945986497 0.3285 0.05251312828207052 0.071
0 0.8448987246811703 0.3835 0.05138784696174044 0.07
0 0.8863465866466617 0.4255 0.0622655663915979 0.065
0 0.8936609152288072 0.49625 0.05888972243060765 0.0665
0 0.3370217554388597 0.2825 0.050637659414853715 0.083
0 0.29182295573893474 0.335 0.047261815453863466 0.08
0 0.21886721680420104 0.405 0.05138784696174044 0.07
0 0.15660165041260315 0.40925 0.0603900975243811 0.0685
0 0.14628657164291073 0.47975 0.03975993998499625 0.0725
0 0.09021005251312829 0.56175 0.05588897224306077 0.0675
0 0.12940735183795948 0.61 0.051762940735183796 0.06
0 0.14159789947486873 0.57475 0.05438859714928732 0.0625
0 0.19411102775693923 0.52 0.05438859714928732 0.065
0 0.22993248312078018 0.48275 0.05326331582895724 0.0685
0 0.23443360840210054 0.568 0.0555138784696174 0.077
0 0.18904726181545387 0.61675 0.06451612903225806 0.0735
0 0.16691672918229558 0.6435 0.0450112528132033 0.059
0 0.12809452363090773 0.6815 0.05288822205551388 0.065
0 0.13634658664666166 0.7235 0.043135783945986494 0.036
0 0.16785446361590398 0.774 0.043135783945986494 0.065
0 0.19298574643660915 0.7085 0.04988747186796699 0.052
0 0.23218304576144036 0.66125 0.047261815453863466 0.0595
0 0.213615903975994 0.77175 0.04988747186796699 0.0525
0 0.21811702925731433 0.804 0.04838709677419355 0.038
0 0.25318829707426854 0.9305 0.05251312828207052 0.063
0 0.2813203300825206 0.834 0.04426106526631658 0.052
0 0.327456864216054 0.854 0.05026256564141035 0.057
0 0.3113278319579895 0.78375 0.05101275318829707 0.0595
0 0.2785071267816954 0.723 0.047636909227306824 0.055
0 0.3083270817704426 0.69875 0.05101275318829707 0.0625
0 0.3495873968492123 0.72025 0.04351087771942986 0.0625
0 0.27325581395348836 0.63275 0.04988747186796699 0.0615
0 0.3201425356339085 0.6435 0.047636909227306824 0.066
0 0.29444861215303825 0.567 0.05101275318829707 0.063
0 0.29276069017254314 0.50175 0.05438859714928732 0.0675
0 0.30626406601650413 0.4145 0.043135783945986494 0.063
0 0.35090022505626406 0.37075 0.04913728432108027 0.0605
0 0.3512753188297074 0.4375 0.04988747186796699 0.069
0 0.35183795948987245 0.52325 0.05101275318829707 0.0675
0 0.3537134283570893 0.6185 0.04801200300075019 0.062
0 0.3674043510877719 0.6495 0.0536384096024006 0.055
0 0.4019129782445611 0.725 0.046136534133533386 0.059
0 0.4435483870967742 0.736 0.04688672168042011 0.056
0 0.4433608402100525 0.69075 0.05101275318829707 0.0565
0 0.49474868717179293 0.6995 0.04426106526631658 0.055
0 0.5007501875468867 0.78225 0.04876219054763691 0.0575
0 0.4476744186046512 0.798 0.04013503375843961 0.055
0 0.40378844711177797 0.78925 0.050637659414853715 0.0555
0 0.42085521380345087 0.83375 0.047261815453863466 0.0515
0 0.5375093773443361 0.71175 0.04051012753188297 0.0575
0 0.40828957239309827 0.6255 0.050637659414853715 0.048
0 0.4476744186046512 0.592 0.04988747186796699 0.057
0 0.40172543135783945 0.55625 0.051762940735183796 0.0585
0 0.390847711927982 0.5135 0.05251312828207052 0.065
0 0.4433608402100525 0.51925 0.04951237809452363 0.0585
0 0.3970367591897975 0.367 0.0536384096024006 0.072
0 0.43117029257314327 0.436 0.06264066016504126 0.079
0 0.4795573893473368 0.4545 0.05438859714928732 0.074
0 0.49212303075768943 0.52125 0.051762940735183796 0.0715
0 0.5075018754688673 0.5785 0.04276069017254314 0.057
0 0.5266316579144786 0.6365 0.056264066016504126 0.062
0 0.5738934733683421 0.6705 0.051762940735183796 0.058
0 0.5986496624156039 0.667 0.024006001500375095 0.057
0 0.6410352588147037 0.6905 0.05326331582895724 0.055
0 0.6659789947486872 0.72475 0.046136534133533386 0.0585
0 0.6798574643660915 0.65225 0.0536384096024006 0.0605
0 0.7340585146286571 0.71625 0.0555138784696174 0.0575
0 0.7642535633908477 0.679 0.041635408852213056 0.06
0 0.7295573893473368 0.636 0.047261815453863466 0.06
0 0.7175543885971493 0.57875 0.05251312828207052 0.0505
0 0.6521005251312828 0.57275 0.05138784696174044 0.0605
0 0.6121530382595649 0.6145 0.04801200300075019 0.061
0 0.5645161290322581 0.61 0.04426106526631658 0.061
0 0.5485746436609152 0.55125 0.041635408852213056 0.0615
0 0.6010877719429858 0.5535 0.047636909227306824 0.051
0 0.5330082520630157 0.4925 0.05476369092273068 0.067
0 0.581020255063766 0.4545 0.058514628657164294 0.06
0 0.5864591147786947 0.499 0.041635408852213056 0.063
0 0.6271567891972993 0.4835 0.047261815453863466 0.056
0 0.6245311327831958 0.4405 0.04801200300075019 0.061
0 0.5303825956489122 0.42525 0.05251312828207052 0.0615
0 0.5776444111027756 0.36875 0.05401350337584396 0.0705
0 0.6875468867216804 0.468 0.058514628657164294 0.07
0 0.6881095273818455 0.50975 0.0536384096024006 0.0505
0 0.7616279069767442 0.39425 0.061890472618154536 0.0765
0 0.7996999249812453 0.4375 0.05101275318829707 0.064
0 0.7531882970742686 0.4645 0.0450112528132033 0.072
0 0.7884471117779445 0.483 0.03975993998499625 0.053
0 0.7584396099024756 0.5315 0.05101275318829707 0.06
0 0.7991372843210802 0.53875 0.04538634658664666 0.0625
0 0.8405851462865717 0.521 0.04801200300075019 0.062
0 0.8882220555138785 0.57725 0.04801200300075019 0.0625
0 0.8366466616654163 0.59325 0.05138784696174044 0.0625
0 0.867966991747937 0.6395 0.04351087771942986 0.053
0 0.8300825206301575 0.66775 0.04876219054763691 0.0655
0 0.7820705176294074 0.61425 0.046511627906976744 0.0585
