0 0.0354463615903976 0.596 0.02288072018004501 0.039
0 0.0603900975243811 0.616 0.02700675168792198 0.038
0 0.07708177044261065 0.67025 0.02138034508627157 0.0425
0 0.09733683420855214 0.6885 0.028132033008252063 0.035
0 0.10090022505626407 0.71925 0.03150787696924231 0.0335
0 0.1168417104276069 0.74525 0.028882220555138786 0.0395
0 0.13934733683420855 0.74125 0.028882220555138786 0.0445
0 0.12603150787696923 0.6865 0.028507126781695424 0.039
0 0.08477119279819954 0.597 0.033008252063015754 0.04
0 0.06470367591897974 0.573 0.025131282820705175 0.033
0 0.09077269317329333 0.556 0.03375843960990248 0.045
0 0.07351837959489872 0.52125 0.029257314328582147 0.0365
0 0.05738934733683421 0.474 0.029257314328582147 0.039
0 0.09977494373593399 0.461 0.02700675168792198 0.041
0 0.1063390847711928 0.50575 0.03188297074268567 0.0395
0 0.1312828207051763 0.5095 0.03075768942235559 0.041
0 0.14516129032258066 0.557 0.0345086271567892 0.045
0 0.13090772693173294 0.5485 0.0172543135783946 0.036
0 0.13278319579894973 0.58975 0.02700675168792198 0.0395
0 0.1474118529632408 0.633 0.02625656414103526 0.043
0 0.17085521380345087 0.62775 0.028132033008252063 0.0475
0 0.16541635408852212 0.59375 0.0345086271567892 0.0285
0 0.18754688672168043 0.57075 0.029257314328582147 0.0435
0 0.18435858964741186 0.524 0.03563390847711928 0.044
0 0.16110277569392348 0.4895 0.032633158289572396 0.037
0 0.13540885221305327 0.4705 0.02625656414103526 0.032
0 0.13034508627156788 0.43425 0.028132033008252063 0.0455
0 0.10446361590397599 0.4015 0.032633158289572396 0.04
0 0.09227306826706677 0.36025 0.03375843960990248 0.0445
0 0.14591147786946737 0.39175 0.01800450112528132 0.0405
0 0.16354088522130533 0.4025 0.03150787696924231 0.042
0 0.17010502625656415 0.443 0.028132033008252063 0.043
0 0.21905476369092272 0.4505 0.029257314328582147 0.044
0 0.24212303075768943 0.47475 0.029632408102025505 0.0435
0 0.21567891972993247 0.4965 0.030007501875468866 0.047
0 0.23030757689422354 0.55725 0.02700675168792198 0.0475
0 0.2243060765191298 0.6155 0.03075768942235559 0.045
0 0.20667666916729183 0.6625 0.02700675168792198 0.047
0 0.23930982745686422 0.64675 0.02625656414103526 0.0455
0 0.25731432858214554 0.662 0.028507126781695424 0.042
0 0.21905476369092272 0.7 0.02700675168792198 0.045
0 0.24268567141785446 0.69325 0.03600900225056264 0.0425
0 0.28019504876219054 0.63225 0.03150787696924231 0.0455
0 0.2423105776444111 0.72575 0.029257314328582147 0.0335
0 0.1791072768192048 0.76825 0.029632408102025505 0.0385
0 0.2059264816204051 0.7545 0.028507126781695424 0.048
0 0.20892723180795197 0.7745 0.0277569392348087 0.026
0 0.2394973743435859 0.7875 0.030382595648912228 0.043
0 0.28507126781695424 0.80025 0.0277569392348087 0.0515
0 0.29351087771942985 0.72925 0.037134283570892726 0.0365
0 0.29182295573893474 0.748 0.03150787696924231 0.025
0 0.28600900225056264 0.6795 0.028132033008252063 0.04
0 0.30420105026256566 0.65675 0.024756189047261814 0.0375
0 0.25806451612903225 0.572 0.019504876219054765 0.043
0 0.27831957989497375 0.60475 0.028507126781695424 0.0295
0 0.2785071267816954 0.57475 0.036384096024006 0.0465
0 0.268192048012003 0.53625 0.0277569392348087 0.0455
0 0.28244561140285074 0.518 0.029257314328582147 0.043
0 0.2730682670667667 0.48125 0.03075768942235559 0.0435
0 0.25225056264066015 0.43975 0.02138034508627157 0.0395
0 0.2644411102775694 0.43425 0.029257314328582147 0.0485
0 0.20161290322580644 0.4185 0.02288072018004501 0.04
0 0.2213053263315829 0.399 0.030007501875468866 0.046
0 0.25975243810952736 0.39125 0.030382595648912228 0.0425
0 0.299887471867967 0.40075 0.02738184546136534 0.0525
0 0.1761065266316579 0.36375 0.02663165791447862 0.0425
0 0.20273818454613654 0.379 0.02663165791447862 0.034
0 0.1811702925731433 0.32575 0.024006001500375095 0.0395
0 0.1980495123780945 0.34275 0.02700675168792198 0.0445
0 0.23143285821455364 0.3595 0.0277569392348087 0.046
0 0.19823705926481622 0.29925 0.03113278319579895 0.0435
0 0.21811702925731433 0.265 0.03938484621155289 0.048
0 0.24287321830457614 0.316 0.028132033008252063 0.044
0 0.2751312828207052 0.31675 0.03488372093023256 0.0445
0 0.27063015753938485 0.35625 0.037134283570892726 0.0375
0 0.08008252063015754 0.44025 0.02288072018004501 0.0435
0 0.27063015753938485 0.25825 0.030382595648912228 0.0465
0 0.2940735183795949 0.239 0.03225806451612903 0.044
0 0.31114028507126784 0.20225 0.036384096024006 0.0495
0 0.3160165041260315 0.25975 0.024381095273818456 0.0555
0 0.34339834958739685 0.26325 0.043135783945986494 0.0575
0 0.3463990997749437 0.2195 0.03338334583645911 0.051
0 0.372655663915979 0.2085 0.029632408102025505 0.053
0 0.39647411852963244 0.23775 0.0345086271567892 0.0525
0 0.3840960240060015 0.28525 0.035258814703675916 0.0495
0 0.4146661665416354 0.272 0.03788447111777944 0.058
0 0.31301575393848463 0.3155 0.04013503375843961 0.049
0 0.3081395348837209 0.34875 0.03788447111777944 0.0385
0 0.3235183795948987 0.38425 0.03488372093023256 0.0425
0 0.34527381845461363 0.34975 0.032633158289572396 0.0485
0 0.4324831207801951 0.32775 0.03675918979744936 0.0455
0 0.3647786946736684 0.331 0.032633158289572396 0.054
0 0.3987246811702926 0.34125 0.0345086271567892 0.0465
0 0.3582145536384096 0.4005 0.03225806451612903 0.047
0 0.3915978994748687 0.38475 0.0450112528132033 0.0465
0 0.42854463615903976 0.37 0.04013503375843961 0.05
0 0.4617404351087772 0.347 0.04051012753188297 0.052
0 0.3413353338334584 0.429 0.033008252063015754 0.037
0 0.31545386346586646 0.4555 0.0345086271567892 0.038
0 0.345648912228057 0.46575 0.028882220555138786 0.0415
0 0.367966991747937 0.4465 0.037509377344336084 0.045
0 0.4060390097524381 0.42625 0.036384096024006 0.0495
0 0.31282820705176295 0.50475 0.03675918979744936 0.0515
0 0.33177044261065264 0.526 0.03563390847711928 0.044
0 0.3207051762940735 0.53925 0.030007501875468866 0.0415
0 0.3657164291072768 0.531 0.033008252063015754 0.046
0 0.37528132033008255 0.48725 0.037134283570892726 0.0495
0 0.4013503375843961 0.51725 0.033008252063015754 0.0445
0 0.359152288072018 0.571 0.03563390847711928 0.038
0 0.3944111027756939 0.56375 0.036384096024006 0.0475
0 0.33177044261065264 0.61375 0.030382595648912228 0.0465
0 0.34227306826706677 0.646 0.032633158289572396 0.05
0 0.36271567891972994 0.6205 0.0345086271567892 0.055
0 0.3966616654163541 0.60675 0.030382595648912228 0.0455
0 0.3925356339084771 0.65525 0.03563390847711928 0.0485
0 0.3265191297824456 0.68775 0.03488372093023256 0.0425
0 0.3439609902475619 0.7275 0.02700675168792198 0.047
0 0.3649662415603901 0.737 0.03675918979744936 0.045
0 0.3642160540135034 0.76125 0.030007501875468866 0.0395
0 0.38278319579894976 0.79275 0.030382595648912228 0.0445
0 0.3184546136534134 0.77525 0.0345086271567892 0.0345
0 0.3038259564891223 0.78725 0.030007501875468866 0.0325
0 0.32295573893473367 0.81375 0.035258814703675916 0.0385
0 0.34602400600150035 0.845 0.029632408102025505 0.041
0 0.35015003750937734 0.7975 0.03488372093023256 0.034
0 0.3824081020255064 0.8365 0.029632408102025505 0.039
0 0.3992873218304576 0.85825 0.023630907726931733 0.0345
0 0.4174793698424606 0.89525 0.033008252063015754 0.0435
0 0.4435483870967742 0.9075 0.030382595648912228 0.042
0 0.423105776444111 0.8335 0.03225806451612903 0.041
0 0.4512378094523631 0.84975 0.0277569392348087 0.0455
0 0.4754313578394599 0.88125 0.034133533383345835 0.0445
0 0.47430607651912976 0.91225 0.030382595648912228 0.0415
0 0.5071267816954238 0.8955 0.028507126781695424 0.041
0 0.5151912978244562 0.87075 0.025881470367591898 0.0475
0 0.5103150787696924 0.83125 0.03938484621155289 0.0415
0 0.4611777944486122 0.82125 0.025131282820705175 0.0455
0 0.4773068267066767 0.8085 0.03338334583645911 0.047
0 0.4482370592648162 0.7705 0.035258814703675916 0.047
0 0.4165416354088522 0.72675 0.032633158289572396 0.0405
0 0.4493623405851463 0.72125 0.03225806451612903 0.0405
0 0.3869092273068267 0.682 0.03488372093023256 0.042
0 0.4199174793698425 0.6845 0.030382595648912228 0.044
0 0.44973743435858965 0.679 0.028507126781695424 0.051
0 0.4619279819954989 0.6665 0.034133533383345835 0.046
0 0.48237059264816207 0.6925 0.029257314328582147 0.049
0 0.4804951237809452 0.73575 0.03075768942235559 0.0475
0 0.4990622655663916 0.76725 0.03488372093023256 0.0405
0 0.5097524381095274 0.72325 0.03900975243810953 0.0585
0 0.5238184546136534 0.76275 0.036384096024006 0.0425
0 0.5346961740435109 0.80325 0.032633158289572396 0.0475
0 0.44373593398349587 0.62975 0.03150787696924231 0.0425
0 0.42704426106526633 0.58325 0.030382595648912228 0.0475
0 0.44486121530382594 0.547 0.030007501875468866 0.047
0 0.4596774193548387 0.601 0.03338334583645911 0.048
0 0.4913728432108027 0.6215 0.03075768942235559 0.052
0 0.5121905476369092 0.6075 0.03788447111777944 0.048
0 0.4737434358589647 0.554 0.029257314328582147 0.043
0 0.4973743435858965 0.56425 0.028507126781695424 0.0525
0 0.5315078769692423 0.56975 0.04426106526631658 0.0565
0 0.4561140285071268 0.50575 0.03150787696924231 0.0495
0 0.48443360840210054 0.502 0.03113278319579895 0.048
0 0.5204426106526632 0.523 0.03563390847711928 0.05
0 0.43904726181545384 0.4675 0.024381095273818456 0.048
0 0.4427981995498875 0.42 0.030382595648912228 0.052
0 0.46324081020255065 0.44775 0.03675918979744936 0.0455
0 0.46999249812453114 0.40075 0.03375843960990248 0.0535
0 0.5095648912228057 0.42325 0.041635408852213056 0.0455
0 0.5230682670667667 0.471 0.032633158289572396 0.047
0 0.4711177794448612 0.2985 0.042010502625656414 0.047
0 0.5003750937734434 0.334 0.035258814703675916 0.05
0 0.45573893473368343 0.253 0.04276069017254314 0.049
0 0.42666916729182297 0.2 0.038634658664666165 0.057
0 0.40416354088522133 0.16375 0.03563390847711928 0.0515
0 0.4206676669167292 0.1195 0.028882220555138786 0.049
0 0.4416729182295574 0.14975 0.036384096024006 0.0535
0 0.45836459114778694 0.0965 0.04126031507876969 0.052
0 0.4904351087771943 0.135 0.043135783945986494 0.046
0 0.49962490622655664 0.17975 0.03825956489122281 0.0545
0 0.47261815453863465 0.194 0.035258814703675916 0.057
0 0.5470742685671418 0.09575 0.04088522130532633 0.0555
0 0.5037509377344336 0.24475 0.051762940735183796 0.0545
0 0.5195048762190547 0.29075 0.0450112528132033 0.0495
0 0.5939609902475619 0.1075 0.03788447111777944 0.051
0 0.550450112528132 0.16675 0.038634658664666165 0.0455
0 0.5633908477119279 0.20275 0.04126031507876969 0.0535
0 0.5907726931732933 0.1705 0.03825956489122281 0.057
0 0.6348462115528882 0.19575 0.03563390847711928 0.0575
0 0.6160915228807202 0.245 0.04013503375843961 0.056
0 0.5737059264816204 0.264 0.03938484621155289 0.059
0 0.6444111027756939 0.2815 0.03825956489122281 0.053
0 0.6920480120030007 0.26275 0.042010502625656414 0.0575
0 0.5393848462115529 0.3415 0.04126031507876969 0.057
0 0.5705176294073518 0.351 0.033008252063015754 0.058
0 0.6040885221305327 0.35175 0.04538634658664666 0.0525
0 0.6530382595648913 0.33725 0.033008252063015754 0.0545
0 0.6869842460615154 0.313 0.038634658664666165 0.059
0 0.5418229557389347 0.391 0.03488372093023256 0.053
0 0.5748312078019505 0.4025 0.03938484621155289 0.053
0 0.5615153788447111 0.44375 0.0277569392348087 0.0455
0 0.5523255813953488 0.49225 0.038634658664666165 0.0505
0 0.5813953488372093 0.5515 0.035258814703675916 0.049
0 0.5924606151537885 0.50325 0.041635408852213056 0.0535
0 0.6020255063765941 0.467 0.03600900225056264 0.053
0 0.6423480870217554 0.4805 0.041635408852213056 0.055
0 0.6134658664666166 0.3965 0.04013503375843961 0.039
0 0.6504126031507877 0.4165 0.047261815453863466 0.063
0 0.6869842460615154 0.3895 0.04388597149287322 0.057
0 0.6854838709677419 0.45375 0.043135783945986494 0.0605
0 0.6927981995498874 0.49425 0.04426106526631658 0.0455
0 0.6509752438109527 0.52575 0.046136534133533386 0.0535
0 0.6190922730682671 0.5535 0.037134283570892726 0.056
0 0.5671417854463616 0.61175 0.03375843960990248 0.0575
0 0.5279444861215303 0.64675 0.03938484621155289 0.0415
0 0.5425731432858214 0.6895 0.043135783945986494 0.048
0 0.5611402850712678 0.73375 0.03375843960990248 0.0475
0 0.5965866466616654 0.74575 0.037134283570892726 0.0465
0 0.5650787696924231 0.83825 0.03188297074268567 0.0415
0 0.578019504876219 0.82025 0.04126031507876969 0.0465
0 0.5888972243060765 0.87875 0.03600900225056264 0.0465
0 0.5271942985746436 0.9295 0.030382595648912228 0.044
0 0.5570142535633908 0.944 0.03225806451612903 0.037
0 0.6076519129782446 0.83125 0.035258814703675916 0.0405
0 0.6429107276819205 0.83425 0.03675918979744936 0.0455
0 0.6798574643660915 0.8015 0.03338334583645911 0.042
0 0.6468492123030758 0.75275 0.03563390847711928 0.0465
0 0.6832333083270817 0.7595 0.036384096024006 0.051
0 0.7063015753938484 0.73125 0.03825956489122281 0.0465
0 0.6633533383345837 0.7015 0.04088522130532633 0.035
0 0.5795198799699925 0.69375 0.03900975243810953 0.0485
0 0.6087771942985747 0.657 0.04126031507876969 0.05
0 0.6299699924981246 0.67625 0.029632408102025505 0.0465
0 0.6566016504126031 0.668 0.04088522130532633 0.045
0 0.6933608402100525 0.635 0.038634658664666165 0.051
0 0.6262190547636909 0.61375 0.03788447111777944 0.0555
0 0.6611027756939235 0.6105 0.03788447111777944 0.05
0 0.6717929482370593 0.569 0.04426106526631658 0.057
0 0.7143660915228808 0.558 0.037134283570892726 0.049
0 0.7484996249062266 0.57775 0.03938484621155289 0.0515
0 0.7738184546136534 0.64625 0.04276069017254314 0.0585
0 0.7648162040510128 0.728 0.04051012753188297 0.05
0 0.7996999249812453 0.6615 0.037509377344336084 0.047
0 0.8289572393098275 0.62575 0.04126031507876969 0.0515
0 0.8055138784696174 0.586 0.038634658664666165 0.054
0 0.7726931732933233 0.54275 0.04426106526631658 0.0425
0 0.8190172543135784 0.5485 0.043135783945986494 0.055
0 0.7353713428357089 0.5 0.041635408852213056 0.057
0 0.7762565641410353 0.49725 0.034133533383345835 0.0615
0 0.8126406601650412 0.487 0.04238559639909977 0.046
0 0.8012003000750187 0.44125 0.04426106526631658 0.0525
0 0.7458739684921231 0.45525 0.04388597149287322 0.0535
0 0.7156789197299325 0.41825 0.03975993998499625 0.0495
0 0.7109902475618904 0.352 0.04013503375843961 0.047
0 0.7620030007501876 0.375 0.046136534133533386 0.053
0 0.7725056264066017 0.327 0.037134283570892726 0.053
0 0.7207426856714179 0.3045 0.038634658664666165 0.058
0 0.7543135783945987 0.2815 0.05026256564141035 0.053
0 0.7556264066016504 0.7875 0.04013503375843961 0.047
0 0.8025131282820706 0.81675 0.04388597149287322 0.0525
0 0.1629782445611403 0.68075 0.023630907726931733 0.0415
0 0.2021755438859715 0.6955 0.024006001500375095 0.038
