0 0.1464741185296324 0.3815 0.038634658664666165 0.043
0 0.15191297824456115 0.33575 0.03225806451612903 0.0465
0 0.16916729182295573 0.31 0.033008252063015754 0.042
0 0.18848462115528883 0.35575 0.029632408102025505 0.0415
0 0.21474118529632408 0.3345 0.04013503375843961 0.036
0 0.2501875468867217 0.33375 0.035258814703675916 0.0375
0 0.2614403600900225 0.30025 0.03150787696924231 0.0385
0 0.19786196549137283 0.39325 0.03788447111777944 0.0415
0 0.23293323330832708 0.37675 0.033008252063015754 0.0355
0 0.2614403600900225 0.37275 0.0277569392348087 0.0385
0 0.2871342835708927 0.346 0.028882220555138786 0.044
0 0.18567141785446362 0.44875 0.03375843960990248 0.0405
0 0.21792948237059265 0.4455 0.03150787696924231 0.042
0 0.22561890472618154 0.47625 0.032633158289572396 0.0395
0 0.25300075018754686 0.4975 0.03488372093023256 0.04
0 0.222993248312078 0.5525 0.032633158289572396 0.031
0 0.25431357839459867 0.5375 0.033008252063015754 0.045
0 0.26462865716429107 0.453 0.036384096024006 0.039
0 0.2830082520630158 0.40325 0.030382595648912228 0.0395
0 0.30101275318829707 0.4345 0.03338334583645911 0.043
0 0.2471867966991748 0.24125 0.0345086271567892 0.0365
0 0.26987996999249814 0.268 0.028882220555138786 0.041
0 0.2933233308327082 0.27425 0.033008252063015754 0.0445
0 0.2888222055513878 0.211 0.0277569392348087 0.046
0 0.30682670667666917 0.225 0.03150787696924231 0.041
0 0.34152288072018006 0.2425 0.030382595648912228 0.037
0 0.3649662415603901 0.21275 0.035258814703675916 0.0385
0 0.3835333833458365 0.248 0.030382595648912228 0.035
0 0.3454613653413353 0.279 0.033008252063015754 0.036
0 0.3126406601650413 0.3235 0.02738184546136534 0.035
0 0.3158289572393098 0.35975 0.03075768942235559 0.0475
0 0.3377719429857464 0.33 0.03113278319579895 0.045
0 0.3630907726931733 0.30925 0.0345086271567892 0.0395
0 0.37959489872468116 0.28425 0.024756189047261814 0.0375
0 0.3696549137284321 0.34775 0.037134283570892726 0.0385
0 0.32558139534883723 0.41475 0.024006001500375095 0.0365
0 0.34846211552888223 0.38925 0.03075768942235559 0.0425
0 0.36177794448612155 0.42375 0.03338334583645911 0.0535
0 0.390847711927982 0.4215 0.03150787696924231 0.04
0 0.3782820705176294 0.38525 0.030382595648912228 0.0355
0 0.3381470367591898 0.4575 0.030382595648912228 0.048
0 0.313390847711928 0.479 0.03113278319579895 0.038
0 0.30682670667666917 0.5165 0.035258814703675916 0.044
0 0.29951237809452363 0.557 0.020630157539384845 0.039
0 0.3218304576144036 0.56025 0.03075768942235559 0.0415
0 0.2738184546136534 0.59 0.03075768942235559 0.041
0 0.2685671417854464 0.6315 0.03150787696924231 0.046
0 0.3066391597899475 0.59675 0.037134283570892726 0.0455
0 0.32633158289572395 0.62425 0.03225806451612903 0.0425
0 0.2890097524381095 0.67125 0.03113278319579895 0.0485
0 0.32389347336834207 0.69975 0.03563390847711928 0.0425
0 0.3310202550637659 0.6605 0.04088522130532633 0.036
0 0.3630907726931733 0.62275 0.03675918979744936 0.0465
0 0.36046511627906974 0.5815 0.03075768942235559 0.046
0 0.3478994748687172 0.53675 0.028132033008252063 0.0455
0 0.3355213803450863 0.5035 0.028132033008252063 0.038
0 0.36384096024006 0.48325 0.03075768942235559 0.0435
0 0.3893473368342086 0.51125 0.028507126781695424 0.0405
0 0.395536384096024 0.46625 0.03488372093023256 0.0405
0 0.37884471117779445 0.5535 0.03375843960990248 0.041
0 0.37490622655663913 0.668 0.032633158289572396 0.043
0 0.37696924231057766 0.708 0.03075768942235559 0.041
0 0.37190547636909227 0.76125 0.028882220555138786 0.0505
0 0.34921230307576895 0.779 0.03225806451612903 0.047
0 0.36609152288072017 0.84575 0.03225806451612903 0.0465
0 0.390847711927982 0.8095 0.03150787696924231 0.049
0 0.3970367591897975 0.74025 0.028882220555138786 0.0525
0 0.4157914478619655 0.771 0.03188297074268567 0.046
0 0.4105401350337584 0.83675 0.030382595648912228 0.0445
0 0.3915978994748687 0.87325 0.03150787696924231 0.0405
0 0.41166541635408854 0.9065 0.03338334583645911 0.039
0 0.4234808702175544 0.87175 0.030007501875468866 0.0435
0 0.440735183795949 0.83525 0.03075768942235559 0.0475
0 0.44204801200300076 0.952 0.03188297074268567 0.052
0 0.4722430607651913 0.965 0.03150787696924231 0.047
0 0.4465491372843211 0.90075 0.032633158289572396 0.0465
0 0.47580645161290325 0.91775 0.029632408102025505 0.0435
0 0.49962490622655664 0.93975 0.03075768942235559 0.0455
0 0.5298199549887472 0.93675 0.030382595648912228 0.0485
0 0.5093773443360841 0.89725 0.028507126781695424 0.0505
0 0.4643660915228807 0.86325 0.03225806451612903 0.0475
0 0.4705551387846962 0.81475 0.028882220555138786 0.0425
0 0.49774943735933985 0.841 0.033008252063015754 0.044
0 0.5273818454613654 0.84675 0.030007501875468866 0.0475
0 0.46774193548387094 0.77375 0.028507126781695424 0.0435
0 0.5136909227306826 0.8055 0.030382595648912228 0.045
0 0.413165791447862 0.6905 0.03188297074268567 0.04
0 0.40472618154538637 0.64875 0.0345086271567892 0.0455
0 0.4118529632408102 0.6085 0.030007501875468866 0.04
0 0.4148537134283571 0.5685 0.037509377344336084 0.043
0 0.42010502625656415 0.528 0.029257314328582147 0.036
0 0.41691672918229555 0.49025 0.03113278319579895 0.0415
0 0.4122280570142536 0.1845 0.03150787696924231 0.04
0 0.41241560390097526 0.23025 0.028882220555138786 0.0435
0 0.42760690172543137 0.2575 0.03075768942235559 0.042
0 0.41785446361590395 0.28825 0.029257314328582147 0.0355
0 0.39797449362340587 0.30725 0.03075768942235559 0.0435
0 0.4111027756939235 0.339 0.03150787696924231 0.041
0 0.41335333833458365 0.38125 0.030007501875468866 0.0415
0 0.43792198049512376 0.38825 0.03488372093023256 0.0425
0 0.4493623405851463 0.35275 0.03075768942235559 0.0385
0 0.44204801200300076 0.3205 0.030382595648912228 0.033
0 0.45142535633908476 0.285 0.03188297074268567 0.031
0 0.4416729182295574 0.21575 0.025881470367591898 0.0365
0 0.45817704426106526 0.249 0.02663165791447862 0.045
0 0.4671792948237059 0.18425 0.025881470367591898 0.0475
0 0.49268567141785446 0.18975 0.028882220555138786 0.0385
0 0.486496624156039 0.2325 0.03225806451612903 0.037
0 0.48499624906226557 0.26975 0.029257314328582147 0.0365
0 0.47186796699174793 0.31325 0.03225806451612903 0.0355
0 0.47843210802700675 0.3475 0.030382595648912228 0.044
0 0.49381095273818454 0.38 0.03113278319579895 0.037
0 0.4773068267066767 0.41025 0.03188297074268567 0.0395
0 0.43529632408102026 0.4285 0.03188297074268567 0.036
0 0.44804951237809454 0.46425 0.032633158289572396 0.0365
0 0.47674418604651164 0.45325 0.0345086271567892 0.0475
0 0.4414853713428357 0.499 0.025506376594148537 0.041
0 0.44973743435858965 0.5395 0.03150787696924231 0.035
0 0.4701800450112528 0.49925 0.02738184546136534 0.0505
0 0.4964366091522881 0.50925 0.028132033008252063 0.0435
0 0.481807951987997 0.5505 0.03338334583645911 0.043
0 0.4896849212303076 0.58925 0.032633158289572396 0.0415
0 0.44954988747186797 0.608 0.03188297074268567 0.042
0 0.4731807951987997 0.6325 0.029632408102025505 0.046
0 0.43454613653413354 0.661 0.037134283570892726 0.041
0 0.4645536384096024 0.682 0.028882220555138786 0.041
0 0.49118529632408103 0.6595 0.03488372093023256 0.044
0 0.5056264066016504 0.63075 0.03075768942235559 0.0425
0 0.4701800450112528 0.72575 0.03488372093023256 0.0475
0 0.490622655663916 0.701 0.030007501875468866 0.041
0 0.49268567141785446 0.75 0.032633158289572396 0.043
0 0.518754688672168 0.71175 0.0277569392348087 0.0445
0 0.5365716429107277 0.77575 0.03563390847711928 0.0425
0 0.5626406601650412 0.83475 0.033008252063015754 0.0435
0 0.5442610652663166 0.89575 0.028507126781695424 0.0505
0 0.5768942235558889 0.91125 0.028507126781695424 0.0475
0 0.5853338334583645 0.824 0.028882220555138786 0.044
0 0.5977119279819955 0.8555 0.028132033008252063 0.036
0 0.6217179294823706 0.84375 0.03188297074268567 0.0525
0 0.5693923480870218 0.78725 0.03600900225056264 0.0395
0 0.5932108027006752 0.76275 0.03188297074268567 0.0455
0 0.6309077269317329 0.77075 0.03675918979744936 0.0435
0 0.6325956489122281 0.80925 0.03788447111777944 0.0375
0 0.663728432108027 0.7675 0.03188297074268567 0.044
0 0.5487621905476369 0.74125 0.03075768942235559 0.0425
0 0.5446361590397599 0.6995 0.03150787696924231 0.042
0 0.5823330832708177 0.72075 0.036384096024006 0.0475
0 0.6119654913728432 0.714 0.036384096024006 0.04
0 0.6436609152288072 0.73225 0.03150787696924231 0.0375
0 0.5500750187546887 0.65975 0.03113278319579895 0.0435
0 0.5800825206301575 0.67025 0.028882220555138786 0.0425
0 0.5324456114028507 0.62425 0.02663165791447862 0.0365
0 0.563953488372093 0.62825 0.03338334583645911 0.0425
0 0.5965866466616654 0.63625 0.03113278319579895 0.0435
0 0.609152288072018 0.671 0.029257314328582147 0.044
0 0.6400975243810952 0.653 0.03488372093023256 0.042
0 0.6462865716429107 0.69175 0.03675918979744936 0.0385
0 0.6734808702175544 0.715 0.03113278319579895 0.047
0 0.6654163540885222 0.6715 0.028507126781695424 0.04
0 0.6676669167291823 0.632 0.03225806451612903 0.041
0 0.6310952738184546 0.608 0.02663165791447862 0.043
0 0.6039009752438109 0.59525 0.02700675168792198 0.0415
0 0.5767066766691673 0.5855 0.028132033008252063 0.039
0 0.5485746436609152 0.5795 0.030382595648912228 0.039
0 0.518754688672168 0.5785 0.0277569392348087 0.04
0 0.5273818454613654 0.54275 0.03225806451612903 0.0425
0 0.567516879219805 0.55 0.030007501875468866 0.041
0 0.6190922730682671 0.561 0.032633158289572396 0.042
0 0.5174418604651163 0.471 0.030382595648912228 0.043
0 0.5120030007501876 0.43325 0.03075768942235559 0.0435
0 0.5202550637659414 0.41475 0.0277569392348087 0.0345
0 0.5438859714928732 0.45025 0.030007501875468866 0.0365
0 0.5470742685671418 0.4195 0.02738184546136534 0.036
0 0.5210052513128282 0.36625 0.0277569392348087 0.0435
0 0.5056264066016504 0.3375 0.025506376594148537 0.038
0 0.5073143285821455 0.2915 0.03113278319579895 0.034
0 0.5328207051762941 0.31175 0.028882220555138786 0.0415
0 0.5136909227306826 0.25725 0.02738184546136534 0.0375
0 0.5408852213053263 0.27675 0.030007501875468866 0.0395
0 0.5397599399849963 0.24625 0.028507126781695424 0.0345
0 0.5345086271567892 0.214 0.029257314328582147 0.032
0 0.5568267066766691 0.1845 0.029632408102025505 0.036
0 0.5875843960990248 0.18725 0.030382595648912228 0.0405
0 0.5690172543135784 0.22025 0.03225806451612903 0.0375
0 0.5682670667666917 0.26075 0.028507126781695424 0.0365
0 0.6054013503375844 0.2325 0.0277569392348087 0.041
0 0.6346586646661665 0.2355 0.03225806451612903 0.037
0 0.6663540885221305 0.24525 0.02663165791447862 0.0445
0 0.5663915978994749 0.30025 0.029257314328582147 0.0355
0 0.59152288072018 0.285 0.029257314328582147 0.038
0 0.5948987246811703 0.318 0.03075768942235559 0.035
0 0.5594523630907727 0.3405 0.034133533383345835 0.033
0 0.5645161290322581 0.37875 0.03075768942235559 0.0435
0 0.5800825206301575 0.419 0.03188297074268567 0.035
0 0.5750187546886721 0.4495 0.0277569392348087 0.036
0 0.5613278319579895 0.48225 0.030382595648912228 0.0385
0 0.5797074268567142 0.51225 0.028132033008252063 0.0395
0 0.5960240060015004 0.4735 0.030007501875468866 0.044
0 0.6155288822205551 0.50775 0.033008252063015754 0.0405
0 0.63615903975994 0.52 0.030007501875468866 0.039
0 0.6492873218304576 0.5565 0.02700675168792198 0.041
0 0.6410352588147037 0.4875 0.03150787696924231 0.031
0 0.6067141785446362 0.4415 0.03188297074268567 0.035
0 0.6337209302325582 0.45125 0.025131282820705175 0.0425
0 0.5918979744936234 0.35625 0.024006001500375095 0.0415
0 0.6177794448612153 0.37925 0.030007501875468866 0.0385
0 0.6271567891972993 0.40775 0.029257314328582147 0.0365
0 0.6194673668417104 0.34675 0.029632408102025505 0.0335
0 0.623218304576144 0.31675 0.025131282820705175 0.0305
0 0.6265941485371342 0.2865 0.029632408102025505 0.034
0 0.6564141035258815 0.28825 0.028507126781695424 0.0395
0 0.6828582145536384 0.27875 0.02738184546136534 0.0355
0 0.6764816204051013 0.30925 0.03113278319579895 0.0335
0 0.6532258064516129 0.33725 0.03113278319579895 0.0375
0 0.6545386346586647 0.369 0.030007501875468866 0.035
0 0.6811702925731433 0.38 0.024006001500375095 0.039
0 0.7021755438859715 0.354 0.028507126781695424 0.037
0 0.7108027006751688 0.30125 0.028507126781695424 0.0405
0 0.7423105776444111 0.32425 0.029257314328582147 0.0375
0 0.7638784696174044 0.3485 0.028132033008252063 0.042
0 0.7261815453863466 0.358 0.024006001500375095 0.038
0 0.7138034508627157 0.3865 0.028507126781695424 0.035
0 0.736496624156039 0.40075 0.028132033008252063 0.0345
0 0.6626031507876969 0.421 0.03188297074268567 0.039
0 0.6847336834208552 0.4275 0.023630907726931733 0.041
0 0.7147411852963241 0.427 0.030382595648912228 0.041
0 0.7593773443360841 0.42975 0.037134283570892726 0.0385
0 0.7936984246061516 0.4315 0.029257314328582147 0.04
0 0.8229557389347337 0.44725 0.025506376594148537 0.0375
0 0.6695423855963991 0.45875 0.029257314328582147 0.0425
0 0.6924231057764441 0.48175 0.028507126781695424 0.0425
0 0.7192423105776444 0.4675 0.03188297074268567 0.037
0 0.7481245311327832 0.469 0.025881470367591898 0.041
0 0.7813203300825207 0.485 0.025506376594148537 0.042
0 0.8085146286571643 0.46875 0.03338334583645911 0.0405
0 0.8158289572393098 0.5055 0.03075768942235559 0.035
0 0.731245311327832 0.504 0.028132033008252063 0.041
0 0.6729182295573893 0.515 0.03075768942235559 0.042
0 0.7033008252063015 0.5315 0.03075768942235559 0.038
0 0.7481245311327832 0.5365 0.03113278319579895 0.043
0 0.7846961740435109 0.53125 0.02700675168792198 0.0415
0 0.6762940735183796 0.55725 0.029257314328582147 0.0405
0 0.6882970742685671 0.59425 0.029257314328582147 0.0375
0 0.7096774193548387 0.56475 0.03375843960990248 0.0365
0 0.7243060765191298 0.60075 0.03225806451612903 0.0395
0 0.7014253563390848 0.6305 0.030007501875468866 0.036
0 0.7025506376594148 0.66275 0.03075768942235559 0.0385
0 0.6971117779444861 0.69725 0.029632408102025505 0.0395
0 0.7072393098274569 0.73075 0.028882220555138786 0.0425
0 0.6909227306826706 0.75975 0.03075768942235559 0.0465
0 0.7374343585896475 0.73975 0.028507126781695424 0.0455
0 0.7751312828207052 0.72375 0.030382595648912228 0.0455
0 0.7325581395348837 0.6975 0.028507126781695424 0.04
0 0.7458739684921231 0.64475 0.029632408102025505 0.0365
0 0.7505626406601651 0.67475 0.03225806451612903 0.0375
0 0.7891972993248312 0.65775 0.03225806451612903 0.0455
0 0.7513128282070518 0.61125 0.025506376594148537 0.0325
0 0.754688672168042 0.57375 0.03225806451612903 0.0385
0 0.785821455363841 0.5715 0.030007501875468866 0.039
0 0.7886346586646662 0.60975 0.03113278319579895 0.0415
0 0.8169542385596399 0.63925 0.0277569392348087 0.0435
0 0.8197674418604651 0.59575 0.03113278319579895 0.0405
0 0.8458364591147787 0.62075 0.029257314328582147 0.0425
0 0.8805326331582896 0.60225 0.030382595648912228 0.0465
0 0.8433983495873969 0.5805 0.032633158289572396 0.036
0 0.845086271567892 0.54375 0.03075768942235559 0.0385
0 0.8797824456114028 0.52975 0.03188297074268567 0.0335
0 0.8647786946736684 0.48825 0.03188297074268567 0.0435
0 0.24381095273818454 0.41375 0.033008252063015754 0.0455
