0 0.04576144036009002 0.36275 0.0450112528132033 0.0515
0 0.08664666166541636 0.37 0.033008252063015754 0.053
0 0.12096774193548387 0.373 0.03938484621155289 0.046
0 0.11646661665416354 0.32375 0.04013503375843961 0.0465
0 0.18904726181545387 0.28325 0.0345086271567892 0.0585
0 0.24943735933983496 0.29125 0.04126031507876969 0.0505
0 0.2785071267816954 0.26175 0.038634658664666165 0.0465
0 0.3143285821455364 0.27175 0.037509377344336084 0.0555
0 0.3435858964741185 0.24325 0.03075768942235559 0.0535
0 0.36927981995498876 0.21825 0.03788447111777944 0.0555
0 0.11571642910727682 0.42225 0.03563390847711928 0.0445
0 0.07520630157539385 0.47775 0.041635408852213056 0.0445
0 0.13334583645911477 0.44825 0.03788447111777944 0.0445
0 0.13559639909977494 0.48925 0.04688672168042011 0.0415
0 0.12303075768942236 0.52925 0.037509377344336084 0.0475
0 0.14047261815453863 0.60075 0.036384096024006 0.0475
0 0.14028507126781695 0.674 0.04051012753188297 0.045
0 0.16279069767441862 0.7235 0.03900975243810953 0.046
0 0.21192798199549887 0.75125 0.03375843960990248 0.0505
0 0.23162040510127532 0.79325 0.03113278319579895 0.0435
0 0.2653788447111778 0.8015 0.037134283570892726 0.046
0 0.29576144036009 0.78475 0.03788447111777944 0.0405
0 0.26744186046511625 0.7195 0.037509377344336084 0.038
0 0.26875468867216806 0.68925 0.04088522130532633 0.0405
0 0.18567141785446362 0.64525 0.0345086271567892 0.0505
0 0.21342835708927232 0.662 0.035258814703675916 0.047
0 0.24474868717179296 0.6495 0.034133533383345835 0.049
0 0.22018004501125282 0.6115 0.04126031507876969 0.058
0 0.19579894973743436 0.58025 0.03675918979744936 0.0445
0 0.19579894973743436 0.53225 0.03975993998499625 0.0515
0 0.16916729182295573 0.517 0.0345086271567892 0.046
0 0.17085521380345087 0.46875 0.029632408102025505 0.0535
0 0.17573143285821455 0.41575 0.03563390847711928 0.0495
0 0.1972993248312078 0.465 0.03675918979744936 0.051
0 0.21136534133533383 0.424 0.036384096024006 0.055
0 0.21586646661665415 0.36825 0.037134283570892726 0.0535
0 0.2556264066016504 0.4115 0.03788447111777944 0.047
0 0.23330832708177043 0.327 0.03150787696924231 0.049
0 0.2614403600900225 0.33 0.03600900225056264 0.048
0 0.2560015003750938 0.36575 0.03188297074268567 0.0445
0 0.2888222055513878 0.36925 0.037509377344336084 0.0465
0 0.2920105026256564 0.42175 0.03488372093023256 0.0465
0 0.23837209302325582 0.46925 0.03938484621155289 0.0435
0 0.27756939234808703 0.458 0.03600900225056264 0.043
0 0.24549887471867968 0.524 0.037134283570892726 0.049
0 0.28188297074268565 0.52125 0.03563390847711928 0.0445
0 0.2683795948987247 0.5595 0.03788447111777944 0.05
0 0.263503375843961 0.61 0.04013503375843961 0.052
0 0.30007501875468867 0.60075 0.03600900225056264 0.0585
0 0.3094523630907727 0.55025 0.03675918979744936 0.0405
0 0.3167666916729182 0.4975 0.034133533383345835 0.045
0 0.3300825206301575 0.45075 0.037509377344336084 0.0425
0 0.3259564891222806 0.39725 0.037509377344336084 0.0445
0 0.3293323330832708 0.35075 0.0345086271567892 0.0505
0 0.3546511627906977 0.36825 0.03338334583645911 0.0505
0 0.3758439609902476 0.405 0.037509377344336084 0.045
0 0.390847711927982 0.3775 0.03825956489122281 0.055
0 0.33852213053263314 0.309 0.04238559639909977 0.053
0 0.37115528882220555 0.3195 0.03563390847711928 0.055
0 0.4051012753188297 0.33625 0.03975993998499625 0.0565
0 0.3765941485371343 0.26875 0.03825956489122281 0.0425
0 0.4122280570142536 0.2825 0.03225806451612903 0.046
0 0.41710427606901723 0.23925 0.03375843960990248 0.0515
0 0.4433608402100525 0.202 0.0345086271567892 0.052
0 0.4544261065266317 0.2575 0.036384096024006 0.051
0 0.4885596399099775 0.2675 0.03338334583645911 0.053
0 0.5127531882970743 0.21975 0.033008252063015754 0.0455
0 0.5176294073518379 0.27275 0.030007501875468866 0.0525
0 0.47280570142535633 0.31725 0.041635408852213056 0.0525
0 0.5037509377344336 0.3095 0.033008252063015754 0.045
0 0.44786196549137286 0.35125 0.035258814703675916 0.0475
0 0.42854463615903976 0.39725 0.03938484621155289 0.0485
0 0.4891222805701425 0.3485 0.0345086271567892 0.045
0 0.5050637659414854 0.385 0.03488372093023256 0.049
0 0.4752438109527382 0.40775 0.03675918979744936 0.0535
0 0.4510502625656414 0.4285 0.03338334583645911 0.053
0 0.41260315078769694 0.43725 0.03825956489122281 0.0415
0 0.42779444861215304 0.47375 0.038634658664666165 0.0505
0 0.37865716429107277 0.45075 0.036384096024006 0.0455
0 0.350337584396099 0.49025 0.033008252063015754 0.0495
0 0.38447111777944487 0.5005 0.03900975243810953 0.051
0 0.41822955738934736 0.52325 0.03900975243810953 0.0425
0 0.3467741935483871 0.5445 0.029632408102025505 0.052
0 0.37490622655663913 0.55075 0.03338334583645911 0.0465
0 0.2921980495123781 0.6325 0.0345086271567892 0.042
0 0.3148912228057014 0.666 0.037134283570892726 0.045
0 0.31545386346586646 0.70825 0.03975993998499625 0.0425
0 0.29744936234058517 0.805 0.0345086271567892 0.032
0 0.3512753188297074 0.791 0.03788447111777944 0.05
0 0.3765941485371343 0.85375 0.03675918979744936 0.0425
0 0.40922730682670666 0.858 0.03225806451612903 0.056
0 0.4112903225806452 0.8105 0.03563390847711928 0.043
0 0.3649662415603901 0.7465 0.03375843960990248 0.042
0 0.3514628657164291 0.71275 0.03375843960990248 0.0415
0 0.3966616654163541 0.7665 0.036384096024006 0.05
0 0.42948237059264815 0.765 0.03825956489122281 0.045
0 0.4384846211552888 0.8015 0.0345086271567892 0.044
0 0.3975993998499625 0.71975 0.03375843960990248 0.0435
0 0.33233308327081773 0.62975 0.030007501875468866 0.0455
0 0.3629032258064516 0.65325 0.03563390847711928 0.0475
0 0.3582145536384096 0.61425 0.03675918979744936 0.0415
0 0.4021005251312828 0.59225 0.03600900225056264 0.0425
0 0.4109152288072018 0.65075 0.036384096024006 0.0445
0 0.4257314328582146 0.56875 0.03825956489122281 0.0485
0 0.4452363090772693 0.59975 0.03675918979744936 0.0505
0 0.44298574643660915 0.64775 0.03675918979744936 0.0555
0 0.4503000750187547 0.8825 0.03338334583645911 0.045
0 0.4527381845461365 0.82975 0.03150787696924231 0.0455
0 0.4788072018004501 0.865 0.037134283570892726 0.044
0 0.5075018754688673 0.91775 0.04126031507876969 0.0435
0 0.5165041260315079 0.85475 0.035258814703675916 0.0465
0 0.4836834208552138 0.8205 0.03338334583645911 0.046
0 0.5005626406601651 0.7785 0.036384096024006 0.045
0 0.46211552888222057 0.74925 0.03600900225056264 0.0365
0 0.44111027756939236 0.7035 0.033008252063015754 0.046
0 0.4769317329332333 0.7075 0.038634658664666165 0.048
0 0.5108777194298575 0.69575 0.03150787696924231 0.0425
0 0.5176294073518379 0.7265 0.0345086271567892 0.04
0 0.4759939984996249 0.6545 0.035258814703675916 0.043
0 0.5249437359339835 0.65125 0.03338334583645911 0.0465
0 0.5416354088522131 0.658 0.028507126781695424 0.048
0 0.49174793698424607 0.59925 0.03900975243810953 0.0335
0 0.4617404351087772 0.56125 0.04051012753188297 0.0395
0 0.4981245311327832 0.564 0.028507126781695424 0.05
0 0.5324456114028507 0.58975 0.041635408852213056 0.0405
0 0.5303825956489122 0.542 0.03675918979744936 0.041
0 0.4701800450112528 0.50725 0.03488372093023256 0.0475
0 0.5026256564141035 0.4885 0.03900975243810953 0.04
0 0.48105776444111026 0.45225 0.03338334583645911 0.0405
0 0.503563390847712 0.424 0.03188297074268567 0.04
0 0.5311327831957989 0.45075 0.03375843960990248 0.0405
0 0.5573893473368342 0.2325 0.03600900225056264 0.054
0 0.5699549887471868 0.19775 0.032633158289572396 0.0535
0 0.6022130532633159 0.201 0.032633158289572396 0.04
0 0.6335333833458364 0.1815 0.0345086271567892 0.05
0 0.5993998499624906 0.25875 0.03675918979744936 0.0485
0 0.5397599399849963 0.31 0.035258814703675916 0.049
0 0.5737059264816204 0.302 0.03338334583645911 0.05
0 0.5350712678169542 0.3565 0.03938484621155289 0.048
0 0.5470742685671418 0.412 0.04088522130532633 0.048
0 0.5594523630907727 0.4935 0.037134283570892726 0.039
0 0.5594523630907727 0.5455 0.03113278319579895 0.042
0 0.5609527381845462 0.605 0.029632408102025505 0.048
0 0.5832708177044261 0.6255 0.035258814703675916 0.046
0 0.5720180045011253 0.70025 0.03225806451612903 0.0485
0 0.5330082520630157 0.775 0.03375843960990248 0.042
0 0.5575768942235559 0.74825 0.034133533383345835 0.0435
0 0.5590772693173294 0.7905 0.034133533383345835 0.044
0 0.5448237059264817 0.83375 0.03563390847711928 0.0425
0 0.5395723930982745 0.87 0.03488372093023256 0.036
0 0.5725806451612904 0.88275 0.03338334583645911 0.0385
0 0.562828207051763 0.9265 0.029632408102025505 0.045
0 0.5993998499624906 0.8895 0.0345086271567892 0.031
0 0.5907726931732933 0.82725 0.03675918979744936 0.0455
0 0.6007126781695424 0.84 0.028132033008252063 0.031
0 0.6189047261815454 0.84825 0.02700675168792198 0.0405
0 0.6114028507126782 0.8005 0.029257314328582147 0.048
0 0.627906976744186 0.7975 0.012753188297074268 0.039
0 0.5823330832708177 0.75825 0.029632408102025505 0.0465
0 0.6114028507126782 0.751 0.03075768942235559 0.039
0 0.6181545386346586 0.71425 0.035258814703675916 0.0385
0 0.6459114778694673 0.6895 0.03600900225056264 0.043
0 0.640847711927982 0.72575 0.03113278319579895 0.0395
0 0.650225056264066 0.74925 0.03488372093023256 0.0435
0 0.6149662415603901 0.6305 0.03113278319579895 0.047
0 0.5922730682670667 0.58825 0.0345086271567892 0.0355
0 0.6307201800450113 0.5895 0.03488372093023256 0.048
0 0.59152288072018 0.52625 0.03675918979744936 0.0395
0 0.6207801950487621 0.54 0.03375843960990248 0.045
0 0.6524756189047262 0.5385 0.030382595648912228 0.048
0 0.595648912228057 0.4785 0.033008252063015754 0.044
0 0.6275318829707427 0.49675 0.03375843960990248 0.0445
0 0.5842085521380345 0.43175 0.03563390847711928 0.0425
0 0.5787696924231058 0.3915 0.03600900225056264 0.042
0 0.5720180045011253 0.35075 0.03600900225056264 0.0485
0 0.6037134283570893 0.35825 0.032633158289572396 0.0455
0 0.608027006751688 0.30775 0.0345086271567892 0.0535
0 0.6327831957989497 0.23025 0.03825956489122281 0.0515
0 0.667854463615904 0.16025 0.034133533383345835 0.0525
0 0.6706676669167292 0.214 0.035258814703675916 0.049
0 0.6434733683420856 0.27625 0.038634658664666165 0.0505
0 0.6830457614403601 0.283 0.033008252063015754 0.039
0 0.6312828207051763 0.3505 0.03075768942235559 0.04
0 0.6573518379594899 0.3305 0.03188297074268567 0.048
0 0.6127156789197299 0.40425 0.03563390847711928 0.0455
0 0.6239684921230307 0.44125 0.03788447111777944 0.0485
0 0.6566016504126031 0.4855 0.03788447111777944 0.046
0 0.6575393848462115 0.4375 0.0345086271567892 0.049
0 0.6903600900225056 0.45275 0.036384096024006 0.0415
0 0.6944861215303826 0.407 0.04088522130532633 0.047
0 0.6489122280570142 0.387 0.037509377344336084 0.046
0 0.6716054013503376 0.371 0.04013503375843961 0.049
0 0.7248687171792948 0.3815 0.03788447111777944 0.042
0 0.7087396849212303 0.31375 0.03488372093023256 0.0495
0 0.731807951987997 0.34125 0.030007501875468866 0.0455
0 0.7539384846211553 0.31775 0.03600900225056264 0.0465
0 0.759939984996249 0.35975 0.029257314328582147 0.0435
0 0.708927231807952 0.25475 0.03600900225056264 0.0475
0 0.7160540135033758 0.211 0.03675918979744936 0.047
0 0.7441860465116279 0.1805 0.03375843960990248 0.049
0 0.7415603900975244 0.24325 0.03375843960990248 0.0445
0 0.777569392348087 0.21175 0.03975993998499625 0.0445
0 0.7878844711177795 0.2545 0.03563390847711928 0.044
0 0.790510127531883 0.2975 0.03338334583645911 0.047
0 0.7895723930982745 0.3515 0.03675918979744936 0.044
0 0.8212678169542386 0.3525 0.028882220555138786 0.049
0 0.8634658664666166 0.364 0.03600900225056264 0.048
0 0.8734058514628658 0.322 0.03563390847711928 0.043
0 0.8555888972243061 0.23675 0.0345086271567892 0.0485
0 0.8672168042010503 0.26625 0.03675918979744936 0.0485
0 0.9021005251312828 0.27375 0.03375843960990248 0.0505
0 0.8882220555138785 0.351 0.03150787696924231 0.042
0 0.9270442610652663 0.38025 0.034133533383345835 0.0455
0 0.7331207801950488 0.4265 0.036384096024006 0.051
0 0.7680045011252813 0.405 0.03788447111777944 0.047
0 0.7920105026256564 0.39025 0.03338334583645911 0.0395
0 0.7456864216054013 0.47775 0.03600900225056264 0.0445
0 0.6862340585146287 0.51275 0.037134283570892726 0.0405
0 0.7134283570892723 0.5225 0.0277569392348087 0.042
0 0.7415603900975244 0.5215 0.03075768942235559 0.04
0 0.6901725431357839 0.55625 0.03225806451612903 0.0465
0 0.6811702925731433 0.5965 0.037509377344336084 0.043
0 0.6519129782445612 0.618 0.03225806451612903 0.04
0 0.6744186046511628 0.656 0.033008252063015754 0.04
0 0.6909227306826706 0.6825 0.03075768942235559 0.042
0 0.6800450112528132 0.72925 0.037509377344336084 0.0495
0 0.6552888222055514 0.80725 0.03075768942235559 0.0445
0 0.6755438859714928 0.84275 0.028507126781695424 0.0405
0 0.6789197299324832 0.7805 0.030007501875468866 0.039
0 0.7033008252063015 0.75175 0.03075768942235559 0.0365
0 0.7267441860465116 0.72675 0.03488372093023256 0.0465
0 0.7460615153788447 0.7605 0.03225806451612903 0.044
0 0.7154913728432108 0.67125 0.023630907726931733 0.0305
0 0.7333083270817704 0.65425 0.03975993998499625 0.0435
0 0.7533758439609902 0.69675 0.030382595648912228 0.0375
0 0.7792573143285821 0.6985 0.025881470367591898 0.04
0 0.7428732183045762 0.62525 0.02288072018004501 0.0315
0 0.7252438109527382 0.60525 0.04088522130532633 0.0415
0 0.7246811702925732 0.56675 0.03150787696924231 0.0495
0 0.7503750937734434 0.5715 0.029632408102025505 0.04
0 0.7860090022505627 0.6515 0.032633158289572396 0.049
0 0.79576144036009 0.67675 0.032633158289572396 0.0395
0 0.8237059264816204 0.698 0.0277569392348087 0.048
0 0.8332708177044261 0.61875 0.028882220555138786 0.0395
0 0.8049512378094523 0.6055 0.03150787696924231 0.038
0 0.7783195798949737 0.55325 0.035258814703675916 0.0415
0 0.8019504876219055 0.56775 0.03675918979744936 0.0415
0 0.8452738184546137 0.5635 0.032633158289572396 0.043
0 0.8765941485371342 0.57025 0.03075768942235559 0.0475
0 0.8899099774943736 0.52925 0.03188297074268567 0.0485
0 0.8201425356339085 0.522 0.041635408852213056 0.038
0 0.8490247561890473 0.49775 0.036384096024006 0.0365
0 0.7768192048012003 0.49975 0.03225806451612903 0.0435
0 0.8135783945986497 0.49075 0.033008252063015754 0.0405
0 0.7801950487621906 0.45425 0.04051012753188297 0.0375
0 0.8077644411102776 0.43325 0.03188297074268567 0.0495
0 0.8345836459114778 0.45775 0.03375843960990248 0.0395
0 0.8499624906226556 0.4235 0.037509377344336084 0.045
0 0.8846586646661665 0.42625 0.03488372093023256 0.0475
0 0.886721680420105 0.473 0.03825956489122281 0.046
0 0.9030382595648913 0.45075 0.02663165791447862 0.0445
0 0.9022880720180045 0.40725 0.029632408102025505 0.0425
0 0.9349212303075769 0.445 0.03563390847711928 0.036
0 0.9399849962490623 0.48575 0.035258814703675916 0.0365
0 0.9261065266316579 0.51975 0.03600900225056264 0.0445
0 0.9392348087021756 0.54925 0.03975993998499625 0.0395
