0 0.1695423855963991 0.36175 0.06001500375093773 0.0995
0 0.1963615903975994 0.42425 0.059639909977494375 0.0945
0 0.1980495123780945 0.2945 0.058514628657164294 0.097
0 0.23105776444111029 0.34025 0.05926481620405101 0.1045
0 0.2653788447111778 0.42325 0.0603900975243811 0.0995
0 0.3182670667666917 0.35625 0.0641410352588147 0.1025
0 0.2920105026256564 0.267 0.0641410352588147 0.094
0 0.21117779444861215 0.203 0.060765191297824456 0.098
0 0.28600900225056264 0.156 0.06864216054013503 0.096
0 0.3420855213803451 0.2135 0.0690172543135784 0.088
0 0.3606526631657914 0.116 0.06639159789947487 0.096
0 0.41691672918229555 0.10025 0.06489122280570142 0.1095
0 0.41035258814703673 0.2205 0.07201800450112528 0.094
0 0.37396849212303074 0.30975 0.06601650412603151 0.0985
0 0.48349587396849214 0.20275 0.072768192048012 0.1155
0 0.4763690922730683 0.3175 0.0690172543135784 0.109
0 0.4253563390847712 0.368 0.06451612903225806 0.108
0 0.3724681170292573 0.436 0.07201800450112528 0.104
0 0.18829707426856715 0.5145 0.06151537884471118 0.089
0 0.2509377344336084 0.53225 0.060765191297824456 0.0945
0 0.22149287321830458 0.597 0.0603900975243811 0.088
0 0.31039009752438107 0.5335 0.056639159789947484 0.103
0 0.3696549137284321 0.53275 0.06789197299324831 0.0955
0 0.43060765191297823 0.495 0.07651912978244561 0.108
0 0.4964366091522881 0.41825 0.08664666166541636 0.1005
0 0.44373593398349587 0.5935 0.07126781695423856 0.096
0 0.30045011252813203 0.6225 0.06976744186046512 0.099
0 0.3640285071267817 0.617 0.0671417854463616 0.092
0 0.41616654163540884 0.66825 0.07164291072768192 0.0925
0 0.495873968492123 0.67 0.08177044261065267 0.098
0 0.2586271567891973 0.68275 0.06264066016504126 0.0935
0 0.3049512378094524 0.71925 0.05926481620405101 0.0965
0 0.27081770442610653 0.7835 0.06001500375093773 0.091
0 0.3649662415603901 0.73425 0.06526631657914479 0.0955
0 0.37865716429107277 0.8025 0.06864216054013503 0.075
0 0.4503000750187547 0.80175 0.06489122280570142 0.0995
0 0.5166916729182296 0.79425 0.07164291072768192 0.1015
0 0.572205551387847 0.74225 0.07914478619654913 0.1085
0 0.5560765191297824 0.63175 0.07389347336834208 0.1045
0 0.5067516879219804 0.1025 0.0690172543135784 0.101
0 0.578019504876219 0.154 0.07876969242310577 0.11
0 0.6174043510877719 0.24725 0.07726931732933233 0.1125
0 0.5572018004501126 0.32775 0.07164291072768192 0.1115
0 0.6513503375843961 0.34125 0.08514628657164292 0.1055
0 0.704801200300075 0.26825 0.08702175543885972 0.1085
0 0.7346211552888222 0.391 0.08589647411852963 0.112
0 0.5896474118529632 0.44025 0.08027006751687922 0.1035
0 0.531695423855964 0.5065 0.0708927231807952 0.119
0 0.6249062265566392 0.546 0.0795198799699925 0.104
0 0.6721680420105026 0.46275 0.07651912978244561 0.1135
0 0.7301200300075019 0.52175 0.08514628657164292 0.1145
0 0.6986121530382595 0.6085 0.08289572393098274 0.109
0 0.6485371342835708 0.71425 0.08327081770442611 0.0955
0 0.7291822955738935 0.782 0.08477119279819954 0.107
0 0.6024006001500375 0.80225 0.06451612903225806 0.0685
0 0.6519129782445612 0.77875 0.07801950487621906 0.0705
0 0.8013878469617405 0.775 0.0986496624156039 0.112
0 0.8912228057014253 0.7 0.09752438109527382 0.11
0 0.7773818454613654 0.6315 0.08814703675918979 0.109
0 0.8642160540135033 0.58925 0.09527381845461365 0.1055
0 0.7985746436609152 0.47475 0.09827456864216054 0.1095
0 0.8072018004501126 0.31375 0.09902475618904726 0.1195
