0 0.31282820705176295 0.20425 0.023255813953488372 0.0295
0 0.3175168792198049 0.24675 0.02213053263315829 0.0315
0 0.291072768192048 0.2655 0.01800450112528132 0.037
0 0.27663165791447863 0.296 0.020630157539384845 0.037
0 0.2890097524381095 0.302 0.023630907726931733 0.037
0 0.3210802700675169 0.27875 0.02175543885971493 0.0325
0 0.33927231807951985 0.27925 0.02288072018004501 0.0375
0 0.35108777194298574 0.22775 0.021005251312828207 0.0345
0 0.37978244561140284 0.24675 0.024381095273818456 0.0355
0 0.39122280570142537 0.21175 0.024006001500375095 0.0365
0 0.41354088522130533 0.2295 0.034133533383345835 0.042
0 0.4154163540885221 0.266 0.019879969992498126 0.034
0 0.42760690172543137 0.2665 0.02700675168792198 0.039
0 0.44579894973743434 0.2785 0.02738184546136534 0.039
0 0.4684921230307577 0.26275 0.02625656414103526 0.0355
0 0.49212303075768943 0.2805 0.024006001500375095 0.034
0 0.4120405101275319 0.29025 0.02213053263315829 0.0235
0 0.40960240060015 0.314 0.024756189047261814 0.039
0 0.43623405851462865 0.30325 0.024006001500375095 0.0325
0 0.3717179294823706 0.27725 0.02625656414103526 0.0355
0 0.37378094523630906 0.303 0.02213053263315829 0.034
0 0.37715678919729934 0.33425 0.020630157539384845 0.0385
0 0.3334583645911478 0.3135 0.02625656414103526 0.037
0 0.3199549887471868 0.31325 0.014253563390847712 0.0395
0 0.29576144036009 0.34025 0.02288072018004501 0.0405
0 0.25881470367591897 0.32525 0.024006001500375095 0.0365
0 0.2651912978244561 0.35975 0.02700675168792198 0.0315
0 0.2691297824456114 0.39625 0.024381095273818456 0.0405
0 0.2828207051762941 0.413 0.021005251312828207 0.038
0 0.2970742685671418 0.41175 0.02175543885971493 0.0415
0 0.3008252063015754 0.377 0.023255813953488372 0.036
0 0.3312078019504876 0.35825 0.024756189047261814 0.0375
0 0.3413353338334584 0.343 0.0277569392348087 0.041
0 0.33589647411852963 0.3875 0.025131282820705175 0.034
0 0.3285821455363841 0.42775 0.025506376594148537 0.0345
0 0.32801950487621906 0.4585 0.024381095273818456 0.033
0 0.3495873968492123 0.42 0.02175543885971493 0.039
0 0.359152288072018 0.3865 0.025131282820705175 0.041
0 0.3717179294823706 0.41375 0.02625656414103526 0.0455
0 0.3840960240060015 0.37575 0.024756189047261814 0.0365
0 0.40585146286571644 0.389 0.02700675168792198 0.03
0 0.39909977494373594 0.3455 0.023255813953488372 0.041
0 0.409039759939985 0.4185 0.02213053263315829 0.035
0 0.4004126031507877 0.4445 0.023630907726931733 0.032
0 0.2721305326331583 0.433 0.02288072018004501 0.033
0 0.2614403600900225 0.472 0.02175543885971493 0.035
0 0.2970742685671418 0.4565 0.023255813953488372 0.034
0 0.30870217554388596 0.48475 0.018754688672168042 0.0355
0 0.2758814703675919 0.506 0.02663165791447862 0.03
0 0.25300075018754686 0.517 0.024381095273818456 0.037
0 0.27906976744186046 0.545 0.025506376594148537 0.037
0 0.3162040510127532 0.519 0.025506376594148537 0.041
0 0.33589647411852963 0.4935 0.025881470367591898 0.034
0 0.3477119279819955 0.524 0.02625656414103526 0.03
0 0.3454613653413353 0.5455 0.0277569392348087 0.035
0 0.37303075768942234 0.52075 0.02288072018004501 0.0375
0 0.3689047261815454 0.486 0.02213053263315829 0.036
0 0.39478619654913727 0.4845 0.025131282820705175 0.03
0 0.41241560390097526 0.49125 0.02288072018004501 0.0405
0 0.42273068267066766 0.45975 0.024756189047261814 0.0385
0 0.43717179294823705 0.48125 0.028132033008252063 0.0345
0 0.45048762190547637 0.45075 0.0172543135783946 0.0375
0 0.43548387096774194 0.51925 0.025506376594148537 0.0315
0 0.4006001500375094 0.52375 0.024756189047261814 0.0305
0 0.39141035258814705 0.55425 0.02288072018004501 0.0355
0 0.41429107276819205 0.5485 0.019879969992498126 0.037
0 0.4317329332333083 0.55275 0.02250562640660165 0.0445
0 0.4122280570142536 0.58225 0.024006001500375095 0.0385
0 0.38953488372093026 0.59975 0.024381095273818456 0.0395
0 0.3480870217554389 0.58025 0.024756189047261814 0.0385
0 0.3115153788447112 0.578 0.023630907726931733 0.04
0 0.2861965491372843 0.588 0.0277569392348087 0.038
0 0.29444861215303825 0.6185 0.025506376594148537 0.036
0 0.2700675168792198 0.63075 0.024006001500375095 0.0365
0 0.3013878469617404 0.663 0.020630157539384845 0.033
0 0.31564141035258814 0.6505 0.02138034508627157 0.035
0 0.3353338334583646 0.6405 0.023255813953488372 0.037
0 0.35858964741185295 0.6185 0.02625656414103526 0.038
0 0.37509377344336087 0.64275 0.023255813953488372 0.0385
0 0.354463615903976 0.6585 0.0277569392348087 0.037
0 0.322768192048012 0.686 0.016129032258064516 0.034
0 0.3400225056264066 0.6885 0.02738184546136534 0.036
0 0.3674043510877719 0.68825 0.02288072018004501 0.0335
0 0.38165791447861963 0.7105 0.029632408102025505 0.041
0 0.3975993998499625 0.68875 0.024006001500375095 0.0315
0 0.400225056264066 0.65975 0.02625656414103526 0.0395
0 0.40735183795948987 0.62275 0.02625656414103526 0.0305
0 0.4247936984246061 0.645 0.019129782445611403 0.043
0 0.4324831207801951 0.5975 0.021005251312828207 0.038
0 0.44879969992498125 0.6105 0.025881470367591898 0.037
0 0.4549887471867967 0.5845 0.025506376594148537 0.032
0 0.4486121530382596 0.6495 0.0277569392348087 0.042
0 0.4476744186046512 0.68125 0.02288072018004501 0.0325
0 0.4232933233308327 0.69425 0.02663165791447862 0.0345
0 0.3351462865716429 0.72275 0.028882220555138786 0.0385
0 0.3388972243060765 0.756 0.025131282820705175 0.034
0 0.3623405851462866 0.75275 0.02625656414103526 0.0355
0 0.349774943735934 0.79425 0.025131282820705175 0.0355
0 0.3735933983495874 0.82125 0.02625656414103526 0.0345
0 0.3992873218304576 0.83275 0.025881470367591898 0.0385
0 0.4157914478619655 0.87725 0.024381095273818456 0.0355
0 0.3741560390097524 0.7865 0.02663165791447862 0.042
0 0.39497374343585895 0.79175 0.0172543135783946 0.0385
0 0.39647411852963244 0.75325 0.02700675168792198 0.0355
0 0.4156039009752438 0.74525 0.024006001500375095 0.0435
0 0.41522880720180044 0.79075 0.02175543885971493 0.0435
0 0.427231807951988 0.83725 0.024006001500375095 0.0405
0 0.43548387096774194 0.82925 0.028507126781695424 0.0385
0 0.44111027756939236 0.8775 0.024006001500375095 0.041
0 0.4578019504876219 0.8755 0.029632408102025505 0.034
0 0.46661665416354087 0.8305 0.028507126781695424 0.038
0 0.44392348087021755 0.79575 0.025881470367591898 0.0335
0 0.46755438859714926 0.79775 0.02663165791447862 0.0315
0 0.49681170292573146 0.79 0.025131282820705175 0.032
0 0.4883720930232558 0.75875 0.0277569392348087 0.0445
0 0.4741185296324081 0.7605 0.021005251312828207 0.042
0 0.4358589647411853 0.724 0.0277569392348087 0.036
0 0.4416729182295574 0.75575 0.028132033008252063 0.0335
0 0.4720555138784696 0.722 0.028132033008252063 0.031
0 0.4705551387846962 0.6905 0.023630907726931733 0.045
0 0.5037509377344336 0.70225 0.0277569392348087 0.0425
0 0.5198799699924981 0.68075 0.029257314328582147 0.0365
0 0.5388222055513878 0.71525 0.028132033008252063 0.0475
0 0.5279444861215303 0.744 0.02663165791447862 0.044
0 0.5315078769692423 0.7845 0.03375843960990248 0.041
0 0.5258814703675919 0.81825 0.02700675168792198 0.0365
0 0.4951237809452363 0.8475 0.028507126781695424 0.037
0 0.5005626406601651 0.88875 0.034133533383345835 0.0425
0 0.5446361590397599 0.88875 0.029257314328582147 0.0395
0 0.5446361590397599 0.842 0.033008252063015754 0.039
0 0.5643285821455364 0.76325 0.032633158289572396 0.0475
0 0.5692048012003 0.72 0.028132033008252063 0.044
0 0.5560765191297824 0.68175 0.028132033008252063 0.0405
0 0.5476369092273068 0.64425 0.024756189047261814 0.0395
0 0.5071267816954238 0.638 0.020255063765941484 0.041
0 0.48237059264816207 0.6505 0.029257314328582147 0.036
0 0.4829332333083271 0.5935 0.03338334583645911 0.048
0 0.5123780945236309 0.6 0.02250562640660165 0.036
0 0.5313203300825207 0.60825 0.028132033008252063 0.0355
0 0.559264816204051 0.60625 0.024756189047261814 0.0435
0 0.5285071267816954 0.56825 0.02700675168792198 0.0415
0 0.5519504876219055 0.5595 0.028132033008252063 0.04
0 0.5163165791447862 0.5335 0.02738184546136534 0.038
0 0.4643660915228807 0.55325 0.02700675168792198 0.0385
0 0.4829332333083271 0.5145 0.025131282820705175 0.042
0 0.48105776444111026 0.475 0.028132033008252063 0.043
0 0.4998124531132783 0.49425 0.02213053263315829 0.0365
0 0.5168792198049512 0.492 0.02700675168792198 0.04
0 0.5157539384846211 0.4575 0.028507126781695424 0.035
0 0.48349587396849214 0.44075 0.02700675168792198 0.0405
0 0.5230682670667667 0.43125 0.02663165791447862 0.0345
0 0.45311327831957987 0.4165 0.023255813953488372 0.035
0 0.46811702925731435 0.39675 0.028507126781695424 0.0385
0 0.4349212303075769 0.3845 0.02288072018004501 0.035
0 0.445986496624156 0.36375 0.02700675168792198 0.0425
0 0.4283570892723181 0.3465 0.024006001500375095 0.037
0 0.4634283570892723 0.3345 0.019129782445611403 0.039
0 0.481807951987997 0.33825 0.024381095273818456 0.0425
0 0.4939984996249062 0.36975 0.028507126781695424 0.0385
0 0.5176294073518379 0.38225 0.02700675168792198 0.0395
0 0.540510127531883 0.403 0.0277569392348087 0.036
0 0.5637659414853713 0.386 0.029257314328582147 0.042
0 0.5500750187546887 0.36875 0.029632408102025505 0.0345
0 0.5155663915978995 0.3505 0.02663165791447862 0.033
0 0.5105026256564141 0.3055 0.0277569392348087 0.036
0 0.5354463615903976 0.31425 0.02738184546136534 0.0355
0 0.5116279069767442 0.25975 0.021005251312828207 0.0465
0 0.5290697674418605 0.2635 0.024381095273818456 0.04
0 0.5459489872468117 0.23575 0.02663165791447862 0.0375
0 0.5671417854463616 0.24275 0.028507126781695424 0.0395
0 0.5647036759189797 0.28275 0.028882220555138786 0.0395
0 0.5954613653413353 0.27 0.028132033008252063 0.031
0 0.6129032258064516 0.23925 0.030007501875468866 0.0365
0 0.6249062265566392 0.267 0.029257314328582147 0.04
0 0.6577269317329333 0.20325 0.03113278319579895 0.0425
0 0.6877344336084021 0.23825 0.032633158289572396 0.0405
0 0.7173668417104276 0.251 0.030382595648912228 0.037
0 0.7188672168042011 0.27475 0.032633158289572396 0.0405
0 0.6899849962490623 0.2765 0.029632408102025505 0.043
0 0.7520630157539385 0.247 0.030007501875468866 0.049
0 0.7758814703675919 0.3245 0.03113278319579895 0.049
0 0.8145161290322581 0.3145 0.030382595648912228 0.053
0 0.7346211552888222 0.34125 0.034133533383345835 0.0415
0 0.7126781695423856 0.3265 0.03225806451612903 0.043
0 0.6982370592648162 0.3575 0.03338334583645911 0.041
0 0.7404351087771943 0.37575 0.035258814703675916 0.0465
0 0.7653788447111778 0.3765 0.025131282820705175 0.048
0 0.7811327831957989 0.41075 0.030382595648912228 0.0395
0 0.7961365341335334 0.45325 0.03938484621155289 0.0475
0 0.7351837959489872 0.4345 0.03075768942235559 0.047
0 0.7591897974493623 0.47125 0.03675918979744936 0.0505
0 0.6989872468117029 0.42225 0.03188297074268567 0.0465
0 0.6734808702175544 0.40875 0.028132033008252063 0.0435
0 0.659039759939985 0.374 0.033008252063015754 0.04
0 0.6648537134283571 0.3325 0.030382595648912228 0.049
0 0.635596399099775 0.3445 0.03188297074268567 0.04
0 0.5986496624156039 0.30875 0.028507126781695424 0.0405
0 0.5626406601650412 0.33525 0.03075768942235559 0.0375
0 0.5917104276069017 0.34775 0.02663165791447862 0.0435
0 0.5958364591147787 0.4075 0.025881470367591898 0.039
0 0.6337209302325582 0.4055 0.028882220555138786 0.042
0 0.5707051762940735 0.44675 0.03188297074268567 0.0365
0 0.5468867216804201 0.4645 0.0277569392348087 0.033
0 0.5487621905476369 0.4895 0.03150787696924231 0.041
0 0.5388222055513878 0.525 0.02213053263315829 0.043
0 0.5716429107276819 0.53775 0.037509377344336084 0.0395
0 0.586271567891973 0.5055 0.0277569392348087 0.039
0 0.6147786946736684 0.49125 0.03150787696924231 0.0445
0 0.6104651162790697 0.4515 0.028132033008252063 0.038
0 0.6337209302325582 0.45875 0.029632408102025505 0.0415
0 0.6612903225806451 0.4785 0.033008252063015754 0.04
0 0.6781695423855963 0.45725 0.03225806451612903 0.0415
0 0.6911102775693924 0.49525 0.028132033008252063 0.0445
0 0.7273068267066767 0.49925 0.035258814703675916 0.0435
0 0.7415603900975244 0.54125 0.02700675168792198 0.0405
0 0.7980120030007501 0.52625 0.034133533383345835 0.0505
0 0.791072768192048 0.56975 0.024756189047261814 0.0465
0 0.7389347336834209 0.58375 0.03075768942235559 0.0405
0 0.7771942985746436 0.6065 0.0345086271567892 0.047
0 0.7096774193548387 0.584 0.030007501875468866 0.044
0 0.6845461365341335 0.53675 0.04051012753188297 0.0395
0 0.6524756189047262 0.5455 0.028882220555138786 0.039
0 0.6674793698424606 0.57125 0.03488372093023256 0.0445
0 0.6387846961740435 0.58275 0.030007501875468866 0.0435
0 0.6581020255063766 0.607 0.02738184546136534 0.045
0 0.6102775693923481 0.5425 0.03075768942235559 0.041
0 0.5864591147786947 0.572 0.02663165791447862 0.034
0 0.5980870217554388 0.5925 0.03188297074268567 0.04
0 0.6057764441110277 0.6265 0.03225806451612903 0.038
0 0.5759564891222806 0.643 0.029632408102025505 0.032
0 0.5800825206301575 0.6745 0.028132033008252063 0.04
0 0.6063390847711928 0.7085 0.028132033008252063 0.04
0 0.6350337584396099 0.731 0.03075768942235559 0.044
0 0.6560390097524381 0.7145 0.03225806451612903 0.039
0 0.6277194298574643 0.68475 0.028882220555138786 0.0405
0 0.6412228057014253 0.64525 0.03563390847711928 0.0405
0 0.6751687921980495 0.67725 0.03150787696924231 0.0425
0 0.695423855963991 0.653 0.03675918979744936 0.047
0 0.7153038259564891 0.67 0.02250562640660165 0.036
0 0.7209302325581395 0.62975 0.0277569392348087 0.0445
0 0.7492498124531133 0.6515 0.030382595648912228 0.055
0 0.7708177044261065 0.6855 0.03675918979744936 0.036
0 0.790510127531883 0.64675 0.030382595648912228 0.0455
0 0.7554388597149287 0.7285 0.03075768942235559 0.047
0 0.7657539384846211 0.75875 0.028132033008252063 0.0455
0 0.7520630157539385 0.78725 0.033008252063015754 0.0435
0 0.7299324831207802 0.75875 0.025506376594148537 0.0455
0 0.6982370592648162 0.7365 0.030382595648912228 0.047
0 0.6708552138034508 0.77675 0.030382595648912228 0.0445
0 0.6800450112528132 0.81125 0.03150787696924231 0.0405
0 0.7079894973743436 0.78625 0.028132033008252063 0.0375
0 0.6129032258064516 0.75525 0.030007501875468866 0.0455
0 0.5952738184546137 0.78475 0.021005251312828207 0.0495
0 0.6157164291072769 0.80225 0.03338334583645911 0.0455
0 0.6453488372093024 0.789 0.025881470367591898 0.04
0 0.6490997749437359 0.83575 0.029632408102025505 0.0445
0 0.621530382595649 0.85825 0.03150787696924231 0.0505
0 0.5838334583645911 0.846 0.03338334583645911 0.051
0 0.5767066766691673 0.873 0.030382595648912228 0.05
