0 0.16217732884399552 0.83675 0.049756827534605315 0.0595
0 0.21866816311260756 0.8075 0.04377104377104377 0.049
0 0.2239057239057239 0.75325 0.04826038159371493 0.0555
0 0.26430976430976433 0.8035 0.04526748971193416 0.051
0 0.30939019827908715 0.78925 0.03890759446315002 0.0515
0 0.24261129816685373 0.6855 0.040029928918817806 0.064
0 0.21642349420127197 0.58075 0.04751215862326973 0.0645
0 0.25046763935652827 0.61925 0.049756827534605315 0.0605
0 0.26337448559670784 0.5665 0.04040404040404041 0.065
0 0.2328843995510662 0.4965 0.04751215862326973 0.062
0 0.27441077441077444 0.4595 0.04826038159371493 0.065
0 0.2882528993640105 0.5135 0.04526748971193416 0.059
0 0.25158997381219605 0.32125 0.04152637485970819 0.0565
0 0.2789001122334456 0.28 0.046763935652824544 0.069
0 0.28151889263000374 0.3405 0.04826038159371493 0.056
0 0.30826786382341936 0.39325 0.04564160119715675 0.0645
0 0.3376356154133932 0.4455 0.046763935652824544 0.053
0 0.3497942386831276 0.505 0.04713804713804714 0.06
0 0.3662551440329218 0.55875 0.04788627010849233 0.0575
0 0.40235690235690236 0.59725 0.037037037037037035 0.0535
0 0.31406659184436964 0.59675 0.04451926674148896 0.0505
0 0.3578376356154134 0.62775 0.04900860456416012 0.0505
0 0.2878787878787879 0.65725 0.04601571268237935 0.0615
0 0.34118967452300786 0.671 0.04788627010849233 0.056
0 0.30228208005985785 0.731 0.038159371492704826 0.058
0 0.3333333333333333 0.73925 0.035166479610924055 0.0485
0 0.35222596333707445 0.716 0.04377104377104377 0.053
0 0.38421249532360646 0.75475 0.04638982416760194 0.0515
0 0.40366629255518144 0.7915 0.041900486344930786 0.046
0 0.36251402918069586 0.8385 0.04040404040404041 0.053
0 0.4055368499812944 0.864 0.04638982416760194 0.042
0 0.44238683127572015 0.852 0.040029928918817806 0.037
0 0.46502057613168724 0.82275 0.04489337822671156 0.0495
0 0.4826038159371493 0.8625 0.03741114852225964 0.049
0 0.5102880658436214 0.81475 0.0411522633744856 0.0435
0 0.5480733258511036 0.821 0.03741114852225964 0.049
0 0.5273101384212495 0.7805 0.04302282080059858 0.055
0 0.4766180321735877 0.763 0.04040404040404041 0.053
0 0.4337822671156005 0.76175 0.03928170594837262 0.0515
0 0.400860456416012 0.7045 0.04152637485970819 0.055
0 0.4446315001870557 0.72025 0.04302282080059858 0.0505
0 0.4491208380097269 0.6755 0.04526748971193416 0.048
0 0.4839132061354284 0.7075 0.04227459783015339 0.062
0 0.5202020202020202 0.7155 0.04227459783015339 0.05
0 0.5237560793116348 0.68425 0.04489337822671156 0.0585
0 0.5604190048634493 0.74425 0.038159371492704826 0.0495
0 0.5761316872427984 0.767 0.035166479610924055 0.051
0 0.5901608679386458 0.70875 0.04152637485970819 0.0455
0 0.5607931163486719 0.687 0.038159371492704826 0.053
0 0.5518144407033296 0.6365 0.03591470258136925 0.067
0 0.4902731013842125 0.63925 0.04451926674148896 0.0595
0 0.44276094276094274 0.615 0.040778151889263 0.054
0 0.4822297044519267 0.5875 0.038159371492704826 0.059
0 0.44631500187055745 0.5475 0.04788627010849233 0.049
0 0.4882154882154882 0.52875 0.04564160119715675 0.0575
0 0.4117096894874673 0.4985 0.04526748971193416 0.056
0 0.3836513280957725 0.46375 0.04526748971193416 0.0635
0 0.39655817433595214 0.40275 0.0508791619902731 0.0695
0 0.427235316124205 0.44275 0.041900486344930786 0.0605
0 0.45791245791245794 0.47125 0.04713804713804714 0.0675
0 0.4884025439580995 0.43575 0.046763935652824544 0.0575
0 0.5078563411896745 0.4775 0.04751215862326973 0.06
0 0.5392817059483727 0.52925 0.04377104377104377 0.0575
0 0.5667789001122334 0.57225 0.04339693228582117 0.0545
0 0.3887018331462776 0.663 0.0411522633744856 0.057
0 0.33183688739244294 0.22725 0.04788627010849233 0.0645
0 0.3546576879910213 0.2895 0.05611672278338945 0.068
0 0.3722409277964834 0.3435 0.04788627010849233 0.063
0 0.38234193789749343 0.21175 0.05387205387205387 0.0715
0 0.40142162364384587 0.28125 0.04489337822671156 0.0675
0 0.41470258136924804 0.163 0.04900860456416012 0.073
0 0.4382716049382716 0.23475 0.050505050505050504 0.0685
0 0.4773662551440329 0.16325 0.05387205387205387 0.0605
0 0.5134680134680135 0.19825 0.04377104377104377 0.0705
0 0.5450804339693228 0.1315 0.052375607931163484 0.074
0 0.4833520389075945 0.2605 0.041900486344930786 0.072
0 0.44594089038533485 0.30025 0.051627384960718295 0.0655
0 0.49307893752338194 0.322 0.04788627010849233 0.069
0 0.44631500187055745 0.369 0.0508791619902731 0.065
0 0.5149644594089039 0.38525 0.05499438832772166 0.0645
0 0.5387205387205387 0.335 0.04339693228582117 0.066
0 0.5308641975308642 0.267 0.04489337822671156 0.067
0 0.6004489337822672 0.13 0.048634493078937524 0.072
0 0.6251402918069585 0.08925 0.038159371492704826 0.0705
0 0.6576879910213244 0.16375 0.04938271604938271 0.0775
0 0.5918443696221474 0.18925 0.05312383090160868 0.0695
0 0.6163486719042275 0.229 0.03479236812570146 0.071
0 0.5849233071455293 0.271 0.04826038159371493 0.072
0 0.5780022446689114 0.337 0.038159371492704826 0.07
0 0.5841750841750841 0.398 0.04601571268237935 0.058
0 0.6281331836887393 0.391 0.04713804713804714 0.051
0 0.5937149270482603 0.47025 0.04788627010849233 0.0655
0 0.6193415637860082 0.4965 0.03853348297792742 0.066
0 0.6591844369622147 0.47575 0.041900486344930786 0.0615
0 0.6801346801346801 0.41675 0.04713804713804714 0.0555
0 0.6038159371492705 0.575 0.03741114852225964 0.056
0 0.647399925177703 0.57325 0.04152637485970819 0.0575
0 0.5953984287317621 0.6335 0.04526748971193416 0.054
0 0.6053123830901609 0.68075 0.04264870931537598 0.0475
0 0.6386083052749719 0.68875 0.03741114852225964 0.0515
0 0.6694725028058361 0.7015 0.03778526000748223 0.053
0 0.6500187055742611 0.63725 0.040029928918817806 0.0555
0 0.6777029554807332 0.6535 0.04227459783015339 0.05
0 0.6879910213243546 0.5965 0.04489337822671156 0.048
0 0.7149270482603816 0.55475 0.0411522633744856 0.0535
0 0.7459783015338571 0.55775 0.031425364758698095 0.0555
0 0.7792742237186682 0.5585 0.03591470258136925 0.042
0 0.7003367003367004 0.51025 0.03666292555181444 0.0585
0 0.7570145903479237 0.0425 0.049756827534605315 0.084
0 0.6992143658810326 0.0795 0.04788627010849233 0.059
0 0.7169846614291059 0.155 0.04900860456416012 0.075
0 0.7701084923307145 0.11875 0.04526748971193416 0.0745
0 0.8159371492704826 0.12975 0.04713804713804714 0.0635
0 0.679386457164235 0.222 0.04713804713804714 0.069
0 0.7422371866816311 0.226 0.04489337822671156 0.069
0 0.7921810699588477 0.211 0.040029928918817806 0.068
0 0.8215488215488216 0.20775 0.032173587729143284 0.0575
0 0.6887392442947998 0.30375 0.04788627010849233 0.0645
0 0.7456041900486345 0.28225 0.04788627010849233 0.0535
0 0.8065843621399177 0.31025 0.04638982416760194 0.0675
0 0.833707444818556 0.28275 0.04377104377104377 0.0645
0 0.748410026187804 0.35075 0.04227459783015339 0.0615
0 0.7087542087542088 0.36475 0.04377104377104377 0.0625
0 0.7530864197530864 0.403 0.04564160119715675 0.06
0 0.7925551814440703 0.37 0.04227459783015339 0.057
0 0.8191170968948747 0.40525 0.03928170594837262 0.0605
0 0.8404414515525627 0.35175 0.04377104377104377 0.0565
0 0.8627010849233071 0.46175 0.04713804713804714 0.0535
0 0.8065843621399177 0.489 0.04040404040404041 0.055
0 0.7293303404414515 0.45825 0.04377104377104377 0.0505
0 0.7607557052001497 0.4915 0.04377104377104377 0.062
