0 0.0527006751687922 0.4405 0.06339084771192798 0.079
0 0.0853338334583646 0.35775 0.061890472618154536 0.0795
0 0.12434358589647412 0.32625 0.07314328582145536 0.0875
0 0.14834958739684923 0.4015 0.06789197299324831 0.084
0 0.122655663915979 0.4505 0.06451612903225806 0.072
0 0.08327081770442611 0.5115 0.05776444111027757 0.072
0 0.11384096024006002 0.56975 0.0603900975243811 0.0625
0 0.14028507126781695 0.5385 0.05401350337584396 0.071
0 0.17198049512378094 0.588 0.05288822205551388 0.072
0 0.12340585146286571 0.66075 0.058514628657164294 0.0685
0 0.20236309077269318 0.66075 0.05738934733683421 0.0515
0 0.20855213803450862 0.5715 0.05026256564141035 0.066
0 0.18735933983495873 0.48675 0.06264066016504126 0.0645
0 0.204801200300075 0.46225 0.06601650412603151 0.0775
0 0.22674418604651161 0.37475 0.0708927231807952 0.0835
0 0.20423855963990997 0.28075 0.061140285071267814 0.0825
0 0.29669917479369845 0.24 0.06526631657914479 0.095
0 0.2871342835708927 0.3315 0.07389347336834208 0.084
0 0.3115153788447112 0.411 0.06789197299324831 0.069
0 0.27494373593398347 0.4615 0.06601650412603151 0.075
0 0.2423105776444111 0.51975 0.058514628657164294 0.0675
0 0.27719429857464367 0.5855 0.05701425356339085 0.07
0 0.2556264066016504 0.629 0.05738934733683421 0.045
0 0.2608777194298575 0.6805 0.052138034508627154 0.056
0 0.15210052513128283 0.75825 0.055138784696174045 0.0595
0 0.2556264066016504 0.749 0.05138784696174044 0.055
0 0.3090772693173293 0.7465 0.046511627906976744 0.05
0 0.35765191297824456 0.73975 0.050637659414853715 0.0555
0 0.4139159789947487 0.7355 0.04913728432108027 0.055
0 0.4596774193548387 0.70475 0.05288822205551388 0.0445
0 0.31376594148537135 0.68975 0.059639909977494375 0.0615
0 0.36946736684171044 0.68175 0.05401350337584396 0.0595
0 0.43885971492873216 0.65025 0.05476369092273068 0.0585
0 0.49868717179294825 0.6535 0.0536384096024006 0.062
0 0.46811702925731435 0.60425 0.05776444111027757 0.0605
0 0.3803450862715679 0.6335 0.05926481620405101 0.042
0 0.31357839459864967 0.64025 0.06151537884471118 0.0585
0 0.3477119279819955 0.58725 0.060765191297824456 0.0695
0 0.3083270817704426 0.52225 0.06751687921980495 0.0685
0 0.39572393098274566 0.55625 0.06001500375093773 0.0565
0 0.45330082520630155 0.54375 0.05888972243060765 0.0695
0 0.4846211552888222 0.48025 0.05776444111027757 0.0545
0 0.4112903225806452 0.50025 0.061890472618154536 0.0695
0 0.34246061515378845 0.48225 0.06376594148537135 0.0805
0 0.3822205551387847 0.41275 0.06601650412603151 0.0775
0 0.44898724681170293 0.431 0.06751687921980495 0.083
0 0.3756564141035259 0.24825 0.06939234808702176 0.0905
0 0.40678919729932483 0.354 0.06339084771192798 0.092
0 0.4656789197299325 0.30275 0.0671417854463616 0.0845
0 0.5281320330082521 0.259 0.07051762940735183 0.095
0 0.6108402100525131 0.244 0.06489122280570142 0.094
0 0.6839834958739685 0.2935 0.0671417854463616 0.086
0 0.5185671417854464 0.3605 0.07014253563390847 0.08
0 0.5913353338334584 0.366 0.059639909977494375 0.078
0 0.6577269317329333 0.38225 0.06639159789947487 0.0745
0 0.5337584396099024 0.4385 0.05926481620405101 0.08
0 0.5885221305326331 0.46425 0.0622655663915979 0.0715
0 0.6547261815453863 0.465 0.0671417854463616 0.073
0 0.714178544636159 0.43725 0.06526631657914479 0.0645
0 0.5391972993248312 0.4975 0.059639909977494375 0.061
0 0.6157164291072769 0.5275 0.055138784696174045 0.072
0 0.6796699174793699 0.5175 0.06526631657914479 0.064
0 0.7394973743435859 0.5105 0.05888972243060765 0.071
0 0.5238184546136534 0.56975 0.059639909977494375 0.0535
0 0.5845836459114778 0.576 0.05588897224306077 0.065
0 0.6423480870217554 0.55875 0.04463615903975994 0.0645
0 0.7001125281320331 0.56125 0.055138784696174045 0.0625
0 0.554013503375844 0.6385 0.05401350337584396 0.066
0 0.6108402100525131 0.639 0.05288822205551388 0.058
0 0.6697299324831207 0.623 0.061890472618154536 0.055
0 0.7213053263315828 0.611 0.05401350337584396 0.058
0 0.7642535633908477 0.572 0.05738934733683421 0.067
0 0.54576144036009 0.6915 0.04801200300075019 0.056
0 0.594523630907727 0.68525 0.04951237809452363 0.0465
0 0.6509752438109527 0.68275 0.055138784696174045 0.0555
0 0.7025506376594148 0.673 0.05401350337584396 0.05
0 0.7541260315078769 0.673 0.05138784696174044 0.053
0 0.804576144036009 0.67725 0.05101275318829707 0.0515
0 0.8645911477869468 0.6705 0.04876219054763691 0.054
0 0.781695423855964 0.622 0.056264066016504126 0.052
0 0.8360840210052514 0.62 0.05026256564141035 0.056
0 0.8974118529632408 0.60975 0.047636909227306824 0.0585
0 0.9077269317329333 0.63675 0.04576144036009002 0.0585
0 0.826331582895724 0.5695 0.05926481620405101 0.052
0 0.8809077269317329 0.55425 0.056639159789947484 0.0655
0 0.9307951987997 0.54075 0.047636909227306824 0.0665
0 0.805701425356339 0.51375 0.058514628657164294 0.0695
0 0.871530382595649 0.4825 0.061140285071267814 0.062
0 0.9268567141785446 0.487 0.0622655663915979 0.062
0 0.7912603150787697 0.45725 0.06789197299324831 0.0705
0 0.8458364591147787 0.424 0.06601650412603151 0.081
0 0.7704426106526632 0.38475 0.06526631657914479 0.0835
0 0.7796324081020255 0.304 0.0671417854463616 0.086
0 0.8289572393098275 0.32875 0.05926481620405101 0.0795
