0 0.1227085671530116 0.205 0.03890759446315002 0.064
0 0.15151515151515152 0.1695 0.055368499812944255 0.071
0 0.18593340815563036 0.12925 0.054620276842499066 0.0715
0 0.2053872053872054 0.18975 0.05686494575383464 0.0685
0 0.14870931537598203 0.24375 0.052749719416386086 0.0665
0 0.11990273101384212 0.2855 0.05723905723905724 0.074
0 0.171904227459783 0.3005 0.0512532734754957 0.068
0 0.15114104002992892 0.35375 0.051627384960718295 0.0585
0 0.14590347923681257 0.404 0.052375607931163484 0.049
0 0.18836513280957726 0.41575 0.03853348297792742 0.0595
0 0.17022072577628133 0.46825 0.04489337822671156 0.0665
0 0.21848110736999626 0.4645 0.04713804713804714 0.057
0 0.2044519266741489 0.51125 0.04751215862326973 0.0575
0 0.24317246539468762 0.5 0.04040404040404041 0.06
0 0.25851103628881406 0.45625 0.04938271604938271 0.0605
0 0.30246913580246915 0.4925 0.04302282080059858 0.052
0 0.2351290684624018 0.40175 0.046763935652824544 0.0635
0 0.203890759446315 0.349 0.04264870931537598 0.07
0 0.23830901608679386 0.32275 0.04564160119715675 0.0635
0 0.20707070707070707 0.2565 0.04900860456416012 0.069
0 0.27908716797605687 0.284 0.0508791619902731 0.071
0 0.2789001122334456 0.37225 0.04751215862326973 0.0595
0 0.30976430976430974 0.33675 0.054620276842499066 0.0605
0 0.30246913580246915 0.42925 0.046763935652824544 0.0575
0 0.34175084175084175 0.46075 0.04601571268237935 0.0585
0 0.3570894126449682 0.51425 0.046763935652824544 0.0505
0 0.39319117096894873 0.54 0.0411522633744856 0.053
0 0.4375233819678264 0.5555 0.04302282080059858 0.053
0 0.45379723157500934 0.5005 0.041900486344930786 0.053
0 0.4094650205761317 0.492 0.04826038159371493 0.051
0 0.38533482977927425 0.43575 0.04788627010849233 0.0615
0 0.4386457164234942 0.4485 0.046763935652824544 0.057
0 0.34175084175084175 0.3775 0.04900860456416012 0.059
0 0.3840254395809951 0.35275 0.04826038159371493 0.0625
0 0.2557052001496446 0.162 0.053497942386831275 0.073
0 0.29105873550317996 0.215 0.05387205387205387 0.071
0 0.3393191170968949 0.21075 0.048634493078937524 0.0605
0 0.3063973063973064 0.1495 0.04638982416760194 0.073
0 0.29105873550317996 0.07275 0.0508791619902731 0.0745
0 0.33146277590722034 0.04175 0.055368499812944255 0.0805
0 0.3441825664047886 0.1205 0.05686494575383464 0.074
0 0.3829031051253273 0.075 0.05873550317994763 0.07
0 0.39188178077066965 0.16375 0.05424616535727647 0.0765
0 0.3896371118593341 0.2305 0.04826038159371493 0.07
0 0.39281705948372614 0.294 0.05312383090160868 0.065
0 0.4283576505798728 0.33625 0.05013093901982791 0.0695
0 0.4176954732510288 0.387 0.050505050505050504 0.054
0 0.47343808454919567 0.42 0.049756827534605315 0.055
0 0.48671904227459784 0.474 0.04564160119715675 0.059
0 0.5003741114852226 0.515 0.04526748971193416 0.052
0 0.500561167227834 0.575 0.04339693228582117 0.05
0 0.5405910961466517 0.59425 0.04264870931537598 0.0515
0 0.5387205387205387 0.542 0.03890759446315002 0.057
0 0.5303030303030303 0.4925 0.04601571268237935 0.06
0 0.5757575757575758 0.58925 0.03741114852225964 0.0615
0 0.610362888140666 0.62325 0.04451926674148896 0.0465
0 0.6531986531986532 0.60825 0.04938271604938271 0.0445
0 0.6638608305274972 0.57975 0.046763935652824544 0.0465
0 0.7018331462775907 0.61025 0.05013093901982791 0.0585
0 0.6165357276468387 0.574 0.0508791619902731 0.054
0 0.5987654320987654 0.5355 0.04377104377104377 0.053
0 0.5692106247661803 0.4915 0.04826038159371493 0.06
0 0.554620276842499 0.43975 0.040029928918817806 0.0625
0 0.5149644594089039 0.40225 0.04826038159371493 0.0605
0 0.47456041900486345 0.3635 0.0512532734754957 0.058
0 0.4332210998877666 0.26975 0.04788627010849233 0.0695
0 0.482416760194538 0.3055 0.046763935652824544 0.064
0 0.43527871305649085 0.195 0.05200149644594089 0.075
0 0.43602693602693604 0.1065 0.053497942386831275 0.07
0 0.4906472128694351 0.0695 0.053497942386831275 0.07
0 0.47530864197530864 0.15525 0.052749719416386086 0.0725
0 0.48148148148148145 0.22175 0.051627384960718295 0.0635
0 0.5398428731762065 0.06575 0.0508791619902731 0.0775
0 0.533295922184811 0.142 0.04900860456416012 0.069
0 0.5321735877291432 0.2155 0.04526748971193416 0.072
0 0.5246913580246914 0.27975 0.04601571268237935 0.0715
0 0.558361391694725 0.35575 0.04526748971193416 0.0625
0 0.597268986157875 0.3765 0.04377104377104377 0.068
0 0.6019453797231575 0.4365 0.051627384960718295 0.054
0 0.6144781144781145 0.48675 0.04526748971193416 0.0555
0 0.6430976430976431 0.53125 0.04788627010849233 0.0485
0 0.6614291058735503 0.4785 0.04489337822671156 0.054
0 0.6838757949869061 0.52225 0.04414515525626637 0.0645
0 0.7164234942012719 0.549 0.04564160119715675 0.055
0 0.7708567153011597 0.605 0.037037037037037035 0.053
0 0.7341937897493453 0.5075 0.049756827534605315 0.052
0 0.7055742611298167 0.47 0.05387205387205387 0.06
0 0.6666666666666666 0.428 0.0508791619902731 0.054
0 0.777964833520389 0.52475 0.046763935652824544 0.0575
0 0.80115974560419 0.56025 0.04302282080059858 0.0435
0 0.8189300411522634 0.50025 0.048634493078937524 0.0655
0 0.7525252525252525 0.457 0.049756827534605315 0.057
0 0.7901234567901234 0.46375 0.0411522633744856 0.0565
0 0.8380097268986157 0.45225 0.05312383090160868 0.0565
0 0.7093153759820426 0.4085 0.04938271604938271 0.064
0 0.666292555181444 0.3675 0.051627384960718295 0.069
0 0.5993265993265994 0.3185 0.05312383090160868 0.059
0 0.5828656939768051 0.2495 0.04938271604938271 0.061
0 0.5776281331836888 0.19 0.0508791619902731 0.07
0 0.6344930789375234 0.26275 0.04713804713804714 0.0625
0 0.5967078189300411 0.06425 0.0508791619902731 0.0765
0 0.6161616161616161 0.12825 0.054620276842499066 0.0645
0 0.6281331836887393 0.1975 0.05611672278338945 0.059
0 0.6782641227085672 0.17325 0.055368499812944255 0.0675
0 0.6780770669659558 0.266 0.0512532734754957 0.075
0 0.7008978675645342 0.31525 0.046763935652824544 0.0595
0 0.7456041900486345 0.3565 0.04788627010849233 0.064
0 0.777964833520389 0.40175 0.052749719416386086 0.0505
0 0.7888140665918444 0.3455 0.04826038159371493 0.058
0 0.8279087167976057 0.393 0.04339693228582117 0.056
0 0.8787878787878788 0.38075 0.0508791619902731 0.0635
0 0.7454171343060232 0.279 0.053497942386831275 0.07
0 0.7171717171717171 0.2175 0.04713804713804714 0.072
0 0.7267115600448933 0.131 0.05424616535727647 0.068
0 0.7639356528245417 0.21425 0.052375607931163484 0.0675
0 0.7934904601571269 0.2605 0.04489337822671156 0.067
0 0.8340815563037786 0.289 0.0512532734754957 0.075
0 0.33164983164983164 0.2725 0.04526748971193416 0.055
