0 0.4030382595648912 0.12275 0.0603900975243811 0.0975
0 0.3252063015753939 0.17475 0.05326331582895724 0.0735
0 0.28319579894973745 0.216 0.04876219054763691 0.081
0 0.2173668417104276 0.23675 0.05813953488372093 0.0885
0 0.4028507126781695 0.21125 0.04276069017254314 0.0685
0 0.37190547636909227 0.232 0.04688672168042011 0.074
0 0.3267066766691673 0.2595 0.06526631657914479 0.076
0 0.2854463615903976 0.312 0.05701425356339085 0.076
0 0.2336834208552138 0.347 0.0622655663915979 0.082
0 0.19129782445611404 0.38575 0.05701425356339085 0.0735
0 0.16804201050262565 0.461 0.058514628657164294 0.075
0 0.20911477869467368 0.5075 0.050637659414853715 0.066
0 0.17760690172543137 0.56575 0.061890472618154536 0.0685
0 0.13784696174043512 0.64225 0.06264066016504126 0.0745
0 0.159039759939985 0.685 0.058514628657164294 0.057
0 0.3351462865716429 0.3315 0.04838709677419355 0.076
0 0.30120030007501875 0.381 0.05401350337584396 0.072
0 0.2539384846211553 0.4365 0.05926481620405101 0.072
0 0.26294073518379596 0.4925 0.056264066016504126 0.062
0 0.2535633908477119 0.5685 0.051762940735183796 0.062
0 0.4465491372843211 0.25675 0.05288822205551388 0.0765
0 0.3994748687171793 0.30425 0.05701425356339085 0.0735
0 0.5285071267816954 0.235 0.0555138784696174 0.079
0 0.5206301575393848 0.291 0.042010502625656414 0.056
0 0.48537134283570893 0.3245 0.0450112528132033 0.068
0 0.44204801200300076 0.3355 0.052138034508627154 0.068
0 0.3812828207051763 0.367 0.052138034508627154 0.07
0 0.35952738184546135 0.42725 0.0603900975243811 0.0735
0 0.3175168792198049 0.47925 0.04913728432108027 0.0775
0 0.31639159789947485 0.53675 0.05588897224306077 0.0645
0 0.2087396849212303 0.672 0.0671417854463616 0.07
0 0.27419354838709675 0.674 0.0622655663915979 0.073
0 0.21230307576894222 0.76075 0.06001500375093773 0.0745
0 0.2651912978244561 0.75375 0.047261815453863466 0.0715
0 0.3055138784696174 0.751 0.046136534133533386 0.061
0 0.30438859714928734 0.67525 0.04388597149287322 0.0615
0 0.35502625656414105 0.74425 0.047636909227306824 0.0505
0 0.34902475618904727 0.67825 0.052138034508627154 0.0605
0 0.3336459114778695 0.62225 0.06264066016504126 0.0665
0 0.36609152288072017 0.57875 0.058514628657164294 0.0675
0 0.38447111777944487 0.63075 0.05026256564141035 0.0605
0 0.39816204051012755 0.6915 0.046136534133533386 0.066
0 0.40847711927981994 0.74575 0.051762940735183796 0.0635
0 0.44954988747186797 0.71925 0.050637659414853715 0.0615
0 0.43904726181545384 0.6665 0.047636909227306824 0.058
0 0.3600900225056264 0.49875 0.046511627906976744 0.0725
0 0.41166541635408854 0.53675 0.046136534133533386 0.0645
0 0.40678919729932483 0.455 0.04688672168042011 0.077
0 0.4405476369092273 0.393 0.052138034508627154 0.072
0 0.536946736684171 0.35425 0.047636909227306824 0.0665
0 0.5632033008252063 0.31675 0.04388597149287322 0.0775
0 0.48687171792948236 0.38375 0.04951237809452363 0.0665
0 0.4608027006751688 0.43975 0.04913728432108027 0.0655
0 0.4399849962490623 0.49525 0.04876219054763691 0.0565
0 0.45930232558139533 0.55425 0.046136534133533386 0.0585
0 0.45161290322580644 0.6105 0.04426106526631658 0.06
0 0.4797449362340585 0.69075 0.042010502625656414 0.0565
0 0.5202550637659414 0.75175 0.047261815453863466 0.0625
0 0.5450112528132033 0.70375 0.046511627906976744 0.0505
0 0.5438859714928732 0.745 0.03825956489122281 0.06
0 0.5206301575393848 0.66625 0.04801200300075019 0.0635
0 0.49849962490622657 0.60475 0.04051012753188297 0.0655
0 0.5166916729182296 0.55525 0.047636909227306824 0.0615
0 0.4915603900975244 0.4925 0.04988747186796699 0.067
0 0.5166916729182296 0.45 0.047636909227306824 0.069
0 0.5753938484621155 0.3725 0.0450112528132033 0.066
0 0.6016504126031508 0.34575 0.04126031507876969 0.0645
0 0.636721680420105 0.3635 0.038634658664666165 0.07
0 0.5842085521380345 0.43475 0.04988747186796699 0.0665
0 0.540510127531883 0.50575 0.04576144036009002 0.0605
0 0.5887096774193549 0.49125 0.04238559639909977 0.0605
0 0.5536384096024006 0.561 0.04276069017254314 0.061
0 0.5969617404351087 0.543 0.04088522130532633 0.058
0 0.5532633158289573 0.63325 0.046511627906976744 0.0615
0 0.6822955738934734 0.356 0.03375843960990248 0.068
0 0.7091147786946737 0.3765 0.03488372093023256 0.06
0 0.7569392348087022 0.36475 0.03225806451612903 0.0605
0 0.7233683420855214 0.42075 0.03563390847711928 0.0535
0 0.6847336834208552 0.41325 0.04013503375843961 0.0585
0 0.6382220555138785 0.42825 0.04463615903975994 0.0635
0 0.6175918979744937 0.48625 0.03938484621155289 0.0595
0 0.6699174793698425 0.486 0.04051012753188297 0.054
0 0.695986496624156 0.453 0.03563390847711928 0.056
0 0.7638784696174044 0.42225 0.034133533383345835 0.0535
0 0.7860090022505627 0.42475 0.029632408102025505 0.0625
0 0.8214553638409603 0.45025 0.03075768942235559 0.0495
0 0.713053263315829 0.482 0.037509377344336084 0.052
0 0.7623780945236309 0.47925 0.037134283570892726 0.0535
0 0.7771942985746436 0.47975 0.029257314328582147 0.0545
0 0.8096399099774944 0.51075 0.030382595648912228 0.0515
0 0.6926106526631658 0.50875 0.03938484621155289 0.0565
0 0.6524756189047262 0.53325 0.04388597149287322 0.0535
0 0.5858964741185296 0.6045 0.042010502625656414 0.057
0 0.6421605401350338 0.58575 0.04351087771942986 0.0555
0 0.6065266316579144 0.6435 0.04351087771942986 0.053
0 0.5778319579894974 0.68725 0.04538634658664666 0.0535
0 0.59152288072018 0.7485 0.03975993998499625 0.057
0 0.6307201800450113 0.74425 0.038634658664666165 0.0525
0 0.6252813203300825 0.70125 0.042010502625656414 0.0555
0 0.6440360090022506 0.68 0.03225806451612903 0.056
0 0.6481620405101275 0.723 0.03150787696924231 0.048
0 0.6890472618154538 0.7555 0.03150787696924231 0.04
0 0.70423855963991 0.733 0.030382595648912228 0.05
0 0.6828582145536384 0.704 0.037134283570892726 0.048
0 0.6627906976744186 0.636 0.03975993998499625 0.056
0 0.6978619654913728 0.6545 0.03113278319579895 0.059
0 0.6802325581395349 0.583 0.036384096024006 0.057
0 0.7019879969992499 0.5535 0.032633158289572396 0.059
0 0.6969242310577645 0.60025 0.03600900225056264 0.0435
0 0.7250562640660165 0.57275 0.029257314328582147 0.0575
0 0.7374343585896475 0.52625 0.03675918979744936 0.0525
0 0.7811327831957989 0.53525 0.030382595648912228 0.0515
0 0.8120780195048762 0.54975 0.028507126781695424 0.0455
0 0.8402100525131283 0.54725 0.02700675168792198 0.0495
0 0.8152663165791448 0.57375 0.029632408102025505 0.0365
0 0.7876969242310577 0.58375 0.0345086271567892 0.0525
0 0.7966991747936985 0.602 0.029257314328582147 0.048
0 0.8390847711927982 0.59025 0.029257314328582147 0.0455
0 0.8343960990247562 0.6295 0.028132033008252063 0.052
0 0.8152663165791448 0.6365 0.029632408102025505 0.05
0 0.7415603900975244 0.63775 0.03675918979744936 0.0495
0 0.7663165791447862 0.6315 0.03225806451612903 0.052
0 0.7833833458364591 0.64925 0.028882220555138786 0.0455
0 0.7259939984996249 0.67775 0.03488372093023256 0.0515
0 0.7511252813203301 0.67375 0.032633158289572396 0.0495
0 0.731807951987997 0.70525 0.029257314328582147 0.0385
0 0.7539384846211553 0.70825 0.025506376594148537 0.0455
0 0.7484996249062266 0.75825 0.03188297074268567 0.0405
0 0.7695048762190547 0.67575 0.02213053263315829 0.0295
0 0.7929482370592649 0.6735 0.030007501875468866 0.051
0 0.8300825206301575 0.678 0.028507126781695424 0.045
0 0.8064516129032258 0.706 0.03225806451612903 0.044
0 0.7920105026256564 0.7295 0.03563390847711928 0.042
0 0.7935108777194299 0.75 0.034133533383345835 0.034
