0 0.05120030007501875 0.703 0.05138784696174044 0.076
0 0.07126781695423856 0.785 0.07051762940735183 0.079
0 0.07914478619654913 0.6735 0.060765191297824456 0.071
0 0.10615153788447111 0.59375 0.05476369092273068 0.0785
0 0.09696174043510877 0.514 0.05438859714928732 0.081
0 0.13934733683420855 0.4465 0.05813953488372093 0.076
0 0.13465866466616655 0.36625 0.06451612903225806 0.0805
0 0.20817704426106526 0.408 0.05326331582895724 0.059
0 0.22843210802700675 0.34825 0.05776444111027757 0.0775
0 0.27438109527381843 0.27225 0.05438859714928732 0.0705
0 0.2843210802700675 0.358 0.05926481620405101 0.077
0 0.1888597149287322 0.49775 0.05438859714928732 0.0755
0 0.24549887471867968 0.47925 0.0536384096024006 0.0675
0 0.2955738934733683 0.47275 0.051762940735183796 0.0695
0 0.17573143285821455 0.59825 0.061140285071267814 0.0695
0 0.2516879219804951 0.54125 0.058514628657164294 0.0695
0 0.3034508627156789 0.5605 0.05701425356339085 0.068
0 0.1858589647411853 0.668 0.04988747186796699 0.074
0 0.2402475618904726 0.6425 0.050637659414853715 0.063
0 0.304576144036009 0.65625 0.05026256564141035 0.0715
0 0.1342835708927232 0.7175 0.060765191297824456 0.06
0 0.18623405851462865 0.74275 0.05738934733683421 0.0665
0 0.23930982745686422 0.6975 0.0555138784696174 0.067
0 0.28169542385596397 0.73975 0.051762940735183796 0.0625
0 0.1629782445611403 0.78225 0.05288822205551388 0.0665
0 0.22936984246061515 0.7895 0.05738934733683421 0.062
0 0.28788447111777943 0.79325 0.059639909977494375 0.0675
0 0.33233308327081773 0.7675 0.05326331582895724 0.065
0 0.33645911477869467 0.70875 0.04876219054763691 0.0695
0 0.38653413353338334 0.7435 0.04388597149287322 0.062
0 0.436609152288072 0.74475 0.04801200300075019 0.0665
0 0.48443360840210054 0.803 0.04913728432108027 0.068
0 0.37284321080270066 0.65675 0.04951237809452363 0.0705
0 0.4165416354088522 0.6745 0.04988747186796699 0.061
0 0.45236309077269315 0.638 0.05251312828207052 0.059
0 0.5033758439609902 0.69 0.04576144036009002 0.071
0 0.5256939234808702 0.73275 0.04538634658664666 0.0645
0 0.5755813953488372 0.722 0.05138784696174044 0.055
0 0.6010877719429858 0.66475 0.05438859714928732 0.0735
0 0.359152288072018 0.5765 0.05813953488372093 0.066
0 0.41035258814703673 0.59425 0.05101275318829707 0.0765
0 0.4645536384096024 0.5615 0.050637659414853715 0.078
0 0.5118154538634658 0.6045 0.04838709677419355 0.076
0 0.5429482370592649 0.6495 0.0536384096024006 0.065
0 0.5617029257314329 0.59075 0.05138784696174044 0.0615
0 0.6020255063765941 0.53 0.05251312828207052 0.077
0 0.5466991747936985 0.5285 0.05288822205551388 0.07
0 0.5866466616654163 0.43775 0.04876219054763691 0.0725
0 0.5290697674418605 0.466 0.0536384096024006 0.077
0 0.47355588897224304 0.481 0.050637659414853715 0.075
0 0.41354088522130533 0.519 0.061140285071267814 0.08
0 0.3447111777944486 0.51725 0.060765191297824456 0.0815
0 0.32820705176294074 0.41875 0.056264066016504126 0.0725
0 0.4223555888972243 0.4535 0.047261815453863466 0.065
0 0.48199549887471865 0.41875 0.05476369092273068 0.0715
0 0.5513878469617405 0.38525 0.056264066016504126 0.0685
0 0.6052138034508627 0.27275 0.055138784696174045 0.0735
0 0.5446361590397599 0.3145 0.051762940735183796 0.07
0 0.5045011252813203 0.331 0.05326331582895724 0.071
0 0.4062265566391598 0.3785 0.0555138784696174 0.079
0 0.3471492873218305 0.356 0.05438859714928732 0.086
0 0.3400225056264066 0.2815 0.05288822205551388 0.069
0 0.3630907726931733 0.21975 0.05251312828207052 0.0755
0 0.390847711927982 0.257 0.07051762940735183 0.097
0 0.46811702925731435 0.2495 0.046511627906976744 0.072
0 0.45161290322580644 0.3135 0.060765191297824456 0.082
0 0.6577269317329333 0.72375 0.05888972243060765 0.0685
0 0.6545386346586647 0.643 0.05101275318829707 0.063
0 0.681357839459865 0.68375 0.04838709677419355 0.0725
0 0.714178544636159 0.64375 0.047261815453863466 0.0455
0 0.7439984996249063 0.71 0.04988747186796699 0.066
0 0.7839459864966242 0.7225 0.04126031507876969 0.068
0 0.8328957239309828 0.7325 0.04388597149287322 0.065
0 0.8835333833458364 0.69575 0.04463615903975994 0.0655
0 0.9118529632408102 0.62 0.03825956489122281 0.063
0 0.954801200300075 0.58875 0.04238559639909977 0.0595
0 0.8717179294823706 0.588 0.04801200300075019 0.067
0 0.8248312078019505 0.5955 0.04801200300075019 0.058
0 0.8432108027006752 0.655 0.05026256564141035 0.058
0 0.7755063765941486 0.639 0.04988747186796699 0.064
0 0.7109902475618904 0.60875 0.0536384096024006 0.0605
0 0.6327831957989497 0.59125 0.05101275318829707 0.0665
0 0.6710427606901725 0.543 0.0555138784696174 0.06
0 0.7327456864216054 0.53 0.05138784696174044 0.066
0 0.8070142535633908 0.5435 0.05138784696174044 0.066
0 0.8559639909977494 0.52475 0.04951237809452363 0.0535
0 0.9315453863465867 0.5405 0.04913728432108027 0.064
0 0.8884096024006002 0.50175 0.036384096024006 0.0685
0 0.9244186046511628 0.43425 0.04913728432108027 0.0705
0 0.8690922730682671 0.451 0.04951237809452363 0.071
0 0.8060765191297824 0.47125 0.05101275318829707 0.0705
0 0.6633533383345837 0.4605 0.05138784696174044 0.066
0 0.6376594148537135 0.40625 0.05476369092273068 0.0675
0 0.6344711177794449 0.331 0.05813953488372093 0.086
0 0.6822955738934734 0.2435 0.051762940735183796 0.072
0 0.6768567141785446 0.30275 0.05738934733683421 0.0785
0 0.7055513878469617 0.3115 0.04276069017254314 0.07
0 0.7689422355588897 0.29675 0.051762940735183796 0.0725
0 0.7291822955738935 0.3975 0.051762940735183796 0.074
0 0.7513128282070518 0.446 0.05026256564141035 0.073
0 0.7995123780945236 0.4 0.05138784696174044 0.069
0 0.8615903975993998 0.394 0.051762940735183796 0.062
0 0.8728432108027007 0.32925 0.060765191297824456 0.0695
0 0.9111027756939235 0.34675 0.047261815453863466 0.0825
0 0.9201050262565641 0.2845 0.04276069017254314 0.065
0 0.8535258814703676 0.2815 0.052138034508627154 0.047
0 0.8664666166541636 0.23125 0.04351087771942986 0.0605
0 0.7518754688672168 0.58325 0.04463615903975994 0.0755
