0 0.17010502625656415 0.516 0.06789197299324831 0.086
0 0.20555138784696175 0.43525 0.07576894223555888 0.0945
0 0.26875468867216806 0.47625 0.06789197299324831 0.0905
0 0.23387096774193547 0.5445 0.06489122280570142 0.088
0 0.2970742685671418 0.564 0.06526631657914479 0.068
0 0.17929482370592648 0.636 0.06451612903225806 0.075
0 0.23124531132783196 0.69625 0.06564141035258815 0.0685
0 0.2479369842460615 0.63125 0.07051762940735183 0.0775
0 0.30120030007501875 0.68325 0.06376594148537135 0.0745
0 0.33083270817704424 0.515 0.06976744186046512 0.08
0 0.35765191297824456 0.598 0.0671417854463616 0.073
0 0.3630907726931733 0.66275 0.0622655663915979 0.0705
0 0.2820705176294073 0.76325 0.058514628657164294 0.0775
0 0.3372093023255814 0.7435 0.060765191297824456 0.076
0 0.38297074268567144 0.77025 0.058514628657164294 0.0665
0 0.4051012753188297 0.685 0.05926481620405101 0.072
0 0.44036009002250565 0.72 0.04951237809452363 0.07
0 0.4943735933983496 0.70175 0.05926481620405101 0.0675
0 0.47768192048012004 0.634 0.05438859714928732 0.069
0 0.422543135783946 0.6115 0.061140285071267814 0.072
0 0.3983495873968492 0.53275 0.06976744186046512 0.0715
0 0.45067516879219804 0.541 0.05588897224306077 0.066
0 0.2595648912228057 0.35525 0.060765191297824456 0.0895
0 0.32539384846211555 0.33025 0.07914478619654913 0.0975
0 0.32633158289572395 0.42775 0.07051762940735183 0.0865
0 0.3953488372093023 0.4255 0.06526631657914479 0.086
0 0.4472993248312078 0.46975 0.0603900975243811 0.0835
0 0.3945986496624156 0.31925 0.06751687921980495 0.0975
0 0.44561140285071266 0.36075 0.06376594148537135 0.0905
0 0.4874343585896474 0.41275 0.06564141035258815 0.0925
0 0.5039384846211553 0.33475 0.06339084771192798 0.0965
0 0.5547636909227307 0.3495 0.05926481620405101 0.084
0 0.6022130532633159 0.292 0.06864216054013503 0.1
0 0.6258439609902475 0.3535 0.06489122280570142 0.075
0 0.6644786196549137 0.28925 0.061890472618154536 0.0875
0 0.6965491372843211 0.36175 0.0622655663915979 0.0785
0 0.7520630157539385 0.3105 0.06976744186046512 0.088
0 0.8143285821455364 0.299 0.06151537884471118 0.082
0 0.8486496624156039 0.36225 0.07239309827456865 0.0875
0 0.7747561890472618 0.3855 0.059639909977494375 0.083
0 0.5932108027006752 0.42075 0.0603900975243811 0.0785
0 0.5238184546136534 0.45125 0.06339084771192798 0.0845
0 0.5084396099024756 0.5595 0.0671417854463616 0.078
0 0.5617029257314329 0.51575 0.05738934733683421 0.0825
0 0.5969617404351087 0.5585 0.055138784696174045 0.076
0 0.627344336084021 0.50425 0.05888972243060765 0.0745
0 0.6834208552138035 0.507 0.05776444111027757 0.074
0 0.6918604651162791 0.44175 0.05813953488372093 0.0775
0 0.741185296324081 0.44075 0.05476369092273068 0.0805
0 0.7627531882970743 0.518 0.059639909977494375 0.076
0 0.826331582895724 0.54625 0.06001500375093773 0.0815
0 0.8488372093023255 0.55975 0.04576144036009002 0.0805
0 0.7820705176294074 0.60375 0.058514628657164294 0.0735
0 0.8085146286571643 0.60825 0.04238559639909977 0.0675
0 0.7509377344336085 0.64875 0.04951237809452363 0.0725
0 0.7126781695423856 0.583 0.05926481620405101 0.084
0 0.7087396849212303 0.634 0.04838709677419355 0.058
0 0.6566016504126031 0.59775 0.05813953488372093 0.0795
0 0.6532258064516129 0.662 0.05813953488372093 0.068
0 0.6005251312828207 0.64975 0.06001500375093773 0.0665
0 0.5489497374343586 0.60575 0.052138034508627154 0.0785
0 0.5446361590397599 0.664 0.056264066016504126 0.057
0 0.8289572393098275 0.4345 0.06751687921980495 0.073
0 0.8758439609902475 0.48225 0.05776444111027757 0.0645
0 0.8925356339084771 0.419 0.05738934733683421 0.076
