0 0.3381967826412271 0.228 0.034418256640478866 0.041
0 0.37448559670781895 0.2235 0.032173587729143284 0.037
0 0.30976430976430974 0.2465 0.032173587729143284 0.035
0 0.2869435091657314 0.27925 0.0306771417882529 0.0375
0 0.26356154133931914 0.30875 0.034044145155256264 0.0375
0 0.24560419004863449 0.333 0.03479236812570146 0.048
0 0.2343808454919566 0.38275 0.03928170594837262 0.0435
0 0.2441077441077441 0.432 0.03778526000748223 0.044
0 0.25252525252525254 0.46225 0.03965581743359521 0.0395
0 0.2755331088664422 0.4915 0.03853348297792742 0.044
0 0.29797979797979796 0.53425 0.034044145155256264 0.0515
0 0.3052749719416386 0.45825 0.03741114852225964 0.0435
0 0.2822671156004489 0.42675 0.03928170594837262 0.0375
0 0.27029554807332584 0.377 0.03778526000748223 0.043
0 0.2768424990647213 0.34625 0.03591470258136925 0.0375
0 0.29741863075196406 0.307 0.035166479610924055 0.045
0 0.3226711560044893 0.28175 0.028058361391694726 0.0445
0 0.35297418630751964 0.25775 0.03479236812570146 0.0245
0 0.4051627384960718 0.24475 0.035166479610924055 0.0355
0 0.38159371492704824 0.27075 0.034418256640478866 0.0325
0 0.35877291432846986 0.282 0.024691358024691357 0.04
0 0.32977927422371867 0.32925 0.033295922184811075 0.0265
0 0.31013842124953234 0.361 0.03591470258136925 0.035
0 0.31350542461653574 0.4025 0.03367003367003367 0.042
0 0.34100261878039656 0.44475 0.040029928918817806 0.0375
0 0.3374485596707819 0.5215 0.035166479610924055 0.047
0 0.36232697343808457 0.56 0.037037037037037035 0.048
0 0.3840254395809951 0.517 0.036288814066591846 0.044
0 0.36475869809203143 0.477 0.038159371492704826 0.041
0 0.38065843621399176 0.42775 0.031051253273475497 0.0395
0 0.3492330714552937 0.40325 0.03479236812570146 0.0455
0 0.3454919566030677 0.357 0.033295922184811075 0.041
0 0.37018331462775905 0.334 0.03254769921436588 0.034
0 0.3982416760194538 0.30675 0.03254769921436588 0.0395
0 0.4171343060231949 0.28125 0.03367003367003367 0.0295
0 0.4390198279087168 0.261 0.02880658436213992 0.037
0 0.4609053497942387 0.2765 0.0306771417882529 0.029
0 0.4392068836513281 0.3095 0.0306771417882529 0.029
0 0.3988028432472877 0.352 0.029180695847362513 0.038
0 0.43453049008604566 0.3495 0.03254769921436588 0.032
0 0.38178077066965954 0.38775 0.03254769921436588 0.0335
0 0.42031425364758696 0.386 0.02656191545080434 0.039
0 0.4120838009726899 0.415 0.03179947624392069 0.041
0 0.39637111859334084 0.46325 0.027310138421249533 0.0415
0 0.4332210998877666 0.46 0.03741114852225964 0.04
0 0.42349420127197906 0.49 0.038159371492704826 0.041
0 0.4094650205761317 0.5565 0.037037037037037035 0.054
0 0.43284698840254393 0.58825 0.035166479610924055 0.0465
0 0.4403292181069959 0.52925 0.03666292555181444 0.0505
0 0.4676393565282454 0.62125 0.03292181069958848 0.0505
0 0.46408529741863075 0.5725 0.034044145155256264 0.049
0 0.5039281705948373 0.65475 0.03591470258136925 0.0525
0 0.49625888514777405 0.581 0.03254769921436588 0.05
0 0.4784885895997007 0.5275 0.03367003367003367 0.051
0 0.46520763187429853 0.4915 0.03554059109614665 0.038
0 0.4566030677141788 0.4255 0.033295922184811075 0.034
0 0.4515525626636738 0.38975 0.03292181069958848 0.0445
0 0.4799850355405911 0.33625 0.03890759446315002 0.0395
0 0.4685746352413019 0.308 0.027310138421249533 0.037
0 0.49625888514777405 0.28875 0.03554059109614665 0.0285
0 0.5029928918817808 0.31625 0.033295922184811075 0.0345
0 0.5147774036662925 0.35325 0.02843247287691732 0.0415
0 0.48166853722409275 0.386 0.03479236812570146 0.034
0 0.5138421249532361 0.3945 0.03554059109614665 0.038
0 0.4891507669285447 0.41925 0.036288814066591846 0.0385
0 0.49176954732510286 0.46275 0.03254769921436588 0.0325
0 0.5024317246539469 0.50225 0.034418256640478866 0.0345
0 0.5102880658436214 0.55275 0.035166479610924055 0.0435
0 0.5491956603067715 0.69975 0.04264870931537598 0.0525
0 0.5957725402169847 0.724 0.03778526000748223 0.056
0 0.6412270856715301 0.74475 0.0411522633744856 0.0445
0 0.7134306023194912 0.80375 0.0411522633744856 0.0545
0 0.7882528993640104 0.76875 0.038159371492704826 0.0525
0 0.745230078563412 0.77225 0.04040404040404041 0.0545
0 0.7061354283576505 0.7365 0.03928170594837262 0.056
0 0.6685372240927796 0.7155 0.03591470258136925 0.057
0 0.624205013093902 0.69825 0.040778151889263 0.0415
0 0.5817433595211373 0.67875 0.038159371492704826 0.0435
0 0.546389824167602 0.64125 0.03853348297792742 0.0455
0 0.5422745978301534 0.59525 0.037037037037037035 0.0435
0 0.5731387953610175 0.62875 0.029928918817807706 0.0535
0 0.647399925177703 0.64925 0.03554059109614665 0.0595
0 0.6975308641975309 0.69475 0.03778526000748223 0.0425
0 0.740927796483352 0.719 0.040778151889263 0.047
0 0.785447063224841 0.7095 0.03554059109614665 0.053
0 0.8286569397680509 0.748 0.03741114852225964 0.058
0 0.8490460157126823 0.70225 0.03778526000748223 0.0515
0 0.8855218855218855 0.67975 0.04040404040404041 0.0535
0 0.8683127572016461 0.641 0.04040404040404041 0.04
0 0.863262252151141 0.593 0.033295922184811075 0.045
0 0.8698092031425365 0.5585 0.02843247287691732 0.035
0 0.8597081930415263 0.5115 0.03591470258136925 0.039
0 0.8460531238309016 0.47325 0.025813692480359147 0.0395
0 0.8393191170968949 0.43525 0.031051253273475497 0.0425
0 0.8050879161990273 0.40575 0.03292181069958848 0.0345
0 0.8060231949120839 0.4565 0.033295922184811075 0.034
0 0.82996632996633 0.48925 0.040029928918817806 0.0385
0 0.8395061728395061 0.53775 0.03591470258136925 0.0475
0 0.8251028806584362 0.605 0.02955480733258511 0.05
0 0.833707444818556 0.657 0.034044145155256264 0.046
0 0.8084549195660307 0.6865 0.03666292555181444 0.052
0 0.79105873550318 0.64075 0.03479236812570146 0.0405
0 0.7467265245043023 0.6755 0.03890759446315002 0.044
0 0.7570145903479237 0.62425 0.03479236812570146 0.0505
0 0.7731013842124953 0.58975 0.03853348297792742 0.0395
0 0.8050879161990273 0.565 0.03292181069958848 0.046
0 0.7964833520389076 0.51175 0.03591470258136925 0.0435
0 0.7860082304526749 0.471 0.03292181069958848 0.041
0 0.7824541713430603 0.423 0.030303030303030304 0.033
0 0.7706696595585485 0.3845 0.03292181069958848 0.046
0 0.7384960718294051 0.368 0.03367003367003367 0.039
0 0.7450430228208006 0.40475 0.03254769921436588 0.0385
0 0.7495323606434717 0.44875 0.034044145155256264 0.0425
0 0.754769921436588 0.50075 0.025065469509913955 0.0435
0 0.7731013842124953 0.5375 0.03554059109614665 0.037
0 0.7147399925177703 0.6355 0.03853348297792742 0.047
0 0.6866816311260756 0.6425 0.03479236812570146 0.047
0 0.6141040029928919 0.6045 0.037037037037037035 0.042
0 0.6582491582491582 0.60625 0.037037037037037035 0.0495
0 0.6919191919191919 0.5965 0.03479236812570146 0.053
0 0.7291432846988403 0.58525 0.03666292555181444 0.0415
0 0.7274597830153385 0.51225 0.03254769921436588 0.0445
0 0.7023943135054246 0.5445 0.03479236812570146 0.048
0 0.6599326599326599 0.56375 0.03292181069958848 0.0455
0 0.6273849607182941 0.5555 0.035166479610924055 0.05
0 0.5826786382341937 0.5705 0.03179947624392069 0.048
0 0.5482603815937149 0.55325 0.03778526000748223 0.0425
0 0.5437710437710438 0.51625 0.03479236812570146 0.0395
0 0.597830153385709 0.53175 0.03666292555181444 0.0465
0 0.6552562663673774 0.51725 0.034044145155256264 0.0445
0 0.6879910213243546 0.50275 0.03591470258136925 0.0435
0 0.7276468387579499 0.47175 0.031425364758698095 0.0385
0 0.7184811073699963 0.43 0.02955480733258511 0.044
0 0.7059483726150393 0.39225 0.032173587729143284 0.0395
0 0.6943509165731387 0.33725 0.03367003367003367 0.0375
0 0.6584362139917695 0.3275 0.029928918817807706 0.037
0 0.6702207257762813 0.36925 0.02880658436213992 0.0415
0 0.6891133557800224 0.4225 0.03292181069958848 0.039
0 0.6975308641975309 0.458 0.03479236812570146 0.042
0 0.6618032173587729 0.47325 0.03591470258136925 0.0375
0 0.6328095772540216 0.4765 0.033295922184811075 0.048
0 0.5879161990273102 0.48925 0.03479236812570146 0.0415
0 0.5316124205013094 0.47525 0.032173587729143284 0.0475
0 0.5568649457538346 0.46075 0.02880658436213992 0.0425
0 0.6170968948746727 0.4455 0.036288814066591846 0.034
0 0.6479610924055369 0.4375 0.029928918817807706 0.042
0 0.6533857089412645 0.40525 0.027310138421249533 0.0365
0 0.6257014590347924 0.32525 0.031051253273475497 0.0325
0 0.6397306397306397 0.36675 0.03367003367003367 0.0395
0 0.6210250654695099 0.4 0.029928918817807706 0.039
0 0.587167976056865 0.4325 0.033295922184811075 0.04
0 0.5538720538720538 0.42175 0.033295922184811075 0.0415
0 0.545828656939768 0.37825 0.031425364758698095 0.0365
0 0.5763187429854096 0.383 0.03179947624392069 0.041
0 0.6030677141788253 0.35475 0.035166479610924055 0.0395
0 0.589038533482978 0.32075 0.02955480733258511 0.0355
0 0.5585484474373363 0.30675 0.02843247287691732 0.0395
0 0.5293677515899738 0.2965 0.03367003367003367 0.037
0 0.5327347549569772 0.3225 0.03292181069958848 0.033
