0 0.20442610652663165 0.247 0.046511627906976744 0.088
0 0.2049887471867967 0.28475 0.04388597149287322 0.0555
0 0.17085521380345087 0.33775 0.04463615903975994 0.0795
0 0.1609152288072018 0.399 0.03375843960990248 0.076
0 0.19973743435858965 0.43275 0.04238559639909977 0.0775
0 0.21380345086271568 0.375 0.03900975243810953 0.08
0 0.24587396849212304 0.3385 0.04088522130532633 0.077
0 0.28694673668417103 0.33725 0.04426106526631658 0.0805
0 0.2584396099024756 0.2365 0.04426106526631658 0.086
0 0.3083270817704426 0.2735 0.04351087771942986 0.088
0 0.3463990997749437 0.25125 0.055138784696174045 0.0865
0 0.3467741935483871 0.32625 0.05288822205551388 0.0875
0 0.336834208552138 0.38525 0.05251312828207052 0.0805
0 0.24381095273818454 0.4145 0.04426106526631658 0.071
0 0.28338334583645913 0.42975 0.04988747186796699 0.0765
0 0.23912228057014254 0.45125 0.036384096024006 0.0465
0 0.17873218304576144 0.50575 0.03488372093023256 0.0555
0 0.20442610652663165 0.50625 0.04276069017254314 0.0695
0 0.20892723180795197 0.5635 0.03825956489122281 0.059
0 0.2432483120780195 0.5605 0.03488372093023256 0.069
0 0.23874718679669918 0.627 0.038634658664666165 0.07
0 0.26987996999249814 0.6215 0.03938484621155289 0.068
0 0.27325581395348836 0.55225 0.04088522130532633 0.0695
0 0.2601275318829707 0.49275 0.04838709677419355 0.0605
0 0.32239309827456863 0.51975 0.05888972243060765 0.0725
0 0.3572768192048012 0.454 0.05813953488372093 0.068
0 0.3810952738184546 0.47825 0.051762940735183796 0.0795
0 0.3758439609902476 0.551 0.04276069017254314 0.072
0 0.31789197299324834 0.5825 0.04688672168042011 0.066
0 0.3102025506376594 0.663 0.04576144036009002 0.06
0 0.3689047261815454 0.632 0.036384096024006 0.067
0 0.3944111027756939 0.6205 0.04463615903975994 0.073
0 0.44898724681170293 0.60275 0.04951237809452363 0.0635
0 0.47768192048012004 0.60025 0.05888972243060765 0.0625
0 0.4339834958739685 0.535 0.047261815453863466 0.078
0 0.42948237059264815 0.43925 0.047261815453863466 0.0825
0 0.3966616654163541 0.37225 0.05288822205551388 0.0765
0 0.41035258814703673 0.26425 0.0555138784696174 0.0865
0 0.44317329332333083 0.206 0.052138034508627154 0.098
0 0.4788072018004501 0.27125 0.061140285071267814 0.0805
0 0.4596774193548387 0.34575 0.055138784696174045 0.0855
0 0.5030007501875469 0.20025 0.06151537884471118 0.0945
0 0.4836834208552138 0.498 0.046136534133533386 0.076
0 0.49381095273818454 0.436 0.05138784696174044 0.09
0 0.5474493623405852 0.6255 0.055138784696174045 0.07
0 0.6104651162790697 0.60675 0.05288822205551388 0.0805
0 0.6562265566391597 0.64425 0.059639909977494375 0.0765
0 0.6500375093773444 0.58225 0.07126781695423856 0.0905
0 0.7218679669917479 0.59625 0.05738934733683421 0.0835
0 0.7657539384846211 0.54975 0.06789197299324831 0.0905
0 0.695423855963991 0.52025 0.0795198799699925 0.0935
0 0.6252813203300825 0.4715 0.06826706676669167 0.093
0 0.5530757689422355 0.45275 0.06564141035258815 0.0875
0 0.5770817704426107 0.54425 0.06564141035258815 0.0865
0 0.5247561890472618 0.5475 0.05701425356339085 0.087
0 0.5534508627156789 0.37225 0.06264066016504126 0.0905
0 0.6234058514628658 0.38175 0.06151537884471118 0.0905
0 0.5386346586646662 0.276 0.06451612903225806 0.094
0 0.5847711927981996 0.2165 0.07801950487621906 0.105
0 0.681357839459865 0.1975 0.07314328582145536 0.109
0 0.6380345086271568 0.31075 0.07351837959489872 0.0975
0 0.6929857464366092 0.37225 0.08139534883720931 0.0945
0 0.719429857464366 0.27475 0.09152288072018004 0.1125
0 0.77344336084021 0.35625 0.09152288072018004 0.1035
0 0.8068267066766691 0.4445 0.07876969242310577 0.101
