0 0.10127531882970743 0.339 0.03675918979744936 0.052
0 0.18829707426856715 0.2765 0.035258814703675916 0.055
0 0.06395348837209303 0.4725 0.036384096024006 0.044
0 0.12378094523630907 0.4245 0.03225806451612903 0.05
0 0.17479369842460615 0.345 0.035258814703675916 0.054
0 0.1159039759939985 0.4765 0.03600900225056264 0.051
0 0.1159039759939985 0.52175 0.02700675168792198 0.0425
0 0.1342835708927232 0.51275 0.03375843960990248 0.0475
0 0.15360090022505626 0.44175 0.034133533383345835 0.0485
0 0.19092273068267065 0.39725 0.02700675168792198 0.0445
0 0.20798949737434358 0.37675 0.036384096024006 0.0525
0 0.22636909227306826 0.33825 0.036384096024006 0.0455
0 0.25037509377344336 0.31625 0.037134283570892726 0.0495
0 0.2693173293323331 0.3745 0.03825956489122281 0.049
0 0.30870217554388596 0.36075 0.03900975243810953 0.0525
0 0.3058889722430608 0.311 0.034133533383345835 0.048
0 0.21886721680420104 0.44375 0.04013503375843961 0.0495
0 0.25825206301575393 0.43 0.041635408852213056 0.058
0 0.1879219804951238 0.47825 0.033008252063015754 0.0475
0 0.17179294823705926 0.54475 0.0345086271567892 0.0505
0 0.12659414853713427 0.5725 0.032633158289572396 0.041
0 0.15191297824456115 0.6235 0.030007501875468866 0.046
0 0.1399099774943736 0.6585 0.03375843960990248 0.042
0 0.17948237059264815 0.6145 0.032633158289572396 0.053
0 0.21005251312828208 0.5605 0.03375843960990248 0.047
0 0.2231807951987997 0.521 0.035258814703675916 0.047
0 0.24006001500375093 0.591 0.03075768942235559 0.042
0 0.2068642160540135 0.64325 0.03338334583645911 0.0375
0 0.24193548387096775 0.65325 0.03375843960990248 0.0395
0 0.19617404351087772 0.67475 0.03225806451612903 0.0385
0 0.23049512378094525 0.6745 0.03188297074268567 0.034
0 0.1963615903975994 0.71125 0.03788447111777944 0.0355
0 0.227119279819955 0.76925 0.032633158289572396 0.0415
0 0.26069017254313576 0.6845 0.0277569392348087 0.038
0 0.2891972993248312 0.705 0.03375843960990248 0.041
0 0.2933233308327082 0.65425 0.0345086271567892 0.0385
0 0.2721305326331583 0.584 0.032633158289572396 0.044
0 0.277006751687922 0.526 0.037134283570892726 0.042
0 0.2636909227306827 0.48125 0.019504876219054765 0.0385
0 0.2815078769692423 0.47425 0.034133533383345835 0.0415
0 0.30607651912978245 0.60125 0.03150787696924231 0.0455
0 0.3066391597899475 0.5555 0.030382595648912228 0.045
0 0.3117029257314329 0.50975 0.03675918979744936 0.0435
0 0.32820705176294074 0.44575 0.037509377344336084 0.0455
0 0.3372093023255814 0.39975 0.037509377344336084 0.0465
0 0.345648912228057 0.25775 0.04088522130532633 0.0535
0 0.3794073518379595 0.314 0.03788447111777944 0.052
0 0.38390847711927983 0.36475 0.036384096024006 0.0445
0 0.4127906976744186 0.4 0.036384096024006 0.044
0 0.3885971492873218 0.437 0.03825956489122281 0.048
0 0.3707801950487622 0.462 0.03938484621155289 0.04
0 0.35502625656414105 0.50725 0.03563390847711928 0.0435
0 0.3471492873218305 0.564 0.037134283570892726 0.047
0 0.3345836459114779 0.62075 0.0345086271567892 0.0425
0 0.3353338334583646 0.666 0.0345086271567892 0.041
0 0.36440360090022506 0.65625 0.036384096024006 0.0425
0 0.37284321080270066 0.6075 0.03675918979744936 0.047
0 0.3938484621155289 0.5495 0.033008252063015754 0.041
0 0.40397599399849965 0.503 0.03075768942235559 0.043
0 0.42104276069017255 0.46275 0.032633158289572396 0.0455
0 0.436609152288072 0.35225 0.04051012753188297 0.0485
0 0.4382970742685671 0.304 0.04088522130532633 0.052
0 0.41429107276819205 0.2545 0.03563390847711928 0.049
0 0.42516879219804954 0.1995 0.04238559639909977 0.057
0 0.46511627906976744 0.2295 0.03900975243810953 0.066
0 0.5183795948987246 0.21775 0.04276069017254314 0.0515
0 0.49474868717179293 0.26975 0.03900975243810953 0.0495
0 0.5060015003750937 0.32325 0.04051012753188297 0.0495
0 0.49549887471867965 0.38 0.037509377344336084 0.049
0 0.46136534133533386 0.40725 0.037509377344336084 0.0485
0 0.45480120030007504 0.44975 0.037134283570892726 0.0435
0 0.4941860465116279 0.43825 0.03788447111777944 0.0505
0 0.48930982745686424 0.4985 0.036384096024006 0.049
0 0.47280570142535633 0.53125 0.032633158289572396 0.0415
0 0.43192048012003 0.53 0.03563390847711928 0.044
0 0.45348837209302323 0.58175 0.03375843960990248 0.0505
0 0.41016504126031506 0.61525 0.038634658664666165 0.0395
0 0.4030382595648912 0.64975 0.032633158289572396 0.0395
0 0.3900975243810953 0.68875 0.0345086271567892 0.0425
0 0.4163540885221305 0.72425 0.03675918979744936 0.0365
0 0.4508627156789197 0.71325 0.03975993998499625 0.0505
0 0.4465491372843211 0.6515 0.03938484621155289 0.041
0 0.48537134283570893 0.696 0.033008252063015754 0.028
0 0.48518379594898725 0.667 0.032633158289572396 0.045
0 0.48124531132783194 0.60175 0.03375843960990248 0.0415
0 0.4990622655663916 0.56225 0.030382595648912228 0.0435
0 0.5264441110277569 0.532 0.03338334583645911 0.045
0 0.545198799699925 0.50075 0.03113278319579895 0.0455
0 0.5245686421605401 0.47125 0.032633158289572396 0.0445
0 0.5333833458364591 0.427 0.03375843960990248 0.045
0 0.536384096024006 0.36875 0.03600900225056264 0.0495
0 0.544073518379595 0.2975 0.04013503375843961 0.041
0 0.5883345836459115 0.29725 0.036384096024006 0.0585
0 0.5868342085521381 0.35425 0.04088522130532633 0.0475
0 0.568642160540135 0.40775 0.037509377344336084 0.0425
0 0.5648912228057015 0.4525 0.033008252063015754 0.043
0 0.5836459114778695 0.51225 0.03675918979744936 0.0415
0 0.5652663165791448 0.554 0.037509377344336084 0.047
0 0.5435108777194299 0.59375 0.0345086271567892 0.0495
0 0.5215678919729932 0.6115 0.03188297074268567 0.045
0 0.5206301575393848 0.69325 0.0345086271567892 0.0395
0 0.531695423855964 0.74925 0.03488372093023256 0.0445
0 0.567516879219805 0.749 0.033008252063015754 0.041
0 0.572768192048012 0.6995 0.0345086271567892 0.039
0 0.5622655663915979 0.656 0.033008252063015754 0.046
0 0.5697674418604651 0.6115 0.0345086271567892 0.038
0 0.5992123030757689 0.65325 0.034133533383345835 0.0475
0 0.6055888972243061 0.595 0.03563390847711928 0.045
0 0.6140285071267817 0.54025 0.0345086271567892 0.0385
0 0.6151537884471118 0.487 0.03150787696924231 0.039
0 0.6087771942985747 0.44575 0.037509377344336084 0.0515
0 0.6205926481620405 0.398 0.037134283570892726 0.042
0 0.6264066016504126 0.3165 0.03600900225056264 0.043
0 0.6687921980495124 0.30775 0.03825956489122281 0.0445
0 0.6506001500375094 0.36175 0.03488372093023256 0.0475
0 0.6687921980495124 0.4135 0.03825956489122281 0.045
0 0.6462865716429107 0.46125 0.04051012753188297 0.0495
0 0.6892348087021756 0.461 0.03938484621155289 0.046
0 0.6622280570142536 0.49625 0.03488372093023256 0.0445
0 0.7083645911477869 0.49625 0.04013503375843961 0.0425
0 0.68192048012003 0.54625 0.033008252063015754 0.0385
0 0.6468492123030758 0.557 0.03488372093023256 0.043
0 0.6534133533383346 0.59975 0.03375843960990248 0.0415
0 0.6845461365341335 0.5915 0.03225806451612903 0.045
0 0.6607276819204801 0.642 0.03338334583645911 0.043
0 0.6858589647411854 0.64125 0.025131282820705175 0.0375
0 0.6265941485371342 0.63025 0.032633158289572396 0.0375
0 0.6354088522130532 0.66875 0.03600900225056264 0.0395
0 0.6160915228807202 0.70275 0.03488372093023256 0.0395
0 0.6069017254313578 0.758 0.037509377344336084 0.039
0 0.6410352588147037 0.74725 0.030007501875468866 0.0425
0 0.6524756189047262 0.70825 0.03488372093023256 0.0405
0 0.681357839459865 0.7255 0.036384096024006 0.04
0 0.7076144036009002 0.73875 0.028882220555138786 0.0385
0 0.7117404351087772 0.68625 0.034133533383345835 0.0395
0 0.7404351087771943 0.6495 0.03150787696924231 0.037
0 0.7143660915228808 0.60725 0.03188297074268567 0.0395
0 0.718304576144036 0.5735 0.0345086271567892 0.042
0 0.7297449362340586 0.532 0.03338334583645911 0.043
0 0.7192423105776444 0.453 0.03338334583645911 0.047
0 0.7126781695423856 0.3905 0.037509377344336084 0.04
0 0.7304951237809453 0.3475 0.034133533383345835 0.045
0 0.7878844711177795 0.37425 0.038634658664666165 0.0465
0 0.8252063015753939 0.377 0.033008252063015754 0.05
0 0.7584396099024756 0.41975 0.03825956489122281 0.0485
0 0.8036384096024006 0.43075 0.037134283570892726 0.0485
0 0.8259564891222806 0.455 0.030007501875468866 0.041
0 0.7700675168792198 0.471 0.037509377344336084 0.045
0 0.7996999249812453 0.4825 0.03150787696924231 0.047
0 0.7608777194298575 0.506 0.034133533383345835 0.037
0 0.7972618154538634 0.53475 0.03488372093023256 0.0455
0 0.7616279069767442 0.562 0.03563390847711928 0.044
0 0.7873218304576144 0.585 0.03225806451612903 0.04
0 0.7627531882970743 0.61375 0.03338334583645911 0.0465
0 0.7725056264066017 0.64525 0.028882220555138786 0.0335
0 0.771755438859715 0.678 0.02138034508627157 0.028
0 0.7595648912228057 0.70225 0.03375843960990248 0.0445
0 0.7646286571642911 0.747 0.02738184546136534 0.036
0 0.7325581395348837 0.7745 0.030007501875468866 0.033
0 0.699549887471868 0.77825 0.033008252063015754 0.0365
0 0.8090772693173294 0.7355 0.030007501875468866 0.038
0 0.8096399099774944 0.67175 0.03563390847711928 0.0325
0 0.8088897224306076 0.62575 0.03338334583645911 0.0405
0 0.8499624906226556 0.66175 0.03075768942235559 0.0425
0 0.8265191297824456 0.5715 0.03113278319579895 0.043
0 0.8578394598649662 0.5865 0.037509377344336084 0.039
0 0.8325206301575394 0.67275 0.012378094523630907 0.0165
0 0.8747186796699175 0.65975 0.019504876219054765 0.0365
0 0.8668417104276069 0.6225 0.029257314328582147 0.035
0 0.9097899474868717 0.62825 0.03113278319579895 0.0305
0 0.9103525881470368 0.5955 0.0345086271567892 0.043
0 0.9309827456864216 0.5785 0.029257314328582147 0.038
0 0.9300450112528132 0.53675 0.034133533383345835 0.0415
0 0.8897224306076519 0.54925 0.0345086271567892 0.0415
0 0.8565266316579144 0.53975 0.03338334583645911 0.0425
0 0.8394598649662416 0.52 0.03975993998499625 0.047
0 0.8705926481620405 0.50225 0.03600900225056264 0.0425
0 0.8923480870217554 0.49125 0.0277569392348087 0.0475
0 0.8700300075018754 0.441 0.03113278319579895 0.043
0 0.8345836459114778 0.4095 0.03375843960990248 0.039
