0 0.12940735183795948 0.31125 0.06826706676669167 0.0935
0 0.17798199549887472 0.395 0.06864216054013503 0.077
0 0.13878469617404351 0.411 0.06976744186046512 0.08
0 0.17216804201050262 0.4855 0.06676669167291822 0.081
0 0.21136534133533383 0.45725 0.06939234808702176 0.0725
0 0.2220555138784696 0.55025 0.06301575393848462 0.0755
0 0.25468867216804203 0.60275 0.06976744186046512 0.0795
0 0.32126781695423856 0.6405 0.059639909977494375 0.066
0 0.2895723930982746 0.5725 0.06376594148537135 0.06
0 0.2691297824456114 0.515 0.06639159789947487 0.077
0 0.24643660915228807 0.42525 0.07351837959489872 0.0915
0 0.21886721680420104 0.32025 0.06489122280570142 0.0995
0 0.2786946736684171 0.38625 0.07576894223555888 0.1015
0 0.3152663165791448 0.463 0.0603900975243811 0.084
0 0.3435858964741185 0.5285 0.07201800450112528 0.077
0 0.3647786946736684 0.594 0.06639159789947487 0.064
0 0.3929107276819205 0.6525 0.059639909977494375 0.072
0 0.4519879969992498 0.67425 0.0622655663915979 0.0615
0 0.42366841710427605 0.61525 0.059639909977494375 0.0705
0 0.4036009002250563 0.55 0.06451612903225806 0.074
0 0.4051012753188297 0.47725 0.0622655663915979 0.0835
0 0.3657164291072768 0.401 0.07201800450112528 0.083
0 0.4253563390847712 0.42125 0.07876969242310577 0.0885
0 0.4737434358589647 0.5015 0.06976744186046512 0.075
0 0.49868717179294825 0.4305 0.061890472618154536 0.078
0 0.47449362340585144 0.56325 0.06451612903225806 0.0685
0 0.4891222805701425 0.62675 0.06751687921980495 0.0685
0 0.5153788447111778 0.70075 0.06526631657914479 0.0655
0 0.5341335333833458 0.75 0.06301575393848462 0.064
0 0.5615153788447111 0.6515 0.056264066016504126 0.073
0 0.5453863465866466 0.549 0.06676669167291822 0.076
0 0.5622655663915979 0.47525 0.07576894223555888 0.0845
0 0.16429107276819205 0.23875 0.0690172543135784 0.0905
0 0.2297449362340585 0.212 0.07164291072768192 0.092
0 0.2786946736684171 0.28025 0.08252063015753938 0.0925
0 0.30307576894223553 0.162 0.0690172543135784 0.099
0 0.37528132033008255 0.25325 0.06864216054013503 0.0965
0 0.4060390097524381 0.1395 0.07389347336834208 0.096
0 0.4510502625656414 0.23075 0.07839459864966242 0.1005
0 0.4467366841710428 0.30475 0.07576894223555888 0.0855
0 0.5335708927231808 0.3265 0.07914478619654913 0.089
0 0.545198799699925 0.251 0.07914478619654913 0.089
0 0.6350337584396099 0.3125 0.08327081770442611 0.1
0 0.7027381845461366 0.38375 0.07764441110277569 0.1035
0 0.7068642160540135 0.4835 0.07239309827456865 0.097
0 0.6110277569392348 0.4025 0.08252063015753938 0.086
0 0.6445986496624156 0.46625 0.06864216054013503 0.0935
0 0.7636909227306826 0.48775 0.05926481620405101 0.0745
0 0.6119654913728432 0.55325 0.06789197299324831 0.0775
0 0.6828582145536384 0.564 0.07314328582145536 0.073
0 0.7259939984996249 0.59775 0.06939234808702176 0.0775
0 0.7920105026256564 0.5945 0.07164291072768192 0.08
0 0.7790697674418605 0.66375 0.072768192048012 0.0655
0 0.6575393848462115 0.642 0.07351837959489872 0.076
0 0.6993623405851462 0.669 0.06939234808702176 0.071
0 0.7460615153788447 0.716 0.07501875468867217 0.063
0 0.6265941485371342 0.699 0.0671417854463616 0.067
0 0.6521005251312828 0.736 0.06864216054013503 0.056
0 0.6160915228807202 0.7885 0.05438859714928732 0.067
0 0.6657914478619655 0.81525 0.06451612903225806 0.0625
0 0.7093023255813954 0.77225 0.07351837959489872 0.0655
