0 0.08664666166541636 0.6265 0.042010502625656414 0.043
0 0.06845461365341335 0.51775 0.03788447111777944 0.0535
0 0.09827456864216054 0.54875 0.03600900225056264 0.0445
0 0.11327831957989497 0.51 0.04051012753188297 0.04
0 0.17404351087771944 0.75575 0.03900975243810953 0.0335
0 0.17666916729182294 0.6995 0.03375843960990248 0.03
0 0.159039759939985 0.67075 0.04126031507876969 0.0465
0 0.1781695423855964 0.59125 0.03075768942235559 0.0395
0 0.13278319579894973 0.59925 0.03375843960990248 0.0385
0 0.14084771192798198 0.553 0.04013503375843961 0.042
0 0.1629782445611403 0.47 0.04088522130532633 0.043
0 0.14591147786946737 0.439 0.037509377344336084 0.045
0 0.1447861965491373 0.308 0.03675918979744936 0.051
0 0.18342085521380344 0.29225 0.033008252063015754 0.0505
0 0.19504876219054765 0.3425 0.04126031507876969 0.056
0 0.1800450112528132 0.38275 0.0277569392348087 0.0485
0 0.1837959489872468 0.42875 0.042010502625656414 0.0505
0 0.20555138784696175 0.469 0.0345086271567892 0.039
0 0.19186046511627908 0.52125 0.034133533383345835 0.0475
0 0.20386346586646661 0.60925 0.03488372093023256 0.0385
0 0.20198799699924982 0.63925 0.03488372093023256 0.0435
0 0.20798949737434358 0.66825 0.03938484621155289 0.0345
0 0.23930982745686422 0.63975 0.03600900225056264 0.0395
0 0.24456114028507125 0.57175 0.03375843960990248 0.0385
0 0.21942985746436608 0.53925 0.03675918979744936 0.0405
0 0.2432483120780195 0.45475 0.036384096024006 0.0445
0 0.2308702175543886 0.41475 0.03113278319579895 0.0395
0 0.24081020255063765 0.38925 0.03600900225056264 0.0375
0 0.2241185296324081 0.2585 0.038634658664666165 0.044
0 0.23724681170292572 0.15075 0.034133533383345835 0.0505
0 0.30120030007501875 0.11625 0.03675918979744936 0.0535
0 0.3057014253563391 0.20525 0.0345086271567892 0.0485
0 0.25881470367591897 0.27175 0.03675918979744936 0.0505
0 0.25731432858214554 0.31775 0.03375843960990248 0.0455
0 0.28394598649662417 0.32725 0.03825956489122281 0.0515
0 0.29088522130532635 0.3565 0.037134283570892726 0.035
0 0.26462865716429107 0.43975 0.034133533383345835 0.0495
0 0.2616279069767442 0.54775 0.03488372093023256 0.0425
0 0.27756939234808703 0.7885 0.033008252063015754 0.034
0 0.2526256564141035 0.73675 0.03188297074268567 0.0335
0 0.2595648912228057 0.71125 0.03900975243810953 0.0285
0 0.29182295573893474 0.7355 0.03150787696924231 0.035
0 0.27663165791447863 0.6315 0.032633158289572396 0.033
0 0.3006376594148537 0.64325 0.028882220555138786 0.0385
0 0.29519879969992496 0.56225 0.03225806451612903 0.0375
0 0.309264816204051 0.5755 0.030382595648912228 0.033
0 0.3152663165791448 0.50425 0.03338334583645911 0.0415
0 0.29426106526631657 0.465 0.041635408852213056 0.04
0 0.30007501875468867 0.43175 0.03600900225056264 0.0435
0 0.31939234808702177 0.3955 0.03563390847711928 0.042
0 0.3207051762940735 0.35225 0.03825956489122281 0.0425
0 0.3285821455363841 0.23825 0.03225806451612903 0.0475
0 0.3524006001500375 0.1835 0.037134283570892726 0.051
0 0.38897224306076517 0.1615 0.033008252063015754 0.049
0 0.3756564141035259 0.2405 0.03788447111777944 0.054
0 0.3529632408102025 0.34 0.03600900225056264 0.05
0 0.35858964741185295 0.372 0.0345086271567892 0.034
0 0.4022880720180045 0.2165 0.04538634658664666 0.058
0 0.43285821455363843 0.15125 0.035258814703675916 0.0485
0 0.47280570142535633 0.1745 0.04013503375843961 0.057
0 0.49681170292573146 0.199 0.04238559639909977 0.056
0 0.44111027756939236 0.2495 0.03975993998499625 0.06
0 0.4051012753188297 0.266 0.03675918979744936 0.05
0 0.47355588897224304 0.2595 0.03563390847711928 0.054
0 0.40153788447111777 0.331 0.041635408852213056 0.047
0 0.47580645161290325 0.3085 0.03488372093023256 0.056
0 0.43642160540135033 0.3695 0.03563390847711928 0.043
0 0.48255813953488375 0.34475 0.03563390847711928 0.0415
0 0.3614028507126782 0.41175 0.04013503375843961 0.0465
0 0.38915978994748684 0.392 0.04088522130532633 0.043
0 0.5065641410352588 0.38725 0.028882220555138786 0.0435
0 0.4645536384096024 0.42175 0.03113278319579895 0.0465
0 0.404351087771943 0.4255 0.035258814703675916 0.04
0 0.33233308327081773 0.4605 0.035258814703675916 0.041
0 0.3801575393848462 0.45425 0.034133533383345835 0.0395
0 0.4461740435108777 0.436 0.03113278319579895 0.047
0 0.49624906226556637 0.42825 0.03900975243810953 0.0465
0 0.46680420105026255 0.4915 0.038634658664666165 0.042
0 0.41766691672918227 0.47875 0.03788447111777944 0.0415
0 0.3599024756189047 0.504 0.03938484621155289 0.044
0 0.3975993998499625 0.5025 0.03375843960990248 0.041
0 0.4262940735183796 0.52825 0.028882220555138786 0.0425
0 0.47449362340585144 0.51425 0.03150787696924231 0.0355
0 0.5093773443360841 0.5195 0.03225806451612903 0.046
0 0.505251312828207 0.58275 0.033008252063015754 0.0385
0 0.4604276069017254 0.57 0.032633158289572396 0.04
0 0.4397974493623406 0.578 0.029632408102025505 0.037
0 0.3812828207051763 0.593 0.038634658664666165 0.045
0 0.3531507876969242 0.5775 0.03563390847711928 0.04
0 0.33927231807951985 0.601 0.029632408102025505 0.036
0 0.31939234808702177 0.639 0.03488372093023256 0.037
0 0.35783945986496624 0.62575 0.033008252063015754 0.0395
0 0.39497374343585895 0.62475 0.02700675168792198 0.0415
0 0.44017254313578397 0.63525 0.032633158289572396 0.0355
0 0.4722430607651913 0.614 0.03150787696924231 0.034
0 0.4836834208552138 0.66375 0.03113278319579895 0.0405
0 0.45742685671417854 0.67175 0.03188297074268567 0.0315
0 0.4206676669167292 0.653 0.034133533383345835 0.039
0 0.37209302325581395 0.6535 0.029257314328582147 0.038
0 0.33402100525131284 0.69875 0.03563390847711928 0.0385
0 0.359152288072018 0.702 0.02663165791447862 0.035
0 0.386721680420105 0.69925 0.03075768942235559 0.0335
0 0.427231807951988 0.712 0.03150787696924231 0.033
0 0.49568642160540133 0.7155 0.03113278319579895 0.033
0 0.4701800450112528 0.74 0.03488372093023256 0.034
0 0.43642160540135033 0.74275 0.030382595648912228 0.0315
0 0.39403600900225055 0.73525 0.03113278319579895 0.0335
0 0.3207051762940735 0.7435 0.033008252063015754 0.036
0 0.35521380345086273 0.788 0.03150787696924231 0.04
0 0.4006001500375094 0.77675 0.033008252063015754 0.0365
0 0.4714928732183046 0.7935 0.030007501875468866 0.035
0 0.5048762190547637 0.7705 0.033008252063015754 0.05
0 0.572768192048012 0.896 0.03375843960990248 0.034
0 0.5153788447111778 0.82875 0.029257314328582147 0.0325
0 0.6151537884471118 0.8355 0.02625656414103526 0.033
0 0.6451612903225806 0.81225 0.024006001500375095 0.0275
0 0.541072768192048 0.794 0.030382595648912228 0.035
0 0.5731432858214554 0.777 0.024006001500375095 0.028
0 0.6112153038259565 0.78475 0.03113278319579895 0.0285
0 0.6340960240060015 0.7655 0.034133533383345835 0.033
0 0.5847711927981996 0.7655 0.029257314328582147 0.028
0 0.6129032258064516 0.75475 0.030007501875468866 0.0325
0 0.6624156039009752 0.728 0.023255813953488372 0.031
0 0.6511627906976745 0.7255 0.029257314328582147 0.032
0 0.6147786946736684 0.711 0.03675918979744936 0.031
0 0.5759564891222806 0.72575 0.034133533383345835 0.0375
0 0.5285071267816954 0.75025 0.03675918979744936 0.0335
0 0.5279444861215303 0.716 0.03113278319579895 0.036
0 0.5532633158289573 0.69725 0.029257314328582147 0.0255
0 0.5144411102775694 0.63925 0.03488372093023256 0.0425
0 0.577456864216054 0.66675 0.030382595648912228 0.0375
0 0.613278319579895 0.6825 0.03375843960990248 0.03
0 0.6400975243810952 0.66775 0.028132033008252063 0.0295
0 0.6815453863465867 0.67025 0.03150787696924231 0.0325
0 0.542198049512378 0.628 0.02738184546136534 0.032
0 0.632033008252063 0.6265 0.024756189047261814 0.038
0 0.6460990247561891 0.61175 0.02738184546136534 0.0385
0 0.6785446361590397 0.64325 0.037509377344336084 0.0325
0 0.6746061515378845 0.627 0.03563390847711928 0.037
0 0.540510127531883 0.58775 0.03375843960990248 0.0385
0 0.5755813953488372 0.59875 0.034133533383345835 0.0435
0 0.5960240060015004 0.58875 0.02700675168792198 0.0345
0 0.7160540135033758 0.6175 0.03600900225056264 0.039
0 0.7406226556639159 0.5755 0.03188297074268567 0.043
0 0.7134283570892723 0.5855 0.025506376594148537 0.037
0 0.7308702175543886 0.5485 0.03488372093023256 0.044
0 0.6789197299324832 0.558 0.030007501875468866 0.039
0 0.6430982745686422 0.56 0.03563390847711928 0.037
0 0.6007126781695424 0.55775 0.034133533383345835 0.0375
0 0.5423855963990998 0.50625 0.03150787696924231 0.0355
0 0.5690172543135784 0.52825 0.035258814703675916 0.0365
0 0.5960240060015004 0.52125 0.03975993998499625 0.0425
0 0.6269692423105776 0.48725 0.032633158289572396 0.0415
0 0.6406601650412603 0.487 0.024006001500375095 0.036
0 0.7021755438859715 0.51025 0.03225806451612903 0.0405
0 0.7248687171792948 0.48825 0.03938484621155289 0.0385
0 0.7541260315078769 0.501 0.03788447111777944 0.048
0 0.7524381095273819 0.526 0.03075768942235559 0.021
0 0.7608777194298575 0.45925 0.03188297074268567 0.0435
0 0.7419354838709677 0.45125 0.03375843960990248 0.0415
0 0.6740435108777194 0.469 0.03675918979744936 0.042
0 0.5543885971492873 0.475 0.03150787696924231 0.04
0 0.5150037509377344 0.48025 0.03375843960990248 0.0435
0 0.5251312828207052 0.4185 0.028507126781695424 0.038
0 0.5562640660165041 0.41775 0.03600900225056264 0.0475
0 0.5778319579894974 0.43675 0.03488372093023256 0.0405
0 0.6070892723180795 0.4115 0.03488372093023256 0.041
0 0.6498499624906227 0.41925 0.037134283570892726 0.0455
0 0.6721680420105026 0.41775 0.028507126781695424 0.0335
0 0.7567516879219804 0.39675 0.03188297074268567 0.0465
0 0.731245311327832 0.38975 0.032633158289572396 0.0465
0 0.7113653413353338 0.374 0.03938484621155289 0.052
0 0.6890472618154538 0.38475 0.024756189047261814 0.0415
0 0.6522880720180045 0.38775 0.03675918979744936 0.0435
0 0.590960240060015 0.38425 0.037134283570892726 0.0405
0 0.5183795948987246 0.34 0.0345086271567892 0.05
0 0.5502625656414104 0.348 0.0345086271567892 0.044
0 0.5963990997749438 0.35275 0.04351087771942986 0.0495
0 0.6686046511627907 0.34025 0.03938484621155289 0.0445
0 0.7231807951987997 0.295 0.03975993998499625 0.047
0 0.6854838709677419 0.282 0.043135783945986494 0.052
0 0.627906976744186 0.32025 0.03825956489122281 0.0475
0 0.5894598649662416 0.301 0.041635408852213056 0.055
0 0.5602025506376594 0.30975 0.028882220555138786 0.0315
0 0.5105026256564141 0.29175 0.0345086271567892 0.0335
0 0.514066016504126 0.25775 0.041635408852213056 0.0555
0 0.5528882220555139 0.28225 0.04051012753188297 0.0445
0 0.5277569392348087 0.16225 0.04276069017254314 0.0475
0 0.5341335333833458 0.2165 0.04576144036009002 0.056
0 0.5902100525131283 0.177 0.04013503375843961 0.063
0 0.5857089272318079 0.24625 0.043135783945986494 0.0565
0 0.6312828207051763 0.198 0.03675918979744936 0.058
0 0.6515378844711178 0.246 0.04426106526631658 0.064
0 0.7743810952738185 0.62025 0.037134283570892726 0.0335
0 0.7835708927231808 0.59075 0.0345086271567892 0.0405
0 0.8068267066766691 0.55475 0.030007501875468866 0.0365
0 0.7884471117779445 0.52875 0.037509377344336084 0.0455
0 0.780570142535634 0.49375 0.03075768942235559 0.0405
0 0.7978244561140285 0.472 0.0345086271567892 0.046
0 0.826331582895724 0.4945 0.04051012753188297 0.049
0 0.8340210052513128 0.418 0.03788447111777944 0.041
0 0.8051387846961741 0.40025 0.041635408852213056 0.0455
0 0.8443360840210052 0.377 0.03975993998499625 0.052
0 0.8002625656414104 0.359 0.036384096024006 0.046
0 0.7597524381095274 0.243 0.03488372093023256 0.061
0 0.7801950487621906 0.3105 0.0450112528132033 0.054
0 0.8752813203300825 0.33425 0.034133533383345835 0.0495
