0 0.08102025506376594 0.496 0.05101275318829707 0.071
0 0.10783945986496624 0.59425 0.055138784696174045 0.1025
0 0.1569767441860465 0.6415 0.05888972243060765 0.088
0 0.16822955738934733 0.56875 0.0641410352588147 0.0765
0 0.23443360840210054 0.57525 0.05926481620405101 0.0825
0 0.2623780945236309 0.637 0.061140285071267814 0.087
0 0.33064516129032256 0.6415 0.055138784696174045 0.092
0 0.39122280570142537 0.61175 0.06451612903225806 0.0885
0 0.4579894973743436 0.60475 0.0622655663915979 0.0895
0 0.5110652663165791 0.57175 0.06639159789947487 0.0895
0 0.2946361590397599 0.57125 0.05738934733683421 0.0835
0 0.3471492873218305 0.5545 0.05438859714928732 0.075
0 0.4105401350337584 0.529 0.0603900975243811 0.085
0 0.4788072018004501 0.51225 0.05813953488372093 0.0795
0 0.5478244561140285 0.50775 0.06864216054013503 0.0805
0 0.582708177044261 0.57625 0.06639159789947487 0.0875
0 0.13840960240060016 0.51025 0.05326331582895724 0.0775
0 0.19073518379594898 0.495 0.061140285071267814 0.077
0 0.25225056264066015 0.50575 0.059639909977494375 0.0775
0 0.309264816204051 0.4935 0.0603900975243811 0.077
0 0.3659039759939985 0.474 0.05888972243060765 0.086
0 0.44579894973743434 0.419 0.05813953488372093 0.089
0 0.5078769692423106 0.432 0.058514628657164294 0.085
0 0.5652663165791448 0.42675 0.06526631657914479 0.0835
0 0.554576144036009 0.35625 0.05813953488372093 0.0785
0 0.49174793698424607 0.36525 0.06001500375093773 0.0755
0 0.42948237059264815 0.36225 0.056264066016504126 0.0675
0 0.3606526631657914 0.39275 0.06489122280570142 0.0745
0 0.30045011252813203 0.4145 0.06451612903225806 0.07
0 0.22074268567141786 0.42825 0.055138784696174045 0.0675
0 0.16016504126031508 0.44975 0.05101275318829707 0.0675
0 0.10090022505626407 0.42 0.05701425356339085 0.072
0 0.13484621155288823 0.35875 0.050637659414853715 0.0715
0 0.1761065266316579 0.3765 0.05738934733683421 0.064
0 0.2653788447111778 0.388 0.0603900975243811 0.07
0 0.31114028507126784 0.355 0.05438859714928732 0.072
0 0.3687171792948237 0.327 0.06376594148537135 0.078
0 0.4167291822955739 0.279 0.05926481620405101 0.063
0 0.4754313578394599 0.306 0.05738934733683421 0.067
0 0.5371342835708928 0.284 0.06001500375093773 0.07
0 0.5939609902475619 0.278 0.061140285071267814 0.087
0 0.596211552888222 0.19175 0.061140285071267814 0.0805
0 0.5300075018754689 0.169 0.06301575393848462 0.083
0 0.48124531132783194 0.17175 0.05326331582895724 0.0655
0 0.4782445611402851 0.2315 0.06001500375093773 0.065
0 0.4214178544636159 0.20375 0.06339084771192798 0.0725
0 0.4279819954988747 0.13975 0.05776444111027757 0.0685
0 0.35671417854463616 0.131 0.060765191297824456 0.063
0 0.35952738184546135 0.18525 0.05888972243060765 0.0715
0 0.32126781695423856 0.20825 0.050637659414853715 0.0705
0 0.30795198799699924 0.2695 0.04951237809452363 0.083
0 0.2794448612153038 0.25225 0.04126031507876969 0.0705
0 0.2659414853713428 0.31375 0.06001500375093773 0.0755
0 0.21624156039009754 0.323 0.0536384096024006 0.071
0 0.1609152288072018 0.2985 0.056264066016504126 0.064
0 0.23162040510127532 0.26675 0.05138784696174044 0.0595
0 0.6526631657914479 0.255 0.060765191297824456 0.072
0 0.7250562640660165 0.27775 0.06976744186046512 0.0875
0 0.8083270817704427 0.2765 0.06301575393848462 0.082
0 0.8709677419354839 0.29175 0.06601650412603151 0.0855
0 0.8803450862715679 0.384 0.06751687921980495 0.089
0 0.8235183795948987 0.3705 0.07164291072768192 0.092
0 0.7633158289572393 0.33525 0.06976744186046512 0.0915
0 0.6804201050262566 0.3175 0.06301575393848462 0.084
0 0.6149662415603901 0.3495 0.0641410352588147 0.08
0 0.6532258064516129 0.41 0.07464366091522881 0.088
0 0.7145536384096024 0.39275 0.07051762940735183 0.0875
0 0.6162790697674418 0.48675 0.07351837959489872 0.0725
0 0.6894223555888972 0.491 0.06976744186046512 0.091
0 0.7511252813203301 0.457 0.06864216054013503 0.086
0 0.8207051762940735 0.46575 0.07351837959489872 0.0945
0 0.8728432108027007 0.48825 0.06151537884471118 0.0905
0 0.8484621155288822 0.55 0.06976744186046512 0.094
0 0.9227306826706677 0.57025 0.07876969242310577 0.0915
0 0.8805326331582896 0.653 0.07164291072768192 0.084
0 0.7944486121530383 0.616 0.06451612903225806 0.092
0 0.7715678919729932 0.542 0.06526631657914479 0.083
0 0.7188672168042011 0.57275 0.07539384846211553 0.0915
0 0.6470367591897974 0.54725 0.06751687921980495 0.0895
0 0.3600900225056264 0.2585 0.05926481620405101 0.07
