0 0.24062265566391597 0.0955 0.06489122280570142 0.082
0 0.30438859714928734 0.116 0.059639909977494375 0.094
0 0.34583645911477867 0.17575 0.051762940735183796 0.0865
0 0.2895723930982746 0.20075 0.05926481620405101 0.0955
0 0.2518754688672168 0.2245 0.05588897224306077 0.08
0 0.17385596399099776 0.146 0.059639909977494375 0.093
0 0.1474118529632408 0.24225 0.056264066016504126 0.0865
0 0.1656039009752438 0.3165 0.06564141035258815 0.078
0 0.22618154538634658 0.32175 0.05476369092273068 0.0755
0 0.12809452363090773 0.365 0.061890472618154536 0.075
0 0.1886721680420105 0.39275 0.05701425356339085 0.0805
0 0.23255813953488372 0.394 0.05926481620405101 0.071
0 0.28582145536384096 0.3605 0.05401350337584396 0.079
0 0.3126406601650413 0.2935 0.0536384096024006 0.081
0 0.363278319579895 0.27 0.061140285071267814 0.087
0 0.4022880720180045 0.1935 0.05438859714928732 0.092
0 0.436609152288072 0.27075 0.05251312828207052 0.0845
0 0.4846211552888222 0.248 0.06826706676669167 0.083
0 0.5292573143285821 0.18375 0.06751687921980495 0.0935
0 0.550450112528132 0.2715 0.06264066016504126 0.087
0 0.4831207801950488 0.33225 0.06376594148537135 0.0815
0 0.4367966991747937 0.36475 0.059639909977494375 0.0805
0 0.48930982745686424 0.40375 0.056639159789947484 0.0735
0 0.5375093773443361 0.419 0.05326331582895724 0.072
0 0.54576144036009 0.35075 0.05401350337584396 0.0795
0 0.37621905476369094 0.351 0.05776444111027757 0.068
0 0.36946736684171044 0.43325 0.056264066016504126 0.0795
0 0.3152663165791448 0.4305 0.05138784696174044 0.074
0 0.25618904726181546 0.469 0.056264066016504126 0.08
0 0.19617404351087772 0.46525 0.058514628657164294 0.0625
0 0.1352213053263316 0.44325 0.061890472618154536 0.0735
0 0.16147786946736684 0.5145 0.046136534133533386 0.071
0 0.11421605401350338 0.53675 0.0603900975243811 0.0645
0 0.145536384096024 0.5795 0.05326331582895724 0.066
0 0.20273818454613654 0.56775 0.05438859714928732 0.0575
0 0.2402475618904726 0.51725 0.055138784696174045 0.0635
0 0.2768192048012003 0.5745 0.05101275318829707 0.074
0 0.299887471867967 0.6265 0.050637659414853715 0.065
0 0.23124531132783196 0.62925 0.05288822205551388 0.0725
0 0.290510127531883 0.529 0.047636909227306824 0.069
0 0.3312078019504876 0.5235 0.06301575393848462 0.08
0 0.38728432108027006 0.5495 0.05588897224306077 0.078
0 0.3278319579894974 0.5945 0.056264066016504126 0.07
0 0.3493998499624906 0.65425 0.05813953488372093 0.0755
0 0.4240435108777194 0.4555 0.05588897224306077 0.078
0 0.4788072018004501 0.4875 0.05888972243060765 0.083
0 0.52344336084021 0.491 0.059639909977494375 0.075
0 0.4964366091522881 0.5475 0.04913728432108027 0.068
0 0.4283570892723181 0.49775 0.05326331582895724 0.0555
0 0.4424231057764441 0.56925 0.05288822205551388 0.0625
0 0.40491372843210804 0.63275 0.056639159789947484 0.0765
0 0.40566391597899476 0.67775 0.04913728432108027 0.0625
0 0.44692423105776447 0.70825 0.04838709677419355 0.0665
0 0.44898724681170293 0.62275 0.04051012753188297 0.0685
0 0.4836834208552138 0.62975 0.05588897224306077 0.0665
0 0.4780570142535634 0.68 0.0536384096024006 0.068
0 0.49006001500375096 0.7555 0.04538634658664666 0.059
0 0.527006751687922 0.71425 0.05251312828207052 0.0695
0 0.5375093773443361 0.6475 0.05326331582895724 0.067
0 0.5506376594148538 0.584 0.05026256564141035 0.067
0 0.5406976744186046 0.80375 0.04688672168042011 0.0655
0 0.5658289572393098 0.89125 0.05138784696174044 0.0635
0 0.5872093023255814 0.8095 0.036384096024006 0.058
0 0.622093023255814 0.80275 0.04988747186796699 0.0705
0 0.6468492123030758 0.8 0.041635408852213056 0.076
0 0.6997374343585896 0.818 0.046136534133533386 0.066
0 0.7445611402850713 0.77925 0.05326331582895724 0.0605
0 0.7027381845461366 0.728 0.04838709677419355 0.062
0 0.6528507126781695 0.723 0.036384096024006 0.066
0 0.6252813203300825 0.72275 0.04576144036009002 0.0685
0 0.5692048012003 0.74 0.04388597149287322 0.064
0 0.5838334583645911 0.689 0.04988747186796699 0.061
0 0.5988372093023255 0.621 0.052138034508627154 0.06
0 0.6475993998499625 0.641 0.047636909227306824 0.058
0 0.5725806451612904 0.54425 0.0536384096024006 0.0615
0 0.6005251312828207 0.479 0.05926481620405101 0.065
0 0.6288447111777945 0.53425 0.0536384096024006 0.0765
0 0.6352213053263316 0.5725 0.04838709677419355 0.052
0 0.694298574643661 0.504 0.04951237809452363 0.08
0 0.6903600900225056 0.54025 0.05438859714928732 0.0485
0 0.7057389347336834 0.61425 0.050637659414853715 0.0695
0 0.7353713428357089 0.664 0.0536384096024006 0.056
0 0.7696924231057765 0.7195 0.04951237809452363 0.07
0 0.839834958739685 0.71925 0.05926481620405101 0.0735
0 0.7818829707426856 0.6205 0.0536384096024006 0.068
0 0.7348087021755438 0.565 0.04876219054763691 0.063
0 0.667291822955739 0.4215 0.05701425356339085 0.077
0 0.7049887471867967 0.418 0.037134283570892726 0.066
0 0.6181545386346586 0.385 0.060765191297824456 0.071
0 0.5913353338334584 0.31525 0.0536384096024006 0.0725
0 0.6357839459864967 0.25825 0.05926481620405101 0.0795
0 0.6562265566391597 0.33175 0.06264066016504126 0.0775
0 0.7014253563390848 0.27375 0.05401350337584396 0.0855
0 0.7469992498124531 0.35675 0.0641410352588147 0.0865
0 0.7846961740435109 0.39375 0.06376594148537135 0.0805
0 0.7749437359339835 0.4595 0.05326331582895724 0.069
0 0.7659414853713429 0.499 0.05251312828207052 0.052
0 0.792198049512378 0.30975 0.06001500375093773 0.0735
0 0.854463615903976 0.3555 0.0622655663915979 0.082
0 0.9021005251312828 0.3545 0.0555138784696174 0.084
0 0.9152288072018004 0.406 0.056264066016504126 0.071
0 0.8381470367591898 0.427 0.05888972243060765 0.063
0 0.8850337584396099 0.45425 0.0536384096024006 0.0705
0 0.9322955738934734 0.48425 0.05588897224306077 0.0835
0 0.8383345836459115 0.505 0.05326331582895724 0.06
0 0.8244561140285072 0.577 0.047261815453863466 0.067
0 0.8617779444861215 0.60975 0.05588897224306077 0.0765
0 0.9302325581395349 0.575 0.05251312828207052 0.082
