0 0.31470367591897974 0.15325 0.08477119279819954 0.1045
0 0.21792948237059265 0.148 0.08777194298574643 0.105
0 0.17798199549887472 0.24225 0.08214553638409602 0.0955
0 0.1417854463615904 0.3315 0.08552138034508627 0.104
0 0.1592273068267067 0.424 0.07764441110277569 0.099
0 0.1352213053263316 0.539 0.08739684921230308 0.1
0 0.20761440360090022 0.5785 0.08439609902475619 0.099
0 0.22355588897224307 0.3635 0.07651912978244561 0.107
0 0.23124531132783196 0.4775 0.07914478619654913 0.107
0 0.29369842460615153 0.3245 0.08552138034508627 0.101
0 0.3094523630907727 0.41275 0.08102025506376594 0.0935
0 0.3630907726931733 0.253 0.07876969242310577 0.106
0 0.445986496624156 0.2495 0.07576894223555888 0.105
0 0.40660165041260315 0.34275 0.07726931732933233 0.0965
0 0.39497374343585895 0.425 0.07351837959489872 0.101
0 0.34339834958739685 0.4965 0.07989497374343586 0.1
0 0.2845086271567892 0.55325 0.08364591147786947 0.0995
0 0.28750937734433607 0.648 0.08064516129032258 0.091
0 0.2931357839459865 0.74075 0.07539384846211553 0.1025
0 0.3563390847711928 0.794 0.07126781695423856 0.102
0 0.36609152288072017 0.6835 0.06601650412603151 0.101
0 0.41785446361590395 0.835 0.07651912978244561 0.103
0 0.47768192048012004 0.8645 0.06789197299324831 0.083
0 0.5346961740435109 0.919 0.07164291072768192 0.09
0 0.4894973743435859 0.32975 0.07876969242310577 0.1065
0 0.4645536384096024 0.41675 0.08139534883720931 0.1055
0 0.5632033008252063 0.325 0.07239309827456865 0.099
0 0.5570142535633908 0.425 0.07426856714178545 0.103
0 0.5090022505626407 0.5035 0.08177044261065267 0.092
0 0.4242310577644411 0.54775 0.08177044261065267 0.0875
0 0.6785446361590397 0.356 0.06601650412603151 0.089
0 0.617966991747937 0.38825 0.07014253563390847 0.0945
0 0.4281695423855964 0.65325 0.07614403600900226 0.1005
0 0.436046511627907 0.74475 0.07539384846211553 0.0965
0 0.5975243810952738 0.91625 0.06976744186046512 0.0955
0 0.6417854463615904 0.86325 0.0690172543135784 0.0975
0 0.5692048012003 0.84875 0.0671417854463616 0.0925
0 0.5048762190547637 0.775 0.07201800450112528 0.092
0 0.4949362340585146 0.68 0.06264066016504126 0.093
0 0.5480120030007501 0.719 0.06001500375093773 0.092
0 0.609714928732183 0.7695 0.07014253563390847 0.093
0 0.6993623405851462 0.8 0.061890472618154536 0.103
0 0.6802325581395349 0.44975 0.06264066016504126 0.1005
0 0.6102775693923481 0.4785 0.07351837959489872 0.091
0 0.563953488372093 0.55925 0.07539384846211553 0.0925
0 0.5013128282070518 0.60075 0.08064516129032258 0.0975
0 0.5538259564891223 0.64575 0.06864216054013503 0.0845
0 0.6100900225056264 0.6865 0.0708927231807952 0.095
0 0.7379969992498124 0.822 0.0671417854463616 0.092
0 0.8122655663915979 0.77325 0.06264066016504126 0.0885
0 0.731807951987997 0.7495 0.07126781695423856 0.092
0 0.6792948237059265 0.695 0.06451612903225806 0.088
0 0.6265941485371342 0.59725 0.07164291072768192 0.0985
0 0.6896099024756189 0.6155 0.07539384846211553 0.094
0 0.72768192048012 0.6565 0.06301575393848462 0.096
0 0.7931357839459865 0.693 0.07539384846211553 0.089
0 0.8370217554388597 0.61575 0.07389347336834208 0.1005
0 0.6671042760690172 0.53425 0.0708927231807952 0.0825
0 0.7351837959489872 0.5135 0.07351837959489872 0.096
0 0.7620030007501876 0.569 0.07314328582145536 0.092
0 0.7786946736684172 0.46175 0.06826706676669167 0.0895
0 0.8210802700675168 0.52825 0.07651912978244561 0.0905
