0 0.07014253563390847 0.24525 0.06526631657914479 0.0925
0 0.13334583645911477 0.2195 0.06789197299324831 0.089
0 0.1457239309827457 0.3045 0.06264066016504126 0.088
0 0.08964741185296324 0.3375 0.0622655663915979 0.082
0 0.2108027006751688 0.279 0.06601650412603151 0.095
0 0.25543885971492875 0.3515 0.06526631657914479 0.088
0 0.17198049512378094 0.386 0.0641410352588147 0.094
0 0.11946736684171043 0.404 0.0641410352588147 0.087
0 0.1695423855963991 0.47025 0.056264066016504126 0.0795
0 0.11984246061515379 0.4775 0.050637659414853715 0.072
0 0.22111777944486122 0.42325 0.06339084771192798 0.0815
0 0.2826331582895724 0.4365 0.0671417854463616 0.082
0 0.22486871717929482 0.5005 0.059639909977494375 0.077
0 0.28188297074268565 0.51525 0.061140285071267814 0.0905
0 0.3345836459114779 0.53525 0.06601650412603151 0.0725
0 0.36196549137284323 0.58975 0.058514628657164294 0.0675
0 0.30438859714928734 0.598 0.059639909977494375 0.077
0 0.24568642160540136 0.57325 0.06151537884471118 0.0785
0 0.17160540135033758 0.58175 0.06339084771192798 0.0805
0 0.07933233308327081 0.57875 0.06489122280570142 0.0795
0 0.14028507126781695 0.61975 0.05326331582895724 0.0775
0 0.17685671417854465 0.68975 0.05588897224306077 0.0795
0 0.2087396849212303 0.633 0.05588897224306077 0.065
0 0.25975243810952736 0.64275 0.055138784696174045 0.0795
0 0.23312078019504875 0.70875 0.059639909977494375 0.0795
0 0.2940735183795949 0.70175 0.05326331582895724 0.0825
0 0.33570892723180795 0.6655 0.060765191297824456 0.082
0 0.34414853713428356 0.735 0.06339084771192798 0.071
0 0.3951612903225806 0.64875 0.055138784696174045 0.0775
0 0.20367591897974494 0.74475 0.05401350337584396 0.0595
0 0.25525131282820707 0.76825 0.04463615903975994 0.0605
0 0.30776444111027756 0.76225 0.050637659414853715 0.0505
0 0.33402100525131284 0.8305 0.05288822205551388 0.064
0 0.3681545386346587 0.80325 0.05438859714928732 0.0685
0 0.2835708927231808 0.82625 0.056264066016504126 0.0725
0 0.20048762190547637 0.8175 0.06339084771192798 0.06
0 0.2336834208552138 0.8615 0.04876219054763691 0.072
0 0.2835708927231808 0.88075 0.04951237809452363 0.0645
0 0.3327081770442611 0.8975 0.056264066016504126 0.062
0 0.38465866466616655 0.8925 0.04838709677419355 0.062
0 0.3977869467366842 0.84775 0.055138784696174045 0.0665
0 0.4189797449362341 0.78825 0.051762940735183796 0.0735
0 0.4399849962490623 0.83925 0.03975993998499625 0.0575
0 0.45555138784696175 0.7885 0.038634658664666165 0.063
0 0.48705926481620404 0.833 0.04838709677419355 0.06
0 0.481807951987997 0.7715 0.05288822205551388 0.067
0 0.5123780945236309 0.78125 0.04351087771942986 0.0645
0 0.5523255813953488 0.79675 0.04388597149287322 0.0605
0 0.6039009752438109 0.79625 0.047261815453863466 0.0625
0 0.5633908477119279 0.7475 0.047261815453863466 0.06
0 0.4988747186796699 0.71025 0.05401350337584396 0.0695
0 0.4442985746436609 0.67875 0.056639159789947484 0.0705
0 0.4324831207801951 0.61075 0.05926481620405101 0.0755
0 0.40172543135783945 0.545 0.05776444111027757 0.068
0 0.37021755438859716 0.4785 0.06676669167291822 0.074
0 0.3469617404351088 0.412 0.060765191297824456 0.079
0 0.3242685671417854 0.3385 0.06264066016504126 0.086
0 0.382033008252063 0.348 0.059639909977494375 0.089
0 0.4122280570142536 0.41675 0.05926481620405101 0.0805
0 0.43210802700675166 0.4865 0.0622655663915979 0.078
0 0.45817704426106526 0.5355 0.052138034508627154 0.067
0 0.5033758439609902 0.57725 0.05926481620405101 0.0795
0 0.5303825956489122 0.64275 0.05401350337584396 0.0705
0 0.572205551387847 0.61575 0.046136534133533386 0.0725
0 0.5752063015753939 0.5415 0.05138784696174044 0.061
0 0.5247561890472618 0.5095 0.047261815453863466 0.063
0 0.49624906226556637 0.4645 0.051762940735183796 0.072
0 0.4720555138784696 0.4035 0.05738934733683421 0.073
0 0.5253188297074268 0.3945 0.050637659414853715 0.075
0 0.4377344336084021 0.33725 0.05401350337584396 0.0735
0 0.3115153788447112 0.2165 0.061890472618154536 0.082
0 0.35090022505626406 0.26875 0.0641410352588147 0.0835
0 0.4187921980495124 0.26625 0.05888972243060765 0.0835
0 0.4748687171792948 0.27625 0.0555138784696174 0.0875
0 0.5225056264066017 0.32075 0.06451612903225806 0.0805
0 0.5765191297824456 0.291 0.05251312828207052 0.08
0 0.5935858964741185 0.3625 0.05138784696174044 0.075
0 0.6112153038259565 0.23675 0.052138034508627154 0.0745
0 0.6391597899474869 0.31225 0.058514628657164294 0.0815
0 0.6481620405101275 0.3885 0.05776444111027757 0.077
0 0.5729557389347337 0.43075 0.055138784696174045 0.0785
0 0.5982745686421606 0.48775 0.04876219054763691 0.0675
0 0.6764816204051013 0.33675 0.052138034508627154 0.0735
0 0.771755438859715 0.27625 0.0708927231807952 0.0805
0 0.7788822205551388 0.35025 0.059639909977494375 0.0775
0 0.8201425356339085 0.3895 0.04838709677419355 0.072
0 0.7796324081020255 0.42025 0.055138784696174045 0.0785
0 0.7027381845461366 0.4345 0.05738934733683421 0.078
0 0.6644786196549137 0.46675 0.05438859714928732 0.0725
0 0.6987996999249813 0.5035 0.05326331582895724 0.065
0 0.7569392348087022 0.483 0.05701425356339085 0.073
0 0.7970742685671418 0.486 0.04876219054763691 0.07
0 0.8630907726931732 0.45275 0.06001500375093773 0.0745
0 0.913728432108027 0.52175 0.05251312828207052 0.0755
0 0.849774943735934 0.5425 0.05138784696174044 0.072
0 0.8540885221305327 0.61025 0.047261815453863466 0.0725
0 0.764066016504126 0.5445 0.04801200300075019 0.066
0 0.7828207051762941 0.5755 0.04951237809452363 0.054
0 0.6526631657914479 0.53 0.05026256564141035 0.062
0 0.6781695423855963 0.57 0.05101275318829707 0.062
0 0.6290322580645161 0.5935 0.0450112528132033 0.067
0 0.617966991747937 0.664 0.050637659414853715 0.063
0 0.671980495123781 0.64325 0.05138784696174044 0.0685
0 0.7019879969992499 0.6595 0.04238559639909977 0.064
0 0.717741935483871 0.5925 0.04913728432108027 0.055
0 0.7676294073518379 0.65225 0.050637659414853715 0.0705
0 0.8100150037509377 0.661 0.047636909227306824 0.07
0 0.7430607651912978 0.7045 0.04801200300075019 0.061
0 0.6687921980495124 0.70425 0.04951237809452363 0.0645
0 0.6922355588897224 0.72775 0.04388597149287322 0.0585
0 0.6114028507126782 0.725 0.04426106526631658 0.064
0 0.6445986496624156 0.755 0.047636909227306824 0.06
