0 0.10596399099774943 0.41225 0.0641410352588147 0.0745
0 0.08477119279819954 0.5005 0.05701425356339085 0.058
0 0.10483870967741936 0.58225 0.04688672168042011 0.0675
0 0.10746436609152288 0.65475 0.050637659414853715 0.0575
0 0.1436609152288072 0.599 0.05026256564141035 0.073
0 0.1676669167291823 0.644 0.05776444111027757 0.062
0 0.20442610652663165 0.57775 0.047261815453863466 0.0665
0 0.23199549887471868 0.6335 0.055138784696174045 0.068
0 0.24681170292573143 0.57525 0.05251312828207052 0.0585
0 0.21867966991747936 0.52525 0.04801200300075019 0.0635
0 0.16016504126031508 0.52975 0.05251312828207052 0.0665
0 0.13747186796699173 0.46625 0.050637659414853715 0.0615
0 0.1858589647411853 0.476 0.05138784696174044 0.061
0 0.16504126031507876 0.41875 0.05701425356339085 0.0585
0 0.15453863465866466 0.362 0.04951237809452363 0.068
0 0.19598649662415604 0.3135 0.05438859714928732 0.061
0 0.21942985746436608 0.3735 0.05101275318829707 0.062
0 0.22786946736684172 0.437 0.05288822205551388 0.066
0 0.2786946736684171 0.4445 0.047261815453863466 0.061
0 0.2627531882970743 0.3695 0.04688672168042011 0.066
0 0.31114028507126784 0.398 0.04538634658664666 0.063
0 0.3278319579894974 0.45925 0.04576144036009002 0.0675
0 0.2608777194298575 0.51675 0.04388597149287322 0.0645
0 0.3008252063015754 0.5625 0.051762940735183796 0.065
0 0.32295573893473367 0.509 0.051762940735183796 0.063
0 0.2950112528132033 0.6435 0.046136534133533386 0.066
0 0.34039759939985 0.64625 0.04838709677419355 0.0625
0 0.386721680420105 0.6545 0.046511627906976744 0.061
0 0.42854463615903976 0.6545 0.04388597149287322 0.063
0 0.35183795948987245 0.57575 0.04951237809452363 0.0675
0 0.4013503375843961 0.59875 0.04876219054763691 0.0625
0 0.42760690172543137 0.54125 0.04876219054763691 0.0625
0 0.3709677419354839 0.51275 0.04876219054763691 0.0635
0 0.41241560390097526 0.48375 0.05288822205551388 0.0625
0 0.39047261815453865 0.4355 0.05101275318829707 0.064
0 0.3495873968492123 0.36575 0.04126031507876969 0.0645
0 0.3246436609152288 0.32675 0.04538634658664666 0.0625
0 0.3599024756189047 0.3045 0.050637659414853715 0.064
0 0.3925356339084771 0.363 0.04988747186796699 0.066
0 0.42610652663165793 0.4005 0.04876219054763691 0.054
0 0.46324081020255065 0.44375 0.047261815453863466 0.0655
0 0.4679294823705927 0.50825 0.04688672168042011 0.0595
0 0.46661665416354087 0.589 0.042010502625656414 0.059
0 0.4737434358589647 0.64625 0.046511627906976744 0.0635
0 0.5022505626406601 0.54775 0.046511627906976744 0.0615
0 0.4105401350337584 0.28625 0.04013503375843961 0.0685
0 0.44786196549137286 0.29175 0.05101275318829707 0.0625
0 0.4617404351087772 0.239 0.05026256564141035 0.064
0 0.4988747186796699 0.284 0.047261815453863466 0.058
0 0.5037509377344336 0.33525 0.046511627906976744 0.0575
0 0.4739309827456864 0.38125 0.043135783945986494 0.0595
0 0.5129407351837959 0.4225 0.050637659414853715 0.065
0 0.5106901725431358 0.4875 0.04538634658664666 0.062
0 0.5534508627156789 0.508 0.04388597149287322 0.065
0 0.5804576144036009 0.55325 0.04988747186796699 0.0575
0 0.5495123780945236 0.59525 0.04351087771942986 0.0615
0 0.5090022505626407 0.60975 0.0450112528132033 0.0525
0 0.536384096024006 0.65675 0.04351087771942986 0.0635
0 0.5733308327081771 0.66625 0.03938484621155289 0.0635
0 0.6076519129782446 0.6875 0.03975993998499625 0.06
0 0.641972993248312 0.70975 0.04388597149287322 0.0595
0 0.6515378844711178 0.6675 0.0450112528132033 0.058
0 0.6897974493623406 0.665 0.03900975243810953 0.054
0 0.6914853713428357 0.70525 0.038634658664666165 0.0525
0 0.7477494373593399 0.74425 0.04913728432108027 0.0545
0 0.7423105776444111 0.77075 0.04801200300075019 0.0375
0 0.7743810952738185 0.72075 0.03788447111777944 0.0625
0 0.8053263315828957 0.73075 0.04276069017254314 0.0565
0 0.5894598649662416 0.59225 0.04463615903975994 0.0505
0 0.6181545386346586 0.5655 0.04051012753188297 0.046
0 0.6357839459864967 0.5275 0.0450112528132033 0.062
0 0.6485371342835708 0.54575 0.03075768942235559 0.0425
0 0.594523630907727 0.49325 0.047261815453863466 0.0645
0 0.5519504876219055 0.44325 0.04688672168042011 0.0605
0 0.5466991747936985 0.3765 0.04838709677419355 0.064
0 0.568642160540135 0.38975 0.030007501875468866 0.0535
0 0.586271567891973 0.42 0.0345086271567892 0.051
0 0.49681170292573146 0.19925 0.052138034508627154 0.0635
0 0.5356339084771192 0.25125 0.04801200300075019 0.0565
0 0.5712678169542386 0.217 0.046511627906976744 0.067
0 0.5918979744936234 0.27375 0.04426106526631658 0.0655
0 0.5542010502625656 0.309 0.05288822205551388 0.064
0 0.6087771942985747 0.3525 0.04426106526631658 0.065
0 0.6399099774943736 0.40125 0.04576144036009002 0.0645
0 0.6884846211552889 0.39075 0.04913728432108027 0.0565
0 0.7010502625656414 0.45725 0.0450112528132033 0.0605
0 0.6987996999249813 0.50275 0.04426106526631658 0.0525
0 0.7304951237809453 0.486 0.03488372093023256 0.049
0 0.7100525131282821 0.5535 0.047261815453863466 0.057
0 0.7143660915228808 0.63125 0.04238559639909977 0.0675
0 0.7601275318829708 0.59225 0.04088522130532633 0.0615
0 0.7644411102775694 0.5265 0.0450112528132033 0.056
0 0.7923855963990998 0.59825 0.03938484621155289 0.0615
0 0.6290322580645161 0.29575 0.046511627906976744 0.0625
0 0.5911477869467366 0.15975 0.04351087771942986 0.0595
0 0.6307201800450113 0.178 0.04388597149287322 0.056
0 0.6509752438109527 0.125 0.038634658664666165 0.063
0 0.6830457614403601 0.15625 0.03900975243810953 0.0685
0 0.713053263315829 0.1905 0.03975993998499625 0.068
0 0.6839834958739685 0.224 0.038634658664666165 0.056
0 0.6417854463615904 0.2375 0.04426106526631658 0.063
0 0.6652288072018004 0.27475 0.038634658664666165 0.0585
0 0.6702925731432858 0.332 0.04126031507876969 0.057
0 0.7066766691672918 0.2985 0.042010502625656414 0.056
0 0.7402475618904726 0.243 0.04838709677419355 0.059
0 0.758252063015754 0.19925 0.046136534133533386 0.0585
0 0.731807951987997 0.35625 0.0450112528132033 0.0565
0 0.8120780195048762 0.2375 0.04876219054763691 0.062
0 0.8677794448612153 0.25 0.046136534133533386 0.067
0 0.7891972993248312 0.28525 0.04576144036009002 0.0695
0 0.8240810202550638 0.297 0.0345086271567892 0.066
0 0.7698799699924981 0.3375 0.04913728432108027 0.063
0 0.7484996249062266 0.4215 0.05138784696174044 0.064
0 0.8147036759189797 0.3785 0.0450112528132033 0.065
0 0.845086271567892 0.3625 0.04351087771942986 0.052
0 0.7760690172543135 0.39425 0.0450112528132033 0.0585
0 0.8075768942235559 0.42825 0.04576144036009002 0.0535
0 0.8480870217554388 0.4185 0.04351087771942986 0.056
0 0.9111027756939235 0.415 0.0450112528132033 0.063
0 0.8589647411852963 0.45975 0.03975993998499625 0.0515
0 0.8250187546886721 0.46925 0.041635408852213056 0.0555
0 0.7698799699924981 0.45375 0.046136534133533386 0.0615
0 0.7995123780945236 0.4995 0.04088522130532633 0.06
0 0.8439609902475619 0.72425 0.03975993998499625 0.0455
0 0.876781695423856 0.70575 0.03938484621155289 0.0475
0 0.9052888222055514 0.67825 0.04013503375843961 0.0465
0 0.8010127531882971 0.68175 0.04238559639909977 0.0485
0 0.7989497374343586 0.64025 0.04876219054763691 0.0525
0 0.8441485371342836 0.6625 0.037134283570892726 0.059
0 0.8595273818454614 0.66875 0.028132033008252063 0.0575
0 0.8831582895723931 0.6285 0.03788447111777944 0.052
0 0.9135408852213053 0.62775 0.03788447111777944 0.0545
0 0.863278319579895 0.58275 0.04388597149287322 0.0515
0 0.8223930982745686 0.59 0.030382595648912228 0.05
0 0.8208927231807952 0.545 0.046136534133533386 0.056
0 0.8512753188297074 0.5225 0.041635408852213056 0.063
0 0.9013503375843961 0.5375 0.04276069017254314 0.058
0 0.9167291822955739 0.5515 0.0345086271567892 0.045
0 0.9399849962490623 0.507 0.04876219054763691 0.061
