0 0.14347336834208552 0.27925 0.05888972243060765 0.0765
0 0.1292198049512378 0.33175 0.05888972243060765 0.0695
0 0.09246061515378845 0.40025 0.059639909977494375 0.0755
0 0.10840210052513129 0.454 0.05401350337584396 0.059
0 0.1466616654163541 0.402 0.060765191297824456 0.077
0 0.17779444861215304 0.3395 0.056264066016504126 0.074
0 0.1697299324831208 0.4595 0.04463615903975994 0.054
0 0.13709677419354838 0.51975 0.05588897224306077 0.0685
0 0.14928732183045762 0.57775 0.05776444111027757 0.0675
0 0.1886721680420105 0.62075 0.05701425356339085 0.0565
0 0.24437359339834958 0.62475 0.04988747186796699 0.0645
0 0.2068642160540135 0.5875 0.05138784696174044 0.061
0 0.2049887471867967 0.51075 0.050637659414853715 0.0575
0 0.20367591897974494 0.4525 0.05326331582895724 0.078
0 0.25056264066016504 0.4815 0.04876219054763691 0.066
0 0.2560015003750938 0.5705 0.04913728432108027 0.059
0 0.2933233308327082 0.59225 0.04876219054763691 0.0605
0 0.34583645911477867 0.5985 0.04951237809452363 0.059
0 0.3448987246811703 0.53575 0.05138784696174044 0.0625
0 0.2950112528132033 0.498 0.0536384096024006 0.057
0 0.2336834208552138 0.36575 0.05251312828207052 0.0675
0 0.2730682670667667 0.41925 0.05326331582895724 0.0755
0 0.3201425356339085 0.456 0.04688672168042011 0.065
0 0.37021755438859716 0.478 0.05326331582895724 0.059
0 0.3885971492873218 0.5425 0.04576144036009002 0.066
0 0.40735183795948987 0.599 0.047261815453863466 0.066
0 0.20086271567891972 0.21825 0.05888972243060765 0.0705
0 0.23443360840210054 0.15525 0.05326331582895724 0.0875
0 0.2586271567891973 0.22825 0.05438859714928732 0.0725
0 0.22918229557389347 0.29275 0.05251312828207052 0.0715
0 0.26969242310577646 0.30225 0.060765191297824456 0.0745
0 0.30438859714928734 0.14775 0.04913728432108027 0.0765
0 0.3160165041260315 0.23175 0.06264066016504126 0.0775
0 0.3546511627906977 0.13025 0.056639159789947484 0.0875
0 0.3870967741935484 0.2105 0.05701425356339085 0.074
0 0.3531507876969242 0.29 0.055138784696174045 0.068
0 0.32633158289572395 0.35025 0.05026256564141035 0.0705
0 0.3606526631657914 0.392 0.05138784696174044 0.064
0 0.3775318829707427 0.34375 0.046136534133533386 0.0715
0 0.4028507126781695 0.42475 0.047261815453863466 0.0695
0 0.41504126031507876 0.49 0.052138034508627154 0.068
0 0.43642160540135033 0.56025 0.05288822205551388 0.0745
0 0.46830457614403603 0.5975 0.04988747186796699 0.063
0 0.4486121530382596 0.63725 0.04426106526631658 0.0635
0 0.4836834208552138 0.67575 0.047636909227306824 0.0605
0 0.5300075018754689 0.669 0.05326331582895724 0.057
0 0.508814703675919 0.61225 0.04463615903975994 0.0555
0 0.5600150037509377 0.6295 0.04876219054763691 0.075
0 0.5890847711927982 0.64775 0.043135783945986494 0.0505
0 0.5669542385596399 0.7195 0.047636909227306824 0.053
0 0.6093398349587397 0.72575 0.04538634658664666 0.0575
0 0.40172543135783945 0.28275 0.05251312828207052 0.0655
0 0.4349212303075769 0.23025 0.05138784696174044 0.0745
0 0.4748687171792948 0.1595 0.056264066016504126 0.075
0 0.5343210802700675 0.18575 0.05813953488372093 0.0835
0 0.5054388597149287 0.26175 0.04688672168042011 0.0735
0 0.4461740435108777 0.3165 0.050637659414853715 0.071
0 0.42591897974493625 0.376 0.05138784696174044 0.073
0 0.47261815453863465 0.39475 0.05101275318829707 0.0675
0 0.4619279819954989 0.4365 0.05438859714928732 0.055
0 0.46399099774943736 0.50775 0.05251312828207052 0.0625
0 0.5031882970742686 0.55125 0.052138034508627154 0.0565
0 0.563953488372093 0.243 0.05138784696174044 0.07
0 0.54576144036009 0.30925 0.05101275318829707 0.0675
0 0.5339459864966242 0.381 0.05288822205551388 0.073
0 0.5112528132033008 0.42475 0.04951237809452363 0.0565
0 0.5110652663165791 0.48475 0.04838709677419355 0.0565
0 0.5513878469617405 0.504 0.03900975243810953 0.062
0 0.5528882220555139 0.4495 0.04876219054763691 0.062
0 0.6327831957989497 0.22975 0.04426106526631658 0.0695
0 0.6005251312828207 0.28925 0.05326331582895724 0.0665
0 0.581020255063766 0.3405 0.04801200300075019 0.066
0 0.5928357089272318 0.40775 0.04913728432108027 0.0645
0 0.542198049512378 0.5735 0.04388597149287322 0.065
0 0.644973743435859 0.704 0.04088522130532633 0.053
0 0.6395348837209303 0.65875 0.04576144036009002 0.0535
0 0.7018004501125281 0.71225 0.04876219054763691 0.0535
0 0.5838334583645911 0.5695 0.04238559639909977 0.06
0 0.6100900225056264 0.6035 0.04463615903975994 0.048
0 0.6483495873968492 0.59525 0.04088522130532633 0.0495
0 0.6297824456114028 0.56775 0.046511627906976744 0.0615
0 0.5992123030757689 0.483 0.04463615903975994 0.063
0 0.6337209302325582 0.5025 0.041635408852213056 0.061
0 0.6354088522130532 0.43925 0.04801200300075019 0.0575
0 0.6256564141035259 0.3635 0.046511627906976744 0.066
0 0.655476369092273 0.315 0.05288822205551388 0.069
0 0.6967366841710427 0.27725 0.05738934733683421 0.0635
0 0.6937359339834959 0.349 0.038634658664666165 0.062
0 0.6749812453113279 0.3995 0.04838709677419355 0.062
0 0.7196174043510878 0.40225 0.04838709677419355 0.0615
0 0.6783570892723181 0.493 0.04838709677419355 0.059
0 0.6680420105026257 0.553 0.042010502625656414 0.058
0 0.7334958739684921 0.6815 0.041635408852213056 0.056
0 0.6841710427606902 0.63075 0.04426106526631658 0.0535
0 0.7027381845461366 0.58025 0.038634658664666165 0.0565
0 0.7715678919729932 0.656 0.0450112528132033 0.056
0 0.7327456864216054 0.609 0.04013503375843961 0.056
0 0.7353713428357089 0.56375 0.041635408852213056 0.0555
0 0.7081770442610653 0.5245 0.0450112528132033 0.054
0 0.72768192048012 0.47725 0.0450112528132033 0.0635
0 0.764066016504126 0.51575 0.04801200300075019 0.0615
0 0.7790697674418605 0.58525 0.042010502625656414 0.0505
0 0.799324831207802 0.612 0.04051012753188297 0.055
0 0.8672168042010503 0.622 0.03675918979744936 0.058
0 0.8028882220555139 0.56025 0.036384096024006 0.0565
0 0.7886346586646662 0.517 0.03563390847711928 0.059
0 0.7846961740435109 0.46775 0.04576144036009002 0.0565
0 0.7659414853713429 0.43175 0.04351087771942986 0.0675
0 0.7835708927231808 0.375 0.04426106526631658 0.071
0 0.8503375843960991 0.35675 0.0450112528132033 0.0615
0 0.8019504876219055 0.3885 0.03900975243810953 0.06
0 0.8754688672168042 0.37 0.02700675168792198 0.04
0 0.827456864216054 0.43875 0.0450112528132033 0.0655
0 0.8741560390097525 0.41375 0.04463615903975994 0.0585
0 0.8889722430607652 0.41275 0.02175543885971493 0.0295
0 0.8563390847711928 0.46475 0.03900975243810953 0.0605
0 0.8345836459114778 0.51525 0.047261815453863466 0.0585
0 0.8743435858964741 0.5015 0.04876219054763691 0.061
0 0.890847711927982 0.45625 0.04576144036009002 0.0575
0 0.9127906976744186 0.4605 0.03188297074268567 0.047
0 0.918979744936234 0.5125 0.03825956489122281 0.045
0 0.8743435858964741 0.56125 0.037509377344336084 0.0605
0 0.49624906226556637 0.32225 0.051762940735183796 0.0665
