0 0.0699549887471868 0.506 0.0708927231807952 0.077
0 0.060952738184546135 0.595 0.0641410352588147 0.075
0 0.11571642910727682 0.57 0.05888972243060765 0.079
0 0.16260315078769694 0.54875 0.07014253563390847 0.0855
0 0.23818454613653414 0.5395 0.07351837959489872 0.081
0 0.2511252813203301 0.6395 0.0603900975243811 0.079
0 0.33158289572393096 0.52125 0.060765191297824456 0.0755
0 0.32333083270817703 0.6 0.0622655663915979 0.074
0 0.30963990997749435 0.65075 0.061140285071267814 0.0765
0 0.34921230307576895 0.72725 0.0622655663915979 0.0725
0 0.4054763690922731 0.489 0.06301575393848462 0.076
0 0.43698424606151537 0.53625 0.06151537884471118 0.0825
0 0.3968492123030758 0.62675 0.058514628657164294 0.0765
0 0.41035258814703673 0.698 0.058514628657164294 0.084
0 0.4799324831207802 0.4955 0.0671417854463616 0.075
0 0.5 0.57275 0.06376594148537135 0.0735
0 0.44879969992498125 0.63825 0.05738934733683421 0.0775
0 0.46155288822205554 0.73025 0.06339084771192798 0.0855
0 0.5067516879219804 0.671 0.05926481620405101 0.07
0 0.5483870967741935 0.477 0.060765191297824456 0.076
0 0.5607651912978244 0.55725 0.0622655663915979 0.0765
0 0.5669542385596399 0.63425 0.061140285071267814 0.0785
0 0.5611402850712678 0.7215 0.06976744186046512 0.075
0 0.608589647411853 0.613 0.05738934733683421 0.078
0 0.6114028507126782 0.50075 0.05776444111027757 0.0885
0 0.06976744186046512 0.42425 0.07051762940735183 0.0855
0 0.11459114778694673 0.38575 0.06564141035258815 0.0855
0 0.19411102775693923 0.374 0.06339084771192798 0.085
0 0.18154538634658665 0.4575 0.06676669167291822 0.098
0 0.25131282820705175 0.451 0.06301575393848462 0.085
0 0.2616279069767442 0.379 0.06564141035258815 0.092
0 0.3100150037509377 0.44025 0.06489122280570142 0.0855
0 0.33214553638409605 0.3555 0.06264066016504126 0.089
0 0.37040510127531884 0.42625 0.05813953488372093 0.0795
0 0.40491372843210804 0.35 0.0708927231807952 0.084
0 0.44223555888972244 0.42375 0.06526631657914479 0.0865
0 0.4924981245311328 0.3795 0.06526631657914479 0.09
0 0.5577644411102776 0.383 0.05926481620405101 0.077
0 0.6067141785446362 0.41425 0.061890472618154536 0.0895
0 0.5860840210052514 0.29525 0.06789197299324831 0.0875
0 0.5641410352588146 0.206 0.0690172543135784 0.097
0 0.4874343585896474 0.19125 0.06639159789947487 0.0865
0 0.5166916729182296 0.297 0.061140285071267814 0.09
0 0.4373593398349587 0.2585 0.0690172543135784 0.083
0 0.3621530382595649 0.28 0.06789197299324831 0.095
0 0.2921980495123781 0.26675 0.06826706676669167 0.0915
0 0.22261815453863465 0.29375 0.06939234808702176 0.0825
0 0.15566391597899476 0.28725 0.06976744186046512 0.0875
0 0.18529632408102026 0.19475 0.07426856714178545 0.1005
0 0.2711927981995499 0.19075 0.06826706676669167 0.0945
0 0.30307576894223553 0.12725 0.06526631657914479 0.0915
0 0.36252813203300827 0.1045 0.07464366091522881 0.095
0 0.3505251312828207 0.1985 0.06489122280570142 0.077
0 0.6817329332333083 0.15925 0.06864216054013503 0.0965
0 0.7642535633908477 0.21975 0.06864216054013503 0.0955
0 0.6421605401350338 0.2265 0.07351837959489872 0.092
0 0.6513503375843961 0.32975 0.06639159789947487 0.0925
0 0.7205551387846961 0.31575 0.07126781695423856 0.0945
0 0.7955738934733684 0.3095 0.06676669167291822 0.08
0 0.7865716429107277 0.39225 0.047261815453863466 0.0805
0 0.7479369842460615 0.39025 0.06601650412603151 0.0795
0 0.6783570892723181 0.39025 0.06339084771192798 0.0845
0 0.6836084021005251 0.4725 0.061140285071267814 0.079
0 0.7475618904726181 0.485 0.06751687921980495 0.073
0 0.8312078019504876 0.45175 0.06676669167291822 0.0655
0 0.8927231807951987 0.495 0.06976744186046512 0.078
0 0.7942610652663166 0.51675 0.06639159789947487 0.0775
0 0.6581020255063766 0.53025 0.06789197299324831 0.0745
0 0.7308702175543886 0.568 0.0641410352588147 0.077
0 0.8282070517629407 0.5715 0.058514628657164294 0.082
0 0.8842835708927231 0.59975 0.05738934733683421 0.0765
0 0.9354838709677419 0.67375 0.06001500375093773 0.0765
0 0.871530382595649 0.672 0.06489122280570142 0.067
0 0.7963240810202551 0.66125 0.056264066016504126 0.0735
0 0.7314328582145536 0.6235 0.06001500375093773 0.064
0 0.6749812453113279 0.62225 0.06564141035258815 0.0745
0 0.6200300075018754 0.67825 0.056264066016504126 0.0735
0 0.6738559639909978 0.67825 0.05588897224306077 0.0645
