0 0.10090022505626407 0.5535 0.051762940735183796 0.057
0 0.14928732183045762 0.4895 0.04951237809452363 0.061
0 0.19017254313578394 0.442 0.05026256564141035 0.057
0 0.22955738934733683 0.38025 0.04951237809452363 0.0535
0 0.2661290322580645 0.3215 0.05288822205551388 0.065
0 0.28188297074268565 0.2765 0.061890472618154536 0.079
0 0.3524006001500375 0.2705 0.04913728432108027 0.067
0 0.327456864216054 0.32725 0.04576144036009002 0.0665
0 0.32333083270817703 0.38475 0.05101275318829707 0.0585
0 0.2659414853713428 0.386 0.04876219054763691 0.064
0 0.24193548387096775 0.43525 0.05251312828207052 0.0585
0 0.21230307576894222 0.495 0.04951237809452363 0.06
0 0.1761065266316579 0.54625 0.0536384096024006 0.0535
0 0.16016504126031508 0.5855 0.04576144036009002 0.064
0 0.19973743435858965 0.5955 0.047636909227306824 0.062
0 0.145536384096024 0.62925 0.04351087771942986 0.0575
0 0.18323330832708176 0.639 0.04688672168042011 0.064
0 0.14347336834208552 0.699 0.046136534133533386 0.064
0 0.18267066766691673 0.74175 0.0450112528132033 0.0645
0 0.2231807951987997 0.77725 0.04876219054763691 0.0685
0 0.2501875468867217 0.731 0.04951237809452363 0.062
0 0.22168042010502625 0.6775 0.05326331582895724 0.063
0 0.22543135783945986 0.6475 0.047261815453863466 0.064
0 0.2740060015003751 0.66825 0.046136534133533386 0.0595
0 0.29519879969992496 0.73825 0.04276069017254314 0.0535
0 0.30626406601650413 0.783 0.04538634658664666 0.054
0 0.23687171792948236 0.5495 0.04538634658664666 0.059
0 0.25731432858214554 0.4935 0.04426106526631658 0.069
0 0.28413353338334585 0.5465 0.04988747186796699 0.058
0 0.2719429857464366 0.6105 0.051762940735183796 0.062
0 0.29369842460615153 0.44875 0.047261815453863466 0.0615
0 0.30195048762190546 0.5055 0.05326331582895724 0.061
0 0.34246061515378845 0.4505 0.047261815453863466 0.062
0 0.367966991747937 0.38675 0.04126031507876969 0.0655
0 0.3775318829707427 0.3355 0.04988747186796699 0.065
0 0.41691672918229555 0.30225 0.047636909227306824 0.0685
0 0.4051012753188297 0.19625 0.0555138784696174 0.0755
0 0.4579894973743436 0.231 0.04951237809452363 0.07
0 0.5127531882970743 0.215 0.04876219054763691 0.07
0 0.48612153038259565 0.2825 0.0450112528132033 0.062
0 0.45723930982745686 0.32975 0.047261815453863466 0.0615
0 0.4212303075768942 0.366 0.04876219054763691 0.051
0 0.5390097524381096 0.26975 0.04351087771942986 0.0665
0 0.5823330832708177 0.255 0.046136534133533386 0.06
0 0.5583270817704427 0.3145 0.04538634658664666 0.06
0 0.5110652663165791 0.33375 0.04538634658664666 0.0625
0 0.5941485371342836 0.3225 0.035258814703675916 0.073
0 0.32970742685671417 0.56325 0.04426106526631658 0.0575
0 0.32051762940735185 0.622 0.04688672168042011 0.06
0 0.3162040510127532 0.68725 0.04426106526631658 0.0645
0 0.3548387096774194 0.69775 0.04426106526631658 0.0615
0 0.35521380345086273 0.75725 0.04951237809452363 0.0605
0 0.3478994748687172 0.8065 0.05288822205551388 0.063
0 0.39797449362340587 0.79 0.04576144036009002 0.056
0 0.4375468867216804 0.768 0.041635408852213056 0.054
0 0.3983495873968492 0.70625 0.037509377344336084 0.0535
0 0.4351087771942986 0.70575 0.04051012753188297 0.0575
0 0.4079144786196549 0.6625 0.046136534133533386 0.059
0 0.4549887471867967 0.65475 0.04576144036009002 0.0705
0 0.37209302325581395 0.60225 0.04351087771942986 0.0595
0 0.4112903225806452 0.5975 0.04088522130532633 0.059
0 0.37959489872468116 0.554 0.04051012753188297 0.055
0 0.36177794448612155 0.50425 0.04688672168042011 0.0565
0 0.41429107276819205 0.5425 0.04688672168042011 0.063
0 0.45986496624156037 0.5885 0.04351087771942986 0.062
0 0.4553638409602401 0.536 0.04126031507876969 0.058
0 0.3870967741935484 0.4515 0.04801200300075019 0.063
0 0.4298574643660915 0.4825 0.04351087771942986 0.062
0 0.42441860465116277 0.4145 0.04388597149287322 0.061
0 0.4609902475618905 0.38025 0.04426106526631658 0.0655
0 0.46605401350337583 0.4535 0.04463615903975994 0.057
0 0.4857464366091523 0.49675 0.042010502625656414 0.0645
0 0.5043135783945987 0.44475 0.04538634658664666 0.0615
0 0.5020630157539385 0.5995 0.043135783945986494 0.059
0 0.49287321830457614 0.648 0.04576144036009002 0.056
0 0.48012003000750186 0.70925 0.04951237809452363 0.0515
0 0.4780570142535634 0.76525 0.046136534133533386 0.0625
0 0.5288822205551388 0.75375 0.042010502625656414 0.0635
0 0.5677044261065266 0.7795 0.043135783945986494 0.069
0 0.5662040510127532 0.7095 0.04688672168042011 0.061
0 0.5459489872468117 0.65825 0.04463615903975994 0.0585
0 0.5390097524381096 0.60675 0.04351087771942986 0.0635
0 0.5260690172543135 0.54975 0.04988747186796699 0.0635
0 0.536946736684171 0.498 0.04463615903975994 0.064
0 0.5673293323330832 0.548 0.046136534133533386 0.061
0 0.5213803450862715 0.388 0.042010502625656414 0.062
0 0.54576144036009 0.43175 0.046511627906976744 0.0655
0 0.5579519879969993 0.372 0.04238559639909977 0.064
0 0.599774943735934 0.38175 0.04126031507876969 0.0605
0 0.645536384096024 0.39925 0.04576144036009002 0.0625
0 0.6095273818454614 0.4495 0.04426106526631658 0.063
0 0.6421605401350338 0.45325 0.046511627906976744 0.0565
0 0.6867966991747937 0.4665 0.04576144036009002 0.067
0 0.5922730682670667 0.50175 0.04576144036009002 0.0575
0 0.6740435108777194 0.5255 0.04276069017254314 0.063
0 0.7228057014253564 0.519 0.05326331582895724 0.064
0 0.6515378844711178 0.58725 0.0450112528132033 0.0595
0 0.5918979744936234 0.63875 0.046511627906976744 0.0595
0 0.6294073518379595 0.63675 0.042010502625656414 0.0595
0 0.6978619654913728 0.5765 0.041635408852213056 0.057
0 0.7460615153788447 0.58325 0.04576144036009002 0.0635
0 0.7698799699924981 0.61725 0.04388597149287322 0.0605
0 0.6802325581395349 0.6375 0.04463615903975994 0.059
0 0.6192798199549887 0.69 0.04426106526631658 0.056
0 0.6022130532633159 0.757 0.04463615903975994 0.052
0 0.609714928732183 0.791 0.041635408852213056 0.045
0 0.6472243060765192 0.74375 0.043135783945986494 0.0535
0 0.6579144786196549 0.806 0.04351087771942986 0.056
0 0.7003000750187547 0.80375 0.04126031507876969 0.0575
0 0.7263690922730682 0.83225 0.04013503375843961 0.0555
0 0.6847336834208552 0.74425 0.046136534133533386 0.0565
0 0.6618529632408102 0.67725 0.04388597149287322 0.0595
0 0.700675168792198 0.67925 0.04051012753188297 0.0555
0 0.7205551387846961 0.758 0.03975993998499625 0.052
0 0.7558139534883721 0.76425 0.03975993998499625 0.0505
0 0.7445611402850713 0.722 0.04276069017254314 0.058
0 0.7773818454613654 0.73575 0.04238559639909977 0.0585
0 0.7349962490622656 0.66175 0.04238559639909977 0.0595
0 0.777569392348087 0.6635 0.04576144036009002 0.053
