0 0.2055742611298167 0.193 0.05499438832772166 0.065
0 0.20669659558548448 0.25875 0.04751215862326973 0.0635
0 0.2044519266741489 0.35 0.04377104377104377 0.058
0 0.23793490460157127 0.3235 0.04638982416760194 0.065
0 0.2349420127197905 0.40325 0.048634493078937524 0.0555
0 0.25757575757575757 0.4555 0.0512532734754957 0.053
0 0.30340441451552563 0.49275 0.04264870931537598 0.0485
0 0.30265619154508044 0.4285 0.04564160119715675 0.056
0 0.2774036662925552 0.372 0.04601571268237935 0.063
0 0.34137673026561915 0.46525 0.04451926674148896 0.0515
0 0.35802469135802467 0.51625 0.04564160119715675 0.0465
0 0.39188178077066965 0.5405 0.04451926674148896 0.054
0 0.43621399176954734 0.55125 0.04339693228582117 0.0605
0 0.4066591844369622 0.49275 0.04564160119715675 0.0475
0 0.45435839880284323 0.49825 0.040778151889263 0.0545
0 0.3866442199775533 0.4375 0.04900860456416012 0.059
0 0.34231200897867564 0.37875 0.04713804713804714 0.0535
0 0.3108866442199775 0.335 0.055368499812944255 0.058
0 0.2789001122334456 0.287 0.05424616535727647 0.065
0 0.33202394313505423 0.27375 0.04900860456416012 0.0505
0 0.29199401421623644 0.2195 0.05424616535727647 0.064
0 0.2564534231200898 0.15975 0.050505050505050504 0.0665
0 0.29012345679012347 0.0715 0.049756827534605315 0.078
0 0.306771417882529 0.15225 0.04414515525626637 0.0675
0 0.3396932285821175 0.2145 0.0508791619902731 0.059
0 0.3333333333333333 0.0415 0.05761316872427984 0.08
0 0.3447437336326225 0.124 0.05424616535727647 0.068
0 0.3838383838383838 0.0785 0.05761316872427984 0.069
0 0.39113355780022446 0.164 0.056490834268612046 0.077
0 0.39075944631500187 0.23 0.046763935652824544 0.071
0 0.3943135054246165 0.2935 0.0508791619902731 0.062
0 0.3836513280957725 0.3575 0.04826038159371493 0.06
0 0.4171343060231949 0.38825 0.05013093901982791 0.0585
0 0.4388327721661055 0.44825 0.0411522633744856 0.0575
0 0.5013093901982791 0.57675 0.03965581743359521 0.0505
0 0.49719416386083054 0.51575 0.04564160119715675 0.0475
0 0.5394687616909839 0.544 0.03890759446315002 0.053
0 0.5291806958473625 0.49625 0.046763935652824544 0.0595
0 0.4880284324728769 0.47275 0.04152637485970819 0.0615
0 0.4730639730639731 0.41825 0.04900860456416012 0.0525
0 0.5129068462401796 0.401 0.04489337822671156 0.06
0 0.4268612046389824 0.33225 0.048634493078937524 0.0635
0 0.47474747474747475 0.3615 0.04713804713804714 0.064
0 0.43228582117471004 0.268 0.04826038159371493 0.072
0 0.4826038159371493 0.3075 0.04489337822671156 0.065
0 0.43621399176954734 0.1985 0.04938271604938271 0.069
0 0.4818555929667041 0.22075 0.05013093901982791 0.0645
0 0.5245043022820801 0.2775 0.048634493078937524 0.07
0 0.437897493453049 0.107 0.050505050505050504 0.071
0 0.47568275346053124 0.15225 0.0512532734754957 0.0745
0 0.4898989898989899 0.07075 0.0512532734754957 0.0685
0 0.5400299289188178 0.065 0.05424616535727647 0.074
0 0.5334829779274224 0.139 0.04788627010849233 0.068
0 0.5291806958473625 0.21725 0.04451926674148896 0.0685
0 0.5766928544706322 0.18975 0.04826038159371493 0.0615
0 0.560231949120838 0.354 0.04826038159371493 0.059
0 0.5542461653572764 0.4385 0.04526748971193416 0.054
0 0.5731387953610175 0.49 0.04339693228582117 0.061
0 0.5967078189300411 0.06375 0.04713804713804714 0.0785
0 0.6157875046763935 0.126 0.04938271604938271 0.066
0 0.6277590722035167 0.19775 0.05387205387205387 0.0585
0 0.5832398054620277 0.24975 0.048634493078937524 0.0575
0 0.6006359895248784 0.32025 0.05200149644594089 0.0645
0 0.634867190422746 0.26175 0.04788627010849233 0.0685
0 0.597268986157875 0.37925 0.04302282080059858 0.0655
0 0.6008230452674898 0.4385 0.054620276842499066 0.054
0 0.6141040029928919 0.48625 0.04451926674148896 0.0545
0 0.5995136550692106 0.53525 0.04451926674148896 0.0535
0 0.6154133931911709 0.57175 0.05013093901982791 0.0515
0 0.6423494201271979 0.53225 0.04788627010849233 0.0495
0 0.6612420501309391 0.478 0.04451926674148896 0.049
0 0.6674148896371118 0.4295 0.051627384960718295 0.052
0 0.6664796109240554 0.36625 0.049756827534605315 0.0705
0 0.6808829031051253 0.26725 0.04713804713804714 0.0715
0 0.6767676767676768 0.17175 0.052375607931163484 0.0675
0 0.7156752712308267 0.217 0.05013093901982791 0.072
0 0.700149644594089 0.31425 0.04451926674148896 0.0655
0 0.707631874298541 0.4065 0.04302282080059858 0.06
0 0.7070707070707071 0.46775 0.04713804713804714 0.0625
0 0.6859334081556304 0.52425 0.040778151889263 0.0615
0 0.7166105499438833 0.55 0.04751215862326973 0.049
0 0.7349420127197905 0.50575 0.04826038159371493 0.0545
0 0.7523381967826412 0.45325 0.04713804713804714 0.0615
0 0.7441077441077442 0.35325 0.04638982416760194 0.0635
0 0.7487841376730265 0.27775 0.04526748971193416 0.0675
0 0.7646838757949869 0.21375 0.0508791619902731 0.0695
0 0.7936775158997381 0.261 0.04451926674148896 0.07
0 0.7880658436213992 0.3455 0.049756827534605315 0.06
0 0.7800224466891134 0.40275 0.05312383090160868 0.0525
0 0.7899364010475122 0.461 0.04451926674148896 0.058
0 0.778526000748223 0.52575 0.04489337822671156 0.0615
0 0.7695473251028807 0.6045 0.038159371492704826 0.054
0 0.8005985783763562 0.5595 0.04489337822671156 0.045
0 0.8200523756079312 0.5005 0.048634493078937524 0.061
0 0.8376356154133932 0.452 0.052375607931163484 0.052
0 0.8260381593714927 0.39225 0.04564160119715675 0.0615
0 0.8342686120463898 0.28875 0.04713804713804714 0.0725
0 0.8799102132435466 0.37825 0.04564160119715675 0.0625
