0 0.10877719429857464 0.3615 0.06976744186046512 0.098
0 0.1168417104276069 0.479 0.06789197299324831 0.099
0 0.16241560390097523 0.4195 0.072768192048012 0.086
0 0.20142535633908476 0.49675 0.0690172543135784 0.1035
0 0.16054013503375844 0.57125 0.06976744186046512 0.1005
0 0.21980495123780946 0.61125 0.06826706676669167 0.0955
0 0.2623780945236309 0.68225 0.07389347336834208 0.0995
0 0.3360840210052513 0.69875 0.06976744186046512 0.0915
0 0.2920105026256564 0.613 0.0708927231807952 0.083
0 0.26669167291822954 0.5345 0.07126781695423856 0.101
0 0.2334958739684921 0.4345 0.06864216054013503 0.092
0 0.14197299324831208 0.2715 0.07014253563390847 0.104
0 0.19673668417104276 0.32525 0.06264066016504126 0.1005
0 0.2595648912228057 0.35825 0.07801950487621906 0.1005
0 0.20048762190547637 0.22575 0.06864216054013503 0.1045
0 0.25206301575393847 0.2565 0.07651912978244561 0.087
0 0.268192048012003 0.1695 0.058514628657164294 0.1
0 0.3411477869467367 0.23375 0.07239309827456865 0.0955
0 0.3533383345836459 0.14125 0.0622655663915979 0.0935
0 0.40828957239309827 0.1375 0.07464366091522881 0.098
0 0.41429107276819205 0.24875 0.07464366091522881 0.0915
0 0.3514628657164291 0.3645 0.0795198799699925 0.092
0 0.30513878469617406 0.44425 0.0641410352588147 0.1025
0 0.34733683420855216 0.53075 0.07576894223555888 0.0905
0 0.37865716429107277 0.611 0.07164291072768192 0.083
0 0.4223555888972243 0.69225 0.07126781695423856 0.0915
0 0.4908102025506377 0.69625 0.07239309827456865 0.0755
0 0.5633908477119279 0.68825 0.07876969242310577 0.0845
0 0.6014628657164292 0.7545 0.07314328582145536 0.083
0 0.4467366841710428 0.6245 0.06751687921980495 0.094
0 0.5208177044261065 0.60225 0.07839459864966242 0.0875
0 0.41335333833458365 0.529 0.06376594148537135 0.101
0 0.4904351087771943 0.52 0.07014253563390847 0.089
0 0.4022880720180045 0.43575 0.0641410352588147 0.0935
0 0.41147786946736686 0.34725 0.07501875468867217 0.0975
0 0.47843210802700675 0.434 0.07464366091522881 0.088
0 0.48612153038259565 0.33175 0.06751687921980495 0.1065
0 0.4981245311327832 0.2245 0.07651912978244561 0.098
0 0.49943735933983496 0.128 0.08139534883720931 0.094
0 0.5924606151537885 0.142 0.08214553638409602 0.106
0 0.5892723180795199 0.25475 0.08027006751687922 0.1075
0 0.559264816204051 0.358 0.07576894223555888 0.098
0 0.5600150037509377 0.462 0.07726931732933233 0.099
0 0.6256564141035259 0.42825 0.07801950487621906 0.1065
0 0.622093023255814 0.51 0.06489122280570142 0.088
0 0.6055888972243061 0.6005 0.06339084771192798 0.101
0 0.7019879969992499 0.7615 0.07164291072768192 0.096
0 0.7715678919729932 0.78775 0.0690172543135784 0.0865
0 0.6866091522880721 0.6145 0.08439609902475619 0.095
0 0.7308702175543886 0.668 0.07614403600900226 0.088
0 0.8032633158289573 0.686 0.08064516129032258 0.094
0 0.7036759189797449 0.5255 0.07501875468867217 0.091
0 0.7569392348087022 0.559 0.06751687921980495 0.102
0 0.8233308327081771 0.5885 0.08177044261065267 0.094
0 0.7012378094523631 0.408 0.07539384846211553 0.097
0 0.7531882970742686 0.4445 0.07501875468867217 0.108
0 0.8334583645911477 0.5 0.07501875468867217 0.097
0 0.8210802700675168 0.40375 0.08102025506376594 0.1015
0 0.7573143285821455 0.3415 0.0690172543135784 0.098
0 0.7019879969992499 0.3035 0.07314328582145536 0.112
0 0.6404726181545386 0.315 0.07764441110277569 0.111
0 0.6710427606901725 0.1975 0.07876969242310577 0.104
