0 0.24081020255063765 0.68375 0.04126031507876969 0.0645
0 0.26875468867216806 0.6315 0.04988747186796699 0.062
0 0.28675918979744935 0.6815 0.050637659414853715 0.063
0 0.2586271567891973 0.73975 0.04238559639909977 0.0675
0 0.3210802700675169 0.62025 0.04351087771942986 0.0635
0 0.34152288072018006 0.667 0.04538634658664666 0.068
0 0.32220555138784696 0.551 0.04051012753188297 0.065
0 0.3629032258064516 0.596 0.04688672168042011 0.071
0 0.3876594148537134 0.6495 0.052138034508627154 0.071
0 0.4097899474868717 0.60075 0.043135783945986494 0.0665
0 0.3966616654163541 0.53825 0.04838709677419355 0.0585
0 0.37040510127531884 0.476 0.043135783945986494 0.064
0 0.40078769692423105 0.43 0.04538634658664666 0.06
0 0.43042010502625655 0.47625 0.04688672168042011 0.0625
0 0.4705551387846962 0.5015 0.04688672168042011 0.072
0 0.4386721680420105 0.547 0.04238559639909977 0.069
0 0.45480120030007504 0.611 0.04463615903975994 0.075
0 0.4482370592648162 0.674 0.04276069017254314 0.066
0 0.41147786946736686 0.70825 0.046511627906976744 0.0615
0 0.36515378844711177 0.72325 0.04013503375843961 0.0665
0 0.3201425356339085 0.74575 0.04388597149287322 0.0685
0 0.36046511627906974 0.79075 0.04876219054763691 0.0675
0 0.39309827456864216 0.85225 0.04951237809452363 0.0755
0 0.4484246061515379 0.86425 0.05138784696174044 0.0725
0 0.40960240060015 0.77675 0.04351087771942986 0.0645
0 0.46755438859714926 0.741 0.05288822205551388 0.059
0 0.48349587396849214 0.7975 0.05026256564141035 0.065
0 0.5153788447111778 0.84075 0.0450112528132033 0.0765
0 0.5436984246061516 0.79225 0.05138784696174044 0.0755
0 0.5195048762190547 0.7315 0.04576144036009002 0.069
0 0.48499624906226557 0.67125 0.03825956489122281 0.0665
0 0.5009377344336085 0.6125 0.04538634658664666 0.072
0 0.5125656414103525 0.54825 0.0536384096024006 0.0595
0 0.5630157539384846 0.55725 0.047261815453863466 0.0605
0 0.5549512378094523 0.6235 0.047636909227306824 0.068
0 0.5564516129032258 0.6895 0.050637659414853715 0.066
0 0.5840210052513128 0.73725 0.051762940735183796 0.0715
0 0.6093398349587397 0.788 0.05588897224306077 0.076
0 0.6069017254313578 0.6815 0.05026256564141035 0.071
0 0.6241560390097525 0.61525 0.05401350337584396 0.0645
0 0.5622655663915979 0.48475 0.05251312828207052 0.0685
0 0.5041260315078769 0.4475 0.05101275318829707 0.078
0 0.4375468867216804 0.39475 0.04463615903975994 0.0645
0 0.4645536384096024 0.34875 0.05138784696174044 0.0725
0 0.5367591897974494 0.36875 0.05326331582895724 0.0675
0 0.5738934733683421 0.41025 0.05026256564141035 0.0705
0 0.6123405851462865 0.47125 0.0536384096024006 0.0725
0 0.5712678169542386 0.31775 0.046511627906976744 0.0695
0 0.6151537884471118 0.2815 0.05026256564141035 0.067
0 0.6280945236309077 0.35625 0.052138034508627154 0.0705
0 0.6854838709677419 0.277 0.04688672168042011 0.067
0 0.7355588897224306 0.30575 0.05326331582895724 0.0635
0 0.7753188297074268 0.356 0.05401350337584396 0.059
0 0.786384096024006 0.408 0.04838709677419355 0.068
0 0.8383345836459115 0.415 0.051762940735183796 0.06
0 0.7286196549137285 0.395 0.04463615903975994 0.058
0 0.6822955738934734 0.36925 0.05401350337584396 0.0665
0 0.6513503375843961 0.42825 0.04838709677419355 0.0575
0 0.7053638409602401 0.43325 0.04988747186796699 0.0665
0 0.7612528132033008 0.46225 0.056639159789947484 0.0645
0 0.8246436609152288 0.504 0.056639159789947484 0.07
0 0.8735933983495874 0.467 0.05026256564141035 0.064
0 0.8960990247561891 0.5215 0.04876219054763691 0.078
0 0.904913728432108 0.5915 0.05813953488372093 0.071
0 0.8488372093023255 0.58075 0.06151537884471118 0.0705
0 0.7792573143285821 0.53125 0.05288822205551388 0.0675
0 0.7871342835708928 0.5965 0.05588897224306077 0.071
0 0.7228057014253564 0.51175 0.05326331582895724 0.0735
0 0.731807951987997 0.5825 0.04951237809452363 0.061
0 0.667291822955739 0.48725 0.04801200300075019 0.0685
0 0.6794823705926482 0.554 0.05288822205551388 0.064
0 0.6247186796699175 0.54925 0.05438859714928732 0.0635
0 0.6731057764441111 0.61625 0.050637659414853715 0.0605
0 0.6607276819204801 0.687 0.0536384096024006 0.076
0 0.7117404351087772 0.698 0.05438859714928732 0.07
0 0.7653788447111778 0.65575 0.05813953488372093 0.0645
0 0.8225806451612904 0.68925 0.05326331582895724 0.0675
0 0.8674043510877719 0.6485 0.055138784696174045 0.067
0 0.9281695423855963 0.6685 0.050637659414853715 0.075
0 0.9112903225806451 0.7315 0.05738934733683421 0.065
0 0.8555888972243061 0.7265 0.05476369092273068 0.074
0 0.8199549887471868 0.7565 0.056264066016504126 0.079
0 0.871530382595649 0.80375 0.050637659414853715 0.0775
0 0.7550637659414854 0.74125 0.04951237809452363 0.0695
0 0.7036759189797449 0.752 0.05401350337584396 0.064
0 0.655476369092273 0.76175 0.05588897224306077 0.0625
0 0.6631657914478619 0.81625 0.05101275318829707 0.0735
0 0.7156789197299325 0.8285 0.05701425356339085 0.073
0 0.7685671417854464 0.81525 0.05326331582895724 0.0665
0 0.8218304576144037 0.86025 0.05701425356339085 0.0685
0 0.7876969242310577 0.91725 0.05776444111027757 0.0805
0 0.7372468117029257 0.909 0.05138784696174044 0.084
0 0.6789197299324832 0.898 0.05251312828207052 0.074
0 0.627344336084021 0.879 0.04988747186796699 0.077
0 0.576331582895724 0.85275 0.047636909227306824 0.0755
