0 0.11721680420105027 0.45575 0.059639909977494375 0.0745
0 0.14009752438109527 0.51325 0.055138784696174045 0.0665
0 0.16522880720180044 0.46775 0.047636909227306824 0.0785
0 0.19036009002250562 0.524 0.04838709677419355 0.077
0 0.22074268567141786 0.4935 0.05588897224306077 0.067
0 0.2021755438859715 0.4215 0.05026256564141035 0.066
0 0.24681170292573143 0.4365 0.05401350337584396 0.067
0 0.27813203300825207 0.50075 0.04838709677419355 0.0725
0 0.1511627906976744 0.38725 0.051762940735183796 0.0715
0 0.09733683420855214 0.37575 0.0536384096024006 0.0765
0 0.12584396099024756 0.30325 0.04913728432108027 0.0745
0 0.15960240060015005 0.2575 0.05888972243060765 0.081
0 0.17423105776444112 0.332 0.05288822205551388 0.077
0 0.21717929482370593 0.3745 0.05701425356339085 0.076
0 0.23443360840210054 0.29825 0.056264066016504126 0.0745
0 0.22074268567141786 0.22575 0.04838709677419355 0.0745
0 0.29163540885221306 0.1775 0.05288822205551388 0.082
0 0.28507126781695424 0.25125 0.05926481620405101 0.0685
0 0.3027006751687922 0.32075 0.05776444111027757 0.0715
0 0.27569392348087024 0.376 0.05701425356339085 0.07
0 0.3325206301575394 0.39125 0.05288822205551388 0.0745
0 0.30701425356339085 0.44225 0.05813953488372093 0.0685
0 0.33983495873968494 0.503 0.051762940735183796 0.075
0 0.3115153788447112 0.5555 0.05438859714928732 0.062
0 0.26106526631657917 0.55625 0.051762940735183796 0.0515
0 0.21305326331582897 0.59225 0.04951237809452363 0.0615
0 0.1445986496624156 0.59175 0.050637659414853715 0.0675
0 0.16485371342835708 0.679 0.05288822205551388 0.071
0 0.2601275318829707 0.69075 0.04838709677419355 0.0625
0 0.2659414853713428 0.6195 0.04351087771942986 0.057
0 0.3117029257314329 0.62775 0.056264066016504126 0.0625
0 0.3102025506376594 0.688 0.046511627906976744 0.056
0 0.35521380345086273 0.6765 0.05101275318829707 0.068
0 0.3642160540135034 0.611 0.05026256564141035 0.06
0 0.40678919729932483 0.66625 0.04688672168042011 0.0695
0 0.4472993248312078 0.6265 0.052138034508627154 0.056
0 0.3705926481620405 0.55275 0.05401350337584396 0.0555
0 0.42441860465116277 0.569 0.05138784696174044 0.062
0 0.44992498124531133 0.51675 0.055138784696174045 0.0645
0 0.4821830457614404 0.569 0.050637659414853715 0.072
0 0.3809077269317329 0.46825 0.05288822205551388 0.0575
0 0.43267066766691675 0.44825 0.050637659414853715 0.0755
0 0.39122280570142537 0.401 0.05326331582895724 0.074
0 0.363278319579895 0.3295 0.05288822205551388 0.077
0 0.4167291822955739 0.318 0.05326331582895724 0.083
0 0.3792198049512378 0.26025 0.05326331582895724 0.0795
0 0.35690172543135784 0.19 0.05588897224306077 0.082
0 0.42610652663165793 0.208 0.05401350337584396 0.083
0 0.4769317329332333 0.1665 0.05588897224306077 0.087
0 0.47336834208552137 0.256 0.05776444111027757 0.076
0 0.4585521380345086 0.38575 0.0536384096024006 0.0635
0 0.49118529632408103 0.32525 0.05288822205551388 0.0775
0 0.5463240810202551 0.36025 0.056639159789947484 0.0665
0 0.5345086271567892 0.25625 0.05476369092273068 0.0805
0 0.5922730682670667 0.2675 0.060765191297824456 0.07
0 0.5455738934733684 0.15875 0.055138784696174045 0.0775
0 0.6054013503375844 0.1825 0.060765191297824456 0.078
0 0.6873593398349588 0.18075 0.061140285071267814 0.0815
0 0.7376219054763691 0.216 0.05438859714928732 0.08
0 0.6944861215303826 0.26425 0.0536384096024006 0.0825
0 0.7646286571642911 0.29375 0.06339084771192798 0.0905
0 0.7179294823705926 0.328 0.06601650412603151 0.078
0 0.6513503375843961 0.32475 0.061140285071267814 0.0715
0 0.5993998499624906 0.3515 0.05776444111027757 0.074
0 0.6280945236309077 0.408 0.056639159789947484 0.069
0 0.5707051762940735 0.41625 0.05588897224306077 0.0755
0 0.5097524381095274 0.41425 0.05326331582895724 0.0665
0 0.49774943735933985 0.48 0.05326331582895724 0.056
0 0.5532633158289573 0.4815 0.051762940735183796 0.068
0 0.5300075018754689 0.54675 0.051762940735183796 0.0725
0 0.5823330832708177 0.54425 0.055138784696174045 0.0645
0 0.6037134283570893 0.466 0.04988747186796699 0.064
0 0.6573518379594899 0.45875 0.050637659414853715 0.0725
0 0.7164291072768192 0.459 0.056264066016504126 0.07
0 0.6862340585146287 0.39675 0.052138034508627154 0.0785
0 0.6363465866466617 0.52475 0.055138784696174045 0.0625
0 0.6875468867216804 0.51475 0.047261815453863466 0.0675
0 0.7426856714178545 0.5155 0.05251312828207052 0.059
0 0.5241935483870968 0.61125 0.04838709677419355 0.0695
0 0.5740810202550638 0.60475 0.047636909227306824 0.0615
0 0.627344336084021 0.596 0.05138784696174044 0.067
0 0.6757314328582146 0.58575 0.0536384096024006 0.0675
0 0.7269317329332333 0.58075 0.051762940735183796 0.0585
0 0.7792573143285821 0.5855 0.04913728432108027 0.068
0 0.7968867216804201 0.51625 0.04463615903975994 0.0655
0 0.8364591147786947 0.56675 0.051762940735183796 0.0635
0 0.7755063765941486 0.45225 0.055138784696174045 0.0625
0 0.744748687171793 0.39275 0.05138784696174044 0.0755
0 0.8019504876219055 0.35225 0.060765191297824456 0.0735
0 0.8505251312828207 0.361 0.056639159789947484 0.073
0 0.8750937734433608 0.4225 0.046511627906976744 0.082
0 0.8285821455363841 0.4385 0.058514628657164294 0.068
0 0.8524006001500375 0.4955 0.04688672168042011 0.073
0 0.8769692423105776 0.54125 0.05026256564141035 0.0645
0 0.9127906976744186 0.47625 0.056639159789947484 0.0715
0 0.9501125281320331 0.44325 0.0450112528132033 0.0665
