0 0.04257314328582146 0.53625 0.03938484621155289 0.0445
0 0.0536384096024006 0.59025 0.037509377344336084 0.0415
0 0.08758439609902476 0.53675 0.034133533383345835 0.0435
0 0.09827456864216054 0.572 0.025506376594148537 0.044
0 0.08270817704426106 0.614 0.034133533383345835 0.039
0 0.0900225056264066 0.66525 0.03375843960990248 0.0395
0 0.10952738184546136 0.60975 0.024006001500375095 0.0365
0 0.1275318829707427 0.65075 0.03150787696924231 0.0425
0 0.1245311327831958 0.612 0.037509377344336084 0.039
0 0.16204051012753187 0.63875 0.03075768942235559 0.0395
0 0.11759189797449363 0.56925 0.034133533383345835 0.0425
0 0.07108027006751688 0.475 0.032633158289572396 0.045
0 0.09827456864216054 0.494 0.03375843960990248 0.048
0 0.1235933983495874 0.51925 0.034133533383345835 0.0445
0 0.08983495873968492 0.4095 0.036384096024006 0.046
0 0.11271567891972993 0.437 0.03188297074268567 0.035
0 0.12584396099024756 0.45125 0.038634658664666165 0.0465
0 0.12809452363090773 0.38875 0.036384096024006 0.0515
0 0.16447861965491373 0.3325 0.034133533383345835 0.05
0 0.1723555888972243 0.377 0.02738184546136534 0.05
0 0.15735183795948987 0.41575 0.03338334583645911 0.0465
0 0.1837959489872468 0.4225 0.033008252063015754 0.047
0 0.1723555888972243 0.45925 0.03488372093023256 0.0435
0 0.15153788447111777 0.486 0.035258814703675916 0.044
0 0.1991747936984246 0.4605 0.03150787696924231 0.04
0 0.18454613653413354 0.49525 0.029257314328582147 0.0455
0 0.1667291822955739 0.53625 0.03488372093023256 0.0525
0 0.21230307576894222 0.49975 0.03600900225056264 0.0455
0 0.2108027006751688 0.5235 0.03075768942235559 0.031
0 0.2087396849212303 0.5665 0.03788447111777944 0.044
0 0.22186796699174793 0.6025 0.032633158289572396 0.036
0 0.23818454613653414 0.63375 0.03225806451612903 0.0425
0 0.21024006001500375 0.30975 0.036384096024006 0.0445
0 0.21211552888222054 0.3535 0.034133533383345835 0.047
0 0.23218304576144036 0.39 0.028507126781695424 0.046
0 0.2528132033008252 0.379 0.03075768942235559 0.049
0 0.25825206301575393 0.4165 0.030382595648912228 0.042
0 0.2516879219804951 0.47125 0.03825956489122281 0.0415
0 0.2539384846211553 0.52225 0.03900975243810953 0.0475
0 0.2556264066016504 0.5645 0.03938484621155289 0.051
0 0.2702550637659415 0.59 0.03788447111777944 0.032
0 0.28750937734433607 0.62475 0.036384096024006 0.0445
0 0.299887471867967 0.5715 0.034133533383345835 0.047
0 0.28675918979744935 0.51575 0.037134283570892726 0.0515
0 0.24306076519129782 0.28025 0.033008252063015754 0.0505
0 0.2618154538634659 0.25725 0.037509377344336084 0.0475
0 0.25450112528132035 0.31675 0.03113278319579895 0.0515
0 0.2820705176294073 0.31175 0.04426106526631658 0.0475
0 0.2843210802700675 0.3495 0.03825956489122281 0.046
0 0.2843210802700675 0.419 0.03825956489122281 0.045
0 0.3100150037509377 0.38575 0.03488372093023256 0.0465
0 0.2978244561140285 0.46 0.03675918979744936 0.045
0 0.32483120780195046 0.548 0.03900975243810953 0.046
0 0.34752438109527384 0.58975 0.043135783945986494 0.0435
0 0.3218304576144036 0.5035 0.03675918979744936 0.046
0 0.3439609902475619 0.466 0.03375843960990248 0.049
0 0.3276444111027757 0.417 0.03338334583645911 0.041
0 0.33589647411852963 0.195 0.041635408852213056 0.042
0 0.32295573893473367 0.25475 0.04126031507876969 0.0445
0 0.3235183795948987 0.295 0.04463615903975994 0.05
0 0.32820705176294074 0.34475 0.03975993998499625 0.0475
0 0.35277569392348085 0.38025 0.036384096024006 0.0425
0 0.3696549137284321 0.42475 0.03488372093023256 0.0625
0 0.3606526631657914 0.51725 0.03938484621155289 0.0515
0 0.3677794448612153 0.5555 0.03338334583645911 0.039
0 0.39309827456864216 0.5505 0.03600900225056264 0.051
0 0.3953488372093023 0.5865 0.0345086271567892 0.046
0 0.4264816204051013 0.594 0.03825956489122281 0.046
0 0.4628657164291073 0.6065 0.04051012753188297 0.039
0 0.38147036759189795 0.47825 0.035258814703675916 0.0495
0 0.41410352588147037 0.501 0.03600900225056264 0.057
0 0.44373593398349587 0.53625 0.035258814703675916 0.0445
0 0.4748687171792948 0.55275 0.033008252063015754 0.0475
0 0.5084396099024756 0.5805 0.03788447111777944 0.044
0 0.35952738184546135 0.231 0.03488372093023256 0.053
0 0.3934733683420855 0.23725 0.04351087771942986 0.0515
0 0.38972243060765194 0.197 0.03975993998499625 0.048
0 0.42104276069017255 0.2075 0.03338334583645911 0.055
0 0.4694298574643661 0.16825 0.03788447111777944 0.0435
0 0.4392348087021755 0.252 0.0345086271567892 0.053
0 0.3681545386346587 0.30175 0.036384096024006 0.0475
0 0.37621905476369094 0.345 0.035258814703675916 0.052
0 0.3915978994748687 0.389 0.03900975243810953 0.045
0 0.40847711927981994 0.29975 0.037509377344336084 0.0515
0 0.4051012753188297 0.34675 0.03975993998499625 0.0535
0 0.4163540885221305 0.44825 0.03675918979744936 0.0455
0 0.44392348087021755 0.29775 0.037134283570892726 0.0535
0 0.43717179294823705 0.36475 0.038634658664666165 0.0595
0 0.43023255813953487 0.41125 0.035258814703675916 0.0555
0 0.45330082520630155 0.43825 0.03563390847711928 0.0505
0 0.45480120030007504 0.48675 0.036384096024006 0.0535
0 0.4821830457614404 0.507 0.03488372093023256 0.05
0 0.5 0.22225 0.03075768942235559 0.0575
0 0.5290697674418605 0.2145 0.03488372093023256 0.044
0 0.49268567141785446 0.29275 0.03563390847711928 0.0475
0 0.5180045011252813 0.27075 0.03600900225056264 0.0485
0 0.5496999249812453 0.25325 0.037134283570892726 0.0525
0 0.4713053263315829 0.33375 0.038634658664666165 0.0525
0 0.47505626406601653 0.386 0.03938484621155289 0.054
0 0.5151912978244562 0.3315 0.036384096024006 0.048
0 0.5466991747936985 0.3055 0.04088522130532633 0.054
0 0.49268567141785446 0.42475 0.03788447111777944 0.0455
0 0.5144411102775694 0.3845 0.03938484621155289 0.054
0 0.5542010502625656 0.351 0.03788447111777944 0.054
0 0.5481995498874719 0.4065 0.038634658664666165 0.051
0 0.527569392348087 0.43975 0.038634658664666165 0.0515
0 0.5015003750937734 0.47525 0.04051012753188297 0.0495
0 0.514066016504126 0.50875 0.03488372093023256 0.0525
0 0.5301950487621906 0.5465 0.032633158289572396 0.048
0 0.5570142535633908 0.57725 0.04351087771942986 0.0465
0 0.5873968492123031 0.54925 0.03975993998499625 0.0495
0 0.5513878469617405 0.47575 0.03675918979744936 0.0465
0 0.5710802700675168 0.4425 0.036384096024006 0.046
0 0.5883345836459115 0.47975 0.03338334583645911 0.0545
0 0.5860840210052514 0.391 0.03788447111777944 0.051
0 0.5872093023255814 0.3255 0.03788447111777944 0.053
0 0.5894598649662416 0.277 0.03938484621155289 0.053
0 0.5986496624156039 0.23 0.03975993998499625 0.058
0 0.6271567891972993 0.22425 0.0345086271567892 0.0555
0 0.6234058514628658 0.269 0.03675918979744936 0.054
0 0.6108402100525131 0.318 0.034133533383345835 0.057
0 0.618529632408102 0.36575 0.037509377344336084 0.0495
0 0.6099024756189048 0.4135 0.035258814703675916 0.051
0 0.6445986496624156 0.29525 0.03788447111777944 0.0555
0 0.6682295573893473 0.258 0.037134283570892726 0.057
0 0.691297824456114 0.2935 0.037509377344336084 0.055
0 0.6762940735183796 0.324 0.03825956489122281 0.05
0 0.6560390097524381 0.36525 0.037509377344336084 0.0495
0 0.6397224306076519 0.4095 0.03488372093023256 0.048
0 0.6423480870217554 0.4585 0.03788447111777944 0.053
0 0.6202175543885972 0.49725 0.04088522130532633 0.0525
0 0.6280945236309077 0.53975 0.041635408852213056 0.0475
0 0.6054013503375844 0.578 0.04051012753188297 0.045
0 0.6292198049512379 0.62025 0.038634658664666165 0.0515
0 0.6536009002250562 0.5665 0.03938484621155289 0.05
0 0.667291822955739 0.52075 0.03975993998499625 0.0505
0 0.6757314328582146 0.46825 0.037134283570892726 0.0445
0 0.6781695423855963 0.429 0.03825956489122281 0.047
0 0.6897974493623406 0.37725 0.03825956489122281 0.0565
0 0.7201800450112528 0.34375 0.03675918979744936 0.0525
0 0.7241185296324081 0.29725 0.036384096024006 0.0565
0 0.7188672168042011 0.23825 0.038634658664666165 0.0525
0 0.741747936984246 0.177 0.038634658664666165 0.056
0 0.7484996249062266 0.24375 0.03338334583645911 0.0505
0 0.7980120030007501 0.221 0.03488372093023256 0.054
0 0.7788822205551388 0.281 0.034133533383345835 0.047
0 0.7650037509377344 0.35425 0.03938484621155289 0.0515
0 0.7308702175543886 0.3875 0.03488372093023256 0.047
0 0.7096774193548387 0.435 0.037509377344336084 0.05
0 0.7710052513128282 0.394 0.034133533383345835 0.049
0 0.7578769692423106 0.43 0.03938484621155289 0.051
0 0.731245311327832 0.47175 0.03788447111777944 0.0515
0 0.7093023255813954 0.51275 0.03675918979744936 0.0505
0 0.7023630907726932 0.5585 0.03788447111777944 0.047
0 0.6826706676669168 0.61025 0.035258814703675916 0.0455
0 0.6704801200300075 0.66375 0.037134283570892726 0.0425
0 0.6987996999249813 0.64975 0.03225806451612903 0.0445
0 0.7385596399099775 0.69575 0.0345086271567892 0.0435
0 0.736496624156039 0.66 0.03488372093023256 0.048
0 0.7205551387846961 0.599 0.03600900225056264 0.046
0 0.7492498124531133 0.582 0.036384096024006 0.048
0 0.7434358589647412 0.53975 0.033008252063015754 0.0515
0 0.7584396099024756 0.496 0.0345086271567892 0.053
0 0.7826331582895724 0.54675 0.03338334583645911 0.0505
0 0.8169542385596399 0.58425 0.03825956489122281 0.0415
0 0.7968867216804201 0.62 0.04088522130532633 0.041
0 0.8171417854463616 0.54125 0.03113278319579895 0.0485
0 0.7875093773443361 0.4925 0.032633158289572396 0.046
0 0.7897599399849963 0.449 0.04013503375843961 0.059
0 0.8394598649662416 0.50575 0.0345086271567892 0.0525
0 0.8332708177044261 0.4565 0.03188297074268567 0.049
0 0.8163915978994749 0.412 0.038634658664666165 0.054
0 0.8448987246811703 0.41425 0.032633158289572396 0.0525
0 0.805701425356339 0.3505 0.03600900225056264 0.053
0 0.832145536384096 0.36775 0.036384096024006 0.0515
0 0.8752813203300825 0.36425 0.038634658664666165 0.0445
0 0.8880345086271568 0.32425 0.037134283570892726 0.0555
0 0.8355213803450863 0.317 0.04088522130532633 0.05
0 0.8255813953488372 0.2755 0.04351087771942986 0.049
0 0.8531507876969242 0.24425 0.036384096024006 0.0535
0 0.1541635408852213 0.589 0.0345086271567892 0.043
