0 0.3954358398802843 0.947 0.04414515525626637 0.064
0 0.4384586606808829 0.93075 0.04489337822671156 0.0605
0 0.4781144781144781 0.927 0.03591470258136925 0.047
0 0.5220725776281332 0.931 0.033295922184811075 0.061
0 0.3658810325476992 0.911 0.04713804713804714 0.06
0 0.4047886270108492 0.8795 0.038159371492704826 0.063
0 0.46258885147774037 0.87775 0.03853348297792742 0.0585
0 0.49588477366255146 0.861 0.03254769921436588 0.05
0 0.5417134306023195 0.878 0.03741114852225964 0.058
0 0.5282454171343061 0.817 0.04040404040404041 0.056
0 0.4878413767302656 0.8145 0.038159371492704826 0.058
0 0.44089038533482977 0.827 0.040778151889263 0.054
0 0.3778526000748223 0.82 0.04489337822671156 0.052
0 0.34081556303778526 0.851 0.038159371492704826 0.061
0 0.345679012345679 0.7895 0.04564160119715675 0.046
0 0.4171343060231949 0.7885 0.04713804713804714 0.058
0 0.4558548447437336 0.77275 0.04152637485970819 0.0515
0 0.49513655069210627 0.76425 0.036288814066591846 0.0605
0 0.5344182566404788 0.764 0.040029928918817806 0.056
0 0.3071455293677516 0.73925 0.03741114852225964 0.0585
0 0.3497942386831276 0.728 0.03890759446315002 0.058
0 0.3939393939393939 0.73475 0.03591470258136925 0.0535
0 0.43415637860082307 0.725 0.031051253273475497 0.057
0 0.47512158623269735 0.71575 0.04339693228582117 0.0615
0 0.5344182566404788 0.7075 0.040029928918817806 0.051
0 0.2757201646090535 0.65425 0.04788627010849233 0.0585
0 0.3372615039281706 0.671 0.040778151889263 0.057
0 0.377665544332211 0.68775 0.04227459783015339 0.0705
0 0.4225589225589226 0.67125 0.037037037037037035 0.0485
0 0.4678264122708567 0.656 0.036288814066591846 0.055
0 0.5080433969322858 0.671 0.03965581743359521 0.053
0 0.522633744855967 0.62775 0.03965581743359521 0.0515
0 0.525065469509914 0.572 0.03479236812570146 0.059
0 0.4895248784137673 0.60525 0.04302282080059858 0.0545
0 0.44294799850355404 0.62275 0.038159371492704826 0.0595
0 0.40179573512906847 0.602 0.0411522633744856 0.061
0 0.3666292555181444 0.6225 0.04040404040404041 0.051
0 0.2822671156004489 0.59575 0.03928170594837262 0.0545
0 0.32398054620276845 0.57425 0.04414515525626637 0.0595
0 0.3655069210624766 0.56925 0.041900486344930786 0.0535
0 0.42573887018331463 0.5565 0.0411522633744856 0.063
0 0.46352413019079686 0.566 0.03890759446315002 0.051
0 0.5327347549569772 0.50925 0.03890759446315002 0.0525
0 0.5282454171343061 0.445 0.03741114852225964 0.046
0 0.49176954732510286 0.531 0.036288814066591846 0.055
0 0.44706322484100264 0.455 0.031425364758698095 0.055
0 0.45454545454545453 0.51175 0.03965581743359521 0.0545
0 0.40852974186307517 0.454 0.04040404040404041 0.052
0 0.4074074074074074 0.5105 0.04339693228582117 0.059
0 0.3724279835390947 0.4335 0.04302282080059858 0.054
0 0.3658810325476992 0.48475 0.04564160119715675 0.0515
0 0.3292181069958848 0.518 0.0411522633744856 0.056
0 0.2828282828282828 0.48675 0.041900486344930786 0.0555
0 0.29292929292929293 0.42325 0.04264870931537598 0.0515
0 0.3267863823419379 0.45425 0.04227459783015339 0.0535
0 0.3004115226337449 0.363 0.0411522633744856 0.055
0 0.3060231949120838 0.28825 0.04040404040404041 0.0565
0 0.343808454919566 0.3235 0.0411522633744856 0.065
0 0.37298915076692857 0.364 0.041900486344930786 0.051
0 0.4079685746352413 0.39675 0.040778151889263 0.0555
0 0.3840254395809951 0.3 0.040029928918817806 0.051
0 0.4160119715675271 0.33175 0.04040404040404041 0.0485
0 0.44725028058361394 0.371 0.03928170594837262 0.056
0 0.4401421623643846 0.31225 0.031051253273475497 0.0515
0 0.4704451926674149 0.291 0.03254769921436588 0.052
0 0.4801720912832024 0.35675 0.036288814066591846 0.0535
0 0.4788627010849233 0.4185 0.03591470258136925 0.056
0 0.5091657313879536 0.397 0.03741114852225964 0.056
0 0.5067340067340067 0.318 0.03179947624392069 0.053
0 0.5385334829779275 0.35525 0.03928170594837262 0.0515
0 0.5267489711934157 0.23775 0.03591470258136925 0.0495
0 0.5361017583239805 0.18825 0.03666292555181444 0.0505
0 0.49158249158249157 0.2135 0.03367003367003367 0.053
0 0.4509913954358399 0.24475 0.034044145155256264 0.0465
0 0.4182566404788627 0.262 0.03890759446315002 0.05
0 0.37355031799476246 0.244 0.040778151889263 0.063
0 0.34193789749345305 0.258 0.04339693228582117 0.056
0 0.32023943135054245 0.21725 0.04414515525626637 0.0595
0 0.3484848484848485 0.19175 0.04601571268237935 0.0515
0 0.36419753086419754 0.149 0.040778151889263 0.048
0 0.3993640104751216 0.1915 0.03928170594837262 0.046
0 0.40385334829779274 0.11725 0.046763935652824544 0.0515
0 0.43153759820426485 0.151 0.033295922184811075 0.057
0 0.4696969696969697 0.1745 0.037037037037037035 0.051
0 0.5076692854470632 0.15875 0.03741114852225964 0.0505
0 0.4489337822671156 0.09925 0.03965581743359521 0.0575
0 0.489337822671156 0.10375 0.04040404040404041 0.0505
0 0.5267489711934157 0.111 0.03741114852225964 0.055
0 0.5757575757575758 0.115 0.04489337822671156 0.055
0 0.6036288814066592 0.15525 0.03479236812570146 0.0475
0 0.5703329592218481 0.18125 0.03554059109614665 0.0545
0 0.6032547699214366 0.20525 0.03479236812570146 0.0445
0 0.6290684624017957 0.1955 0.03479236812570146 0.046
0 0.6616161616161617 0.21675 0.03554059109614665 0.0505
0 0.6911709689487467 0.24775 0.03778526000748223 0.0495
0 0.7139917695473251 0.28675 0.037037037037037035 0.0565
0 0.7485970819304153 0.31575 0.03292181069958848 0.0455
0 0.765993265993266 0.36575 0.03778526000748223 0.0505
0 0.7285821174710063 0.37975 0.037037037037037035 0.0515
0 0.6994014216236438 0.37825 0.03254769921436588 0.0565
0 0.7055742611298167 0.33475 0.034418256640478866 0.0505
0 0.6728395061728395 0.30025 0.03179947624392069 0.0525
0 0.6475869809203143 0.25875 0.034418256640478866 0.0475
0 0.6107369996258886 0.263 0.02880658436213992 0.058
0 0.5729517396184063 0.249 0.040029928918817806 0.057
0 0.6447811447811448 0.30425 0.025065469509913955 0.0525
0 0.6674148896371118 0.34625 0.03591470258136925 0.0455
0 0.6111111111111112 0.338 0.036288814066591846 0.052
0 0.5852974186307519 0.30025 0.03853348297792742 0.0545
0 0.5480733258511036 0.2935 0.04339693228582117 0.054
0 0.576505798728021 0.3605 0.03965581743359521 0.044
0 0.636737747848859 0.38 0.03591470258136925 0.044
0 0.6038159371492705 0.39475 0.034418256640478866 0.0545
0 0.567153011597456 0.42 0.03367003367003367 0.053
0 0.5624766180321736 0.47175 0.036288814066591846 0.0525
0 0.5585484474373363 0.54 0.035166479610924055 0.053
0 0.5882903105125328 0.5055 0.030303030303030304 0.055
0 0.5961466517022073 0.45025 0.03554059109614665 0.0505
0 0.6213991769547325 0.4845 0.032173587729143284 0.054
0 0.6389824167601945 0.42525 0.03591470258136925 0.0565
0 0.6604938271604939 0.46875 0.04152637485970819 0.0465
0 0.6705948372615039 0.42575 0.02955480733258511 0.0475
0 0.7121212121212122 0.434 0.037037037037037035 0.054
0 0.7414889637111859 0.424 0.035166479610924055 0.046
0 0.7865693976805088 0.40975 0.03554059109614665 0.0535
0 0.8032173587729143 0.4805 0.0306771417882529 0.056
0 0.7605686494575383 0.47225 0.03367003367003367 0.0535
0 0.7283950617283951 0.49875 0.034418256640478866 0.0565
0 0.6984661429105874 0.4815 0.03591470258136925 0.054
0 0.6591844369622147 0.52175 0.035166479610924055 0.0525
0 0.6202768424990647 0.53475 0.03591470258136925 0.0505
0 0.5980172091283202 0.571 0.052749719416386086 0.053
0 0.7042648709315376 0.53175 0.03853348297792742 0.0485
0 0.556490834268612 0.587 0.034044145155256264 0.05
0 0.6255144032921811 0.58875 0.03591470258136925 0.0525
0 0.6416011971567527 0.574 0.026936026936026935 0.048
0 0.721473999251777 0.58125 0.040029928918817806 0.0555
0 0.7545828656939768 0.547 0.035166479610924055 0.049
0 0.7742237186681631 0.5135 0.03554059109614665 0.049
0 0.7349420127197905 0.61725 0.040029928918817806 0.0485
0 0.6743359521137299 0.6135 0.03554059109614665 0.048
0 0.7124953236064347 0.651 0.04302282080059858 0.046
0 0.6507669285447063 0.634 0.034044145155256264 0.048
0 0.6225215114104004 0.64175 0.03591470258136925 0.0525
0 0.5864197530864198 0.629 0.03479236812570146 0.054
0 0.5594837261503928 0.671 0.03853348297792742 0.057
0 0.5963337074448185 0.68825 0.03591470258136925 0.0585
0 0.6380471380471381 0.694 0.037037037037037035 0.054
0 0.6767676767676768 0.67725 0.0411522633744856 0.0515
0 0.6518892630003741 0.7475 0.04152637485970819 0.057
0 0.6176580621025065 0.7445 0.035166479610924055 0.05
0 0.5630377852600075 0.731 0.035166479610924055 0.051
0 0.56771417882529 0.8055 0.03853348297792742 0.06
0 0.6243920688365133 0.7935 0.038159371492704826 0.052
0 0.6000748222970446 0.83975 0.03965581743359521 0.0445
0 0.5755705200149644 0.889 0.040029928918817806 0.046
0 0.33595211372989153 0.38925 0.04040404040404041 0.0625
