0 0.4341710427606902 0.17 0.07914478619654913 0.099
0 0.2989497374343586 0.2875 0.07651912978244561 0.099
0 0.25468867216804203 0.3645 0.07351837959489872 0.087
0 0.18904726181545387 0.458 0.07501875468867217 0.09
0 0.16897974493623405 0.508 0.07314328582145536 0.07
0 0.10558889722430607 0.592 0.061890472618154536 0.09
0 0.18548387096774194 0.58525 0.07689422355588897 0.0895
0 0.15210052513128283 0.64275 0.0641410352588147 0.0855
0 0.2535633908477119 0.61025 0.072768192048012 0.0865
0 0.21605401350337583 0.70625 0.05926481620405101 0.0885
0 0.2933233308327082 0.6795 0.06001500375093773 0.085
0 0.29088522130532635 0.75875 0.06639159789947487 0.0825
0 0.354463615903976 0.72125 0.06601650412603151 0.0845
0 0.349774943735934 0.62125 0.07164291072768192 0.0825
0 0.3132033008252063 0.55 0.07426856714178545 0.086
0 0.28863465866466614 0.4615 0.0708927231807952 0.1
0 0.3546511627906977 0.46425 0.07539384846211553 0.0975
0 0.31882970742685673 0.372 0.06601650412603151 0.111
0 0.39234808702175544 0.38475 0.07351837959489872 0.0845
0 0.37978244561140284 0.561 0.07389347336834208 0.099
0 0.4156039009752438 0.7305 0.06526631657914479 0.09
0 0.422543135783946 0.6355 0.061890472618154536 0.094
0 0.4821830457614404 0.703 0.06339084771192798 0.091
0 0.5206301575393848 0.777 0.06826706676669167 0.093
0 0.4981245311327832 0.62025 0.07126781695423856 0.0845
0 0.4566766691672918 0.53625 0.07614403600900226 0.0865
0 0.44973743435858965 0.453 0.07801950487621906 0.095
0 0.3970367591897975 0.28675 0.06564141035258815 0.0985
0 0.4653038259564891 0.262 0.07614403600900226 0.102
0 0.47093023255813954 0.36475 0.07539384846211553 0.0915
0 0.5525131282820706 0.2195 0.07051762940735183 0.084
0 0.6301575393848462 0.21575 0.08102025506376594 0.0995
0 0.5416354088522131 0.31875 0.08102025506376594 0.0995
0 0.6282820705176294 0.3235 0.08402100525131283 0.098
0 0.7063015753938484 0.31025 0.07501875468867217 0.0965
0 0.5172543135783946 0.4385 0.07201800450112528 0.09
0 0.5767066766691673 0.40275 0.06939234808702176 0.1005
0 0.6481620405101275 0.424 0.07576894223555888 0.084
0 0.7636909227306826 0.381 0.07426856714178545 0.111
0 0.7134283570892723 0.46425 0.07351837959489872 0.1025
0 0.8201425356339085 0.412 0.07539384846211553 0.095
0 0.5455738934733684 0.5435 0.06564141035258815 0.087
0 0.6365341335333834 0.5185 0.07426856714178545 0.092
0 0.777569392348087 0.5105 0.08177044261065267 0.098
0 0.8724681170292573 0.47325 0.06826706676669167 0.0935
0 0.5564516129032258 0.6435 0.07389347336834208 0.084
0 0.609714928732183 0.5925 0.061890472618154536 0.091
0 0.6896099024756189 0.587 0.07389347336834208 0.086
0 0.7533758439609902 0.6075 0.06939234808702176 0.089
0 0.8293323330832708 0.559 0.06976744186046512 0.094
0 0.8906601650412603 0.5865 0.07539384846211553 0.097
0 0.6429107276819205 0.66825 0.0795198799699925 0.0845
0 0.7115528882220555 0.6705 0.072768192048012 0.087
0 0.7798199549887472 0.6845 0.072768192048012 0.087
0 0.8630907726931732 0.67925 0.07651912978244561 0.0855
0 0.5855213803450863 0.72675 0.07351837959489872 0.0885
0 0.5917104276069017 0.8245 0.06939234808702176 0.087
0 0.6586646661665416 0.7675 0.06376594148537135 0.091
0 0.6828582145536384 0.838 0.0708927231807952 0.075
0 0.7289947486871718 0.76325 0.07164291072768192 0.0855
0 0.7520630157539385 0.82725 0.07351837959489872 0.0845
0 0.8088897224306076 0.7635 0.07839459864966242 0.092
