0 0.11496624156039009 0.445 0.07464366091522881 0.105
0 0.15660165041260315 0.5325 0.06489122280570142 0.106
0 0.20948987246811704 0.57825 0.06564141035258815 0.0795
0 0.25468867216804203 0.54625 0.06826706676669167 0.0875
0 0.2108027006751688 0.45825 0.07726931732933233 0.0955
0 0.1629782445611403 0.379 0.07614403600900226 0.098
0 0.2173668417104276 0.305 0.08439609902475619 0.087
0 0.26650412603150786 0.38525 0.07764441110277569 0.0965
0 0.2948237059264816 0.30075 0.07351837959489872 0.1025
0 0.34602400600150035 0.39375 0.07464366091522881 0.0915
0 0.42104276069017255 0.398 0.06864216054013503 0.097
0 0.3869092273068267 0.3105 0.07539384846211553 0.099
0 0.4761815453863466 0.277 0.06864216054013503 0.094
0 0.481807951987997 0.3695 0.07764441110277569 0.098
0 0.4703675918979745 0.4635 0.07651912978244561 0.09
0 0.2978244561140285 0.4715 0.07651912978244561 0.099
0 0.3709677419354839 0.48225 0.06826706676669167 0.0895
0 0.3237059264816204 0.561 0.06976744186046512 0.1
0 0.29182295573893474 0.63675 0.0690172543135784 0.0935
0 0.35952738184546135 0.63275 0.061140285071267814 0.0825
0 0.3915978994748687 0.56725 0.07051762940735183 0.1015
0 0.45555138784696175 0.55475 0.06939234808702176 0.1055
0 0.4309827456864216 0.6315 0.07576894223555888 0.078
0 0.39478619654913727 0.7155 0.07689422355588897 0.092
0 0.46249062265566393 0.76375 0.0690172543135784 0.0885
0 0.4874343585896474 0.67375 0.06639159789947487 0.0855
0 0.508814703675919 0.598 0.07764441110277569 0.089
0 0.5356339084771192 0.5135 0.07876969242310577 0.083
0 0.5573893473368342 0.4335 0.07876969242310577 0.084
0 0.5463240810202551 0.3325 0.07164291072768192 0.099
0 0.6061515378844711 0.36325 0.07426856714178545 0.1015
0 0.61384096024006 0.2495 0.07614403600900226 0.098
0 0.6671042760690172 0.3 0.07164291072768192 0.101
0 0.7321830457614403 0.311 0.06751687921980495 0.098
0 0.7830082520630157 0.36275 0.08139534883720931 0.0925
0 0.8272693173293323 0.2915 0.07539384846211553 0.098
0 0.8653413353338335 0.38575 0.08477119279819954 0.0905
0 0.8938484621155289 0.47025 0.07726931732933233 0.0945
0 0.9081020255063766 0.56275 0.07576894223555888 0.0925
0 0.8036384096024006 0.46425 0.07014253563390847 0.0935
0 0.740060015003751 0.426 0.06751687921980495 0.094
0 0.6712303075768942 0.40025 0.07164291072768192 0.0965
0 0.6219054763690923 0.4575 0.06751687921980495 0.102
0 0.660165041260315 0.5405 0.06826706676669167 0.09
0 0.5868342085521381 0.55975 0.07239309827456865 0.0845
0 0.7449362340585146 0.515 0.06826706676669167 0.095
0 0.8070142535633908 0.55975 0.07539384846211553 0.1005
0 0.7010502625656414 0.60625 0.07351837959489872 0.0995
0 0.6282820705176294 0.6185 0.07351837959489872 0.081
0 0.5632033008252063 0.66025 0.0708927231807952 0.0935
0 0.536384096024006 0.72375 0.07501875468867217 0.0925
0 0.6114028507126782 0.744 0.07426856714178545 0.084
0 0.5609527381845462 0.8085 0.06339084771192798 0.086
0 0.6222805701425357 0.83275 0.05926481620405101 0.0955
0 0.6811702925731433 0.861 0.06301575393848462 0.084
0 0.7273068267066767 0.8145 0.06526631657914479 0.085
0 0.6714178544636159 0.75675 0.06676669167291822 0.0885
0 0.6710427606901725 0.6875 0.07801950487621906 0.092
0 0.7340585146286571 0.736 0.0795198799699925 0.093
0 0.8017629407351838 0.72975 0.06789197299324831 0.0805
0 0.772880720180045 0.6535 0.07539384846211553 0.099
0 0.8477119279819955 0.6635 0.07426856714178545 0.091
