0 0.18079519879969994 0.3795 0.060765191297824456 0.069
0 0.21717929482370593 0.3095 0.05701425356339085 0.076
0 0.2719429857464366 0.38075 0.04801200300075019 0.0775
0 0.3167666916729182 0.39475 0.05738934733683421 0.0645
0 0.345648912228057 0.433 0.04838709677419355 0.077
0 0.29932483120780196 0.46425 0.056264066016504126 0.0725
0 0.25131282820705175 0.4525 0.05101275318829707 0.074
0 0.16316579144786197 0.4715 0.05776444111027757 0.074
0 0.13840960240060016 0.549 0.05026256564141035 0.066
0 0.21005251312828208 0.5345 0.04576144036009002 0.076
0 0.2758814703675919 0.5155 0.05288822205551388 0.073
0 0.25900225056264065 0.58 0.04913728432108027 0.079
0 0.29688672168042013 0.6135 0.052138034508627154 0.079
0 0.1292198049512378 0.61675 0.04988747186796699 0.0695
0 0.1984246061515379 0.623 0.04876219054763691 0.074
0 0.23124531132783196 0.6555 0.05138784696174044 0.065
0 0.2873218304576144 0.6895 0.05251312828207052 0.074
0 0.3160165041260315 0.7435 0.05288822205551388 0.074
0 0.3612153038259565 0.74025 0.04876219054763691 0.0805
0 0.35596399099774945 0.664 0.04126031507876969 0.07
0 0.3690922730682671 0.5885 0.05101275318829707 0.063
0 0.4011627906976744 0.64475 0.046136534133533386 0.0745
0 0.4088522130532633 0.567 0.0450112528132033 0.078
0 0.3668417104276069 0.50225 0.0450112528132033 0.0755
0 0.42966991747936983 0.50125 0.052138034508627154 0.0625
0 0.3977869467366842 0.43275 0.05738934733683421 0.0635
0 0.39216054013503376 0.3715 0.04838709677419355 0.063
0 0.35090022505626406 0.33175 0.052138034508627154 0.0625
0 0.2837584396099025 0.29 0.056639159789947484 0.07
0 0.26481620405101275 0.232 0.05401350337584396 0.074
0 0.3372093023255814 0.2285 0.05026256564141035 0.076
0 0.3927231807951988 0.27275 0.056264066016504126 0.0705
0 0.41785446361590395 0.2145 0.05326331582895724 0.07
0 0.44373593398349587 0.2465 0.04951237809452363 0.065
0 0.5129407351837959 0.225 0.05738934733683421 0.074
0 0.5572018004501126 0.2625 0.056639159789947484 0.072
0 0.4883720930232558 0.29025 0.0450112528132033 0.0755
0 0.5138784696174044 0.33875 0.0450112528132033 0.0745
0 0.4315453863465866 0.32275 0.05288822205551388 0.0635
0 0.46492873218304576 0.35675 0.05438859714928732 0.0625
0 0.48593398349587397 0.4265 0.05588897224306077 0.076
0 0.536946736684171 0.41475 0.0536384096024006 0.0705
0 0.5875843960990248 0.438 0.05813953488372093 0.073
0 0.609714928732183 0.282 0.055138784696174045 0.076
0 0.6024006001500375 0.23275 0.05101275318829707 0.0635
0 0.6834208552138035 0.27525 0.060765191297824456 0.0705
0 0.6294073518379595 0.3565 0.05776444111027757 0.08
0 0.6691672918229558 0.4445 0.06001500375093773 0.071
0 0.6219054763690923 0.4925 0.05401350337584396 0.08
0 0.6747936984246061 0.53425 0.05701425356339085 0.0735
0 0.5658289572393098 0.50775 0.05588897224306077 0.0735
0 0.5947111777944486 0.576 0.05738934733683421 0.073
0 0.49193548387096775 0.50225 0.047636909227306824 0.0795
0 0.4596774193548387 0.55525 0.05588897224306077 0.0705
0 0.5236309077269318 0.564 0.056264066016504126 0.083
0 0.47093023255813954 0.62475 0.055138784696174045 0.0685
0 0.5386346586646662 0.63575 0.058514628657164294 0.0785
0 0.6262190547636909 0.62875 0.0641410352588147 0.0785
0 0.445423855963991 0.712 0.055138784696174045 0.074
0 0.4234808702175544 0.78575 0.04951237809452363 0.0775
0 0.3782820705176294 0.81575 0.04538634658664666 0.0715
0 0.4300450112528132 0.86675 0.061890472618154536 0.0705
0 0.481807951987997 0.87675 0.04388597149287322 0.0725
0 0.4863090772693173 0.8095 0.05288822205551388 0.073
0 0.5041260315078769 0.691 0.05476369092273068 0.065
0 0.52231807951988 0.7525 0.0536384096024006 0.074
0 0.5558889722430608 0.8175 0.05776444111027757 0.075
0 0.5326331582895724 0.8835 0.051762940735183796 0.067
0 0.5875843960990248 0.89075 0.05888972243060765 0.0865
0 0.63615903975994 0.91775 0.058514628657164294 0.0775
0 0.623218304576144 0.83725 0.05588897224306077 0.0795
0 0.5890847711927982 0.76525 0.055138784696174045 0.0845
0 0.5785821455363841 0.689 0.055138784696174045 0.067
0 0.6475993998499625 0.72125 0.056639159789947484 0.0765
0 0.6620405101275318 0.76675 0.05401350337584396 0.0845
0 0.7064891222805701 0.70975 0.05438859714928732 0.0755
0 0.7811327831957989 0.28825 0.061140285071267814 0.0675
0 0.7693173293323331 0.3695 0.06826706676669167 0.065
0 0.7760690172543135 0.42975 0.06526631657914479 0.0735
0 0.7545011252813203 0.51075 0.056639159789947484 0.0755
0 0.827456864216054 0.49775 0.060765191297824456 0.0765
0 0.764066016504126 0.5955 0.060765191297824456 0.076
0 0.8261440360090022 0.58675 0.0603900975243811 0.0735
0 0.8741560390097525 0.59325 0.05288822205551388 0.0825
0 0.7760690172543135 0.665 0.058514628657164294 0.084
0 0.8469617404351087 0.66125 0.0622655663915979 0.0775
