0 0.28094523630907725 0.25175 0.0900225056264066 0.1285
0 0.3715303825956489 0.3375 0.0918979744936234 0.118
0 0.4375468867216804 0.34775 0.07389347336834208 0.1085
0 0.47093023255813954 0.248 0.07764441110277569 0.105
0 0.1693548387096774 0.3615 0.09789947486871718 0.123
0 0.2721305326331583 0.36675 0.08889722430607652 0.1015
0 0.1569767441860465 0.48325 0.09939984996249063 0.1145
0 0.24587396849212304 0.4815 0.0918979744936234 0.115
0 0.33589647411852963 0.447 0.09414853713428357 0.1
0 0.1926106526631658 0.58 0.08214553638409602 0.106
0 0.27494373593398347 0.5745 0.08327081770442611 0.096
0 0.23218304576144036 0.704 0.08177044261065267 0.107
0 0.3027006751687922 0.7585 0.08627156789197299 0.09
0 0.3929107276819205 0.7925 0.08364591147786947 0.095
0 0.45161290322580644 0.8315 0.07726931732933233 0.081
0 0.5091897974493623 0.7875 0.0641410352588147 0.082
0 0.47336834208552137 0.71 0.07351837959489872 0.091
0 0.544073518379595 0.707 0.06639159789947487 0.086
0 0.3379594898724681 0.62275 0.08027006751687922 0.0895
0 0.413165791447862 0.64125 0.07464366091522881 0.0925
0 0.48443360840210054 0.59975 0.07464366091522881 0.0805
0 0.4347336834208552 0.53825 0.0690172543135784 0.0885
0 0.3589647411852963 0.54525 0.08552138034508627 0.0865
0 0.4197299324831208 0.4685 0.08027006751687922 0.097
0 0.4876219054763691 0.42975 0.07051762940735183 0.1015
0 0.5131282820705176 0.5225 0.07426856714178545 0.095
0 0.5635783945986497 0.62275 0.07164291072768192 0.0915
0 0.6337209302325582 0.59075 0.07239309827456865 0.0875
0 0.7018004501125281 0.6025 0.07051762940735183 0.085
0 0.5840210052513128 0.509 0.07126781695423856 0.086
0 0.6804201050262566 0.53375 0.07126781695423856 0.0915
0 0.746436609152288 0.5365 0.06001500375093773 0.089
0 0.7278694673668417 0.46075 0.06339084771192798 0.0885
0 0.5693923480870218 0.42975 0.07501875468867217 0.0975
0 0.6370967741935484 0.44525 0.0641410352588147 0.0965
0 0.5390097524381096 0.351 0.07651912978244561 0.104
0 0.613278319579895 0.352 0.07126781695423856 0.103
0 0.6624156039009752 0.34725 0.046511627906976744 0.0685
0 0.7781320330082521 0.4545 0.055138784696174045 0.081
0 0.7741935483870968 0.3805 0.06676669167291822 0.097
0 0.7404351087771943 0.286 0.072768192048012 0.095
0 0.65847711927982 0.282 0.07239309827456865 0.085
0 0.5615153788447111 0.2405 0.07651912978244561 0.1
0 0.6575393848462115 0.20075 0.08177044261065267 0.1105
0 0.5403225806451613 0.15025 0.08289572393098274 0.1185
