0 0.06601650412603151 0.61275 0.06301575393848462 0.0775
0 0.09471117779444861 0.55125 0.061890472618154536 0.0715
0 0.06807951987996999 0.488 0.05588897224306077 0.072
0 0.10408852213053263 0.45475 0.05738934733683421 0.0805
0 0.07914478619654913 0.3845 0.0555138784696174 0.077
0 0.1571642910727682 0.3715 0.05701425356339085 0.068
0 0.18435858964741186 0.438 0.04988747186796699 0.062
0 0.1867966991747937 0.4855 0.056264066016504126 0.078
0 0.1734808702175544 0.55175 0.06339084771192798 0.0725
0 0.13165791447861966 0.6085 0.058514628657164294 0.077
0 0.18735933983495873 0.63175 0.061140285071267814 0.0795
0 0.1532258064516129 0.6995 0.05288822205551388 0.079
0 0.20761440360090022 0.702 0.050637659414853715 0.078
0 0.2556264066016504 0.73625 0.061140285071267814 0.0845
0 0.29838709677419356 0.781 0.05738934733683421 0.083
0 0.34827456864216055 0.724 0.055138784696174045 0.08
0 0.3083270817704426 0.67525 0.06601650412603151 0.0845
0 0.2509377344336084 0.6475 0.06526631657914479 0.078
0 0.24081020255063765 0.57975 0.05326331582895724 0.0765
0 0.2871342835708927 0.56225 0.05738934733683421 0.0785
0 0.24812453113278318 0.51075 0.059639909977494375 0.0725
0 0.22824456114028507 0.4365 0.0536384096024006 0.07
0 0.28094523630907725 0.424 0.058514628657164294 0.072
0 0.3036384096024006 0.488 0.061140285071267814 0.075
0 0.22561890472618154 0.3825 0.052138034508627154 0.056
0 0.24193548387096775 0.34825 0.05101275318829707 0.0755
0 0.30438859714928734 0.36225 0.05813953488372093 0.0775
0 0.20048762190547637 0.32775 0.04688672168042011 0.0665
0 0.1579144786196549 0.31675 0.05101275318829707 0.0665
0 0.18360840210052512 0.25275 0.056639159789947484 0.0755
0 0.25637659414853714 0.25125 0.04388597149287322 0.0645
0 0.29838709677419356 0.2715 0.05738934733683421 0.068
0 0.27663165791447863 0.303 0.041635408852213056 0.056
0 0.2948237059264816 0.221 0.04426106526631658 0.06
0 0.33477119279819956 0.22175 0.04913728432108027 0.0755
0 0.3621530382595649 0.24925 0.055138784696174045 0.0735
0 0.34602400600150035 0.32275 0.05588897224306077 0.0805
0 0.29088522130532635 0.1955 0.059639909977494375 0.062
0 0.34433608402100524 0.4045 0.05326331582895724 0.067
0 0.35933983495873967 0.46175 0.05401350337584396 0.0735
0 0.3925356339084771 0.403 0.052138034508627154 0.075
0 0.33964741185296327 0.5945 0.05288822205551388 0.066
0 0.3818454613653413 0.647 0.058514628657164294 0.077
0 0.37715678919729934 0.545 0.055138784696174045 0.077
0 0.4167291822955739 0.76875 0.05926481620405101 0.0805
0 0.4714928732183046 0.75675 0.05101275318829707 0.0785
0 0.5298199549887472 0.77025 0.056639159789947484 0.0755
0 0.5845836459114778 0.73325 0.056639159789947484 0.0755
0 0.641972993248312 0.788 0.05288822205551388 0.076
0 0.6926106526631658 0.80625 0.05288822205551388 0.0705
0 0.47749437359339836 0.66825 0.058514628657164294 0.0745
0 0.5333833458364591 0.67825 0.051762940735183796 0.0695
0 0.5705176294073518 0.63075 0.04951237809452363 0.0645
0 0.6252813203300825 0.70425 0.05326331582895724 0.0705
0 0.6697299324831207 0.73525 0.0536384096024006 0.0735
0 0.7164291072768192 0.74825 0.04951237809452363 0.0705
0 0.6701050262565641 0.663 0.05138784696174044 0.07
0 0.6247186796699175 0.62975 0.05288822205551388 0.0685
0 0.6271567891972993 0.5605 0.04951237809452363 0.08
0 0.5768942235558889 0.5615 0.05476369092273068 0.077
0 0.5264441110277569 0.5805 0.05738934733683421 0.076
0 0.47336834208552137 0.59825 0.0555138784696174 0.0725
0 0.43360840210052515 0.54325 0.05401350337584396 0.0665
0 0.423105776444111 0.4865 0.051762940735183796 0.067
0 0.4876219054763691 0.52775 0.05026256564141035 0.0755
0 0.4521755438859715 0.423 0.0536384096024006 0.068
0 0.5129407351837959 0.43725 0.050637659414853715 0.0745
0 0.5707051762940735 0.4865 0.0536384096024006 0.079
0 0.6027756939234808 0.43275 0.05476369092273068 0.0725
0 0.5465116279069767 0.389 0.05776444111027757 0.064
0 0.48424606151537886 0.353 0.046511627906976744 0.061
0 0.43342085521380347 0.34075 0.05438859714928732 0.0775
0 0.40772693173293323 0.29125 0.05401350337584396 0.0695
0 0.42685671417854465 0.24725 0.04801200300075019 0.0675
0 0.4617404351087772 0.2905 0.04876219054763691 0.06
0 0.377344336084021 0.1765 0.04276069017254314 0.063
0 0.4189797449362341 0.17825 0.046511627906976744 0.0565
0 0.4609902475618905 0.12 0.05026256564141035 0.067
0 0.5063765941485371 0.11475 0.04276069017254314 0.0615
0 0.5095648912228057 0.17775 0.05138784696174044 0.0505
0 0.52344336084021 0.21075 0.05138784696174044 0.0685
0 0.472993248312078 0.2325 0.04801200300075019 0.063
0 0.5026256564141035 0.2735 0.0450112528132033 0.067
0 0.5423855963990998 0.292 0.058514628657164294 0.078
0 0.5873968492123031 0.27525 0.056264066016504126 0.0745
0 0.572205551387847 0.229 0.04538634658664666 0.066
0 0.5562640660165041 0.16975 0.05026256564141035 0.0625
0 0.6055888972243061 0.1205 0.05288822205551388 0.062
0 0.6108402100525131 0.2305 0.03488372093023256 0.041
0 0.6202175543885972 0.27775 0.03188297074268567 0.0695
0 0.6588522130532634 0.30175 0.05738934733683421 0.0735
0 0.6603525881470368 0.21525 0.05138784696174044 0.0735
0 0.695986496624156 0.1785 0.050637659414853715 0.064
0 0.704801200300075 0.273 0.047261815453863466 0.066
0 0.7064891222805701 0.3275 0.04913728432108027 0.067
0 0.6669167291822956 0.37575 0.051762940735183796 0.0745
0 0.6093398349587397 0.34275 0.055138784696174045 0.0745
0 0.667291822955739 0.4405 0.06151537884471118 0.072
0 0.6650412603150788 0.519 0.05026256564141035 0.067
0 0.6759189797449362 0.59225 0.05401350337584396 0.0705
0 0.7893848462115529 0.2605 0.05438859714928732 0.068
0 0.822768192048012 0.29375 0.04913728432108027 0.0685
0 0.7511252813203301 0.3065 0.04838709677419355 0.067
0 0.7786946736684172 0.3395 0.04126031507876969 0.064
0 0.7340585146286571 0.3865 0.05101275318829707 0.081
0 0.7792573143285821 0.39825 0.04913728432108027 0.0675
0 0.8197674418604651 0.38475 0.050637659414853715 0.0665
0 0.722430607651913 0.47875 0.05326331582895724 0.0695
0 0.7886346586646662 0.50175 0.0536384096024006 0.0705
0 0.8107651912978244 0.4505 0.050637659414853715 0.071
0 0.8439609902475619 0.45175 0.04576144036009002 0.0615
0 0.8298949737434359 0.532 0.04988747186796699 0.067
0 0.780570142535634 0.5685 0.05326331582895724 0.063
0 0.7213053263315828 0.55275 0.058514628657164294 0.0785
0 0.741185296324081 0.59325 0.04951237809452363 0.0695
0 0.8064516129032258 0.62575 0.05026256564141035 0.0695
0 0.7865716429107277 0.70725 0.058514628657164294 0.0705
0 0.7216804201050263 0.68125 0.05026256564141035 0.0725
0 0.7456864216054013 0.7735 0.04576144036009002 0.072
0 0.7231807951987997 0.8285 0.04351087771942986 0.061
0 0.7803825956489122 0.83875 0.04988747186796699 0.0675
0 0.7944486121530383 0.77675 0.05101275318829707 0.0605
0 0.8400225056264066 0.79175 0.04838709677419355 0.0675
0 0.8177044261065266 0.72625 0.04876219054763691 0.0755
0 0.8411477869467366 0.673 0.052138034508627154 0.069
0 0.864403600900225 0.732 0.04913728432108027 0.066
0 0.9075393848462115 0.77725 0.052138034508627154 0.0745
0 0.9416729182295573 0.73425 0.05738934733683421 0.0745
0 0.8947861965491373 0.6745 0.0536384096024006 0.066
0 0.9705551387846961 0.679 0.056639159789947484 0.076
0 0.9064141035258815 0.6075 0.05288822205551388 0.067
0 0.9585521380345087 0.60075 0.047636909227306824 0.0715
0 0.8570892723180795 0.6035 0.04876219054763691 0.07
0 0.8852213053263316 0.5465 0.06151537884471118 0.071
0 0.8850337584396099 0.4815 0.05738934733683421 0.068
0 0.9518004501125281 0.52025 0.05813953488372093 0.0785
0 0.9347336834208552 0.43725 0.056264066016504126 0.0715
