0 0.2805701425356339 0.32 0.04351087771942986 0.061
0 0.32314328582145535 0.32175 0.04913728432108027 0.0645
0 0.3488372093023256 0.37625 0.03600900225056264 0.0625
0 0.3799699924981245 0.329 0.04051012753188297 0.061
0 0.34246061515378845 0.26075 0.03600900225056264 0.0675
0 0.3899099774943736 0.271 0.03788447111777944 0.074
0 0.4036009002250563 0.224 0.04276069017254314 0.046
0 0.3304576144036009 0.19475 0.0450112528132033 0.0565
0 0.40003750937734434 0.11125 0.04463615903975994 0.0655
0 0.4476744186046512 0.2215 0.04388597149287322 0.064
0 0.4913728432108027 0.23475 0.04351087771942986 0.0595
0 0.4964366091522881 0.17175 0.03938484621155289 0.0715
0 0.5191297824456114 0.09675 0.04876219054763691 0.0775
0 0.4731807951987997 0.3105 0.04088522130532633 0.061
0 0.46155288822205554 0.3765 0.04838709677419355 0.074
0 0.4375468867216804 0.419 0.046136534133533386 0.061
0 0.4836834208552138 0.42925 0.04238559639909977 0.0655
0 0.34077269317329334 0.4295 0.04388597149287322 0.059
0 0.2768192048012003 0.39825 0.046511627906976744 0.0625
0 0.2625656414103526 0.47225 0.046511627906976744 0.0705
0 0.29651162790697677 0.5175 0.038634658664666165 0.061
0 0.35108777194298574 0.49275 0.04426106526631658 0.0515
0 0.3869092273068267 0.46525 0.04088522130532633 0.0665
0 0.3975993998499625 0.529 0.042010502625656414 0.05
0 0.36271567891972994 0.576 0.042010502625656414 0.067
0 0.40941485371342834 0.59025 0.04463615903975994 0.0595
0 0.4521755438859715 0.58075 0.04088522130532633 0.0635
0 0.4463615903975994 0.63425 0.04276069017254314 0.0535
0 0.44129782445611404 0.51375 0.04013503375843961 0.0585
0 0.4720555138784696 0.48 0.03938484621155289 0.053
0 0.5157539384846211 0.5165 0.0450112528132033 0.064
0 0.5210052513128282 0.4575 0.03975993998499625 0.057
0 0.5050637659414854 0.613 0.04988747186796699 0.067
0 0.4949362340585146 0.667 0.04238559639909977 0.049
0 0.4619279819954989 0.69875 0.04388597149287322 0.0595
0 0.4232933233308327 0.69925 0.04088522130532633 0.0485
0 0.3657164291072768 0.692 0.0555138784696174 0.072
0 0.508252063015754 0.7185 0.047261815453863466 0.054
0 0.5260690172543135 0.778 0.043135783945986494 0.062
0 0.514066016504126 0.872 0.05288822205551388 0.066
0 0.5622655663915979 0.81575 0.04801200300075019 0.0585
0 0.5960240060015004 0.86925 0.04576144036009002 0.0545
0 0.605026256564141 0.8135 0.0450112528132033 0.063
0 0.6507876969242311 0.82975 0.04351087771942986 0.0615
0 0.7049887471867967 0.812 0.04988747186796699 0.061
0 0.5633908477119279 0.76375 0.04426106526631658 0.0595
0 0.6189047261815454 0.73775 0.0450112528132033 0.0585
0 0.671980495123781 0.74475 0.04913728432108027 0.0535
0 0.7327456864216054 0.75775 0.047636909227306824 0.0585
0 0.7115528882220555 0.70925 0.05326331582895724 0.0595
0 0.6536009002250562 0.6975 0.04538634658664666 0.062
0 0.596211552888222 0.6845 0.04838709677419355 0.065
0 0.549324831207802 0.6935 0.03938484621155289 0.06
0 0.550450112528132 0.64125 0.04913728432108027 0.0555
0 0.5444486121530383 0.56275 0.04838709677419355 0.0675
0 0.6033383345836459 0.567 0.04688672168042011 0.059
0 0.6275318829707427 0.62275 0.04576144036009002 0.0635
0 0.671980495123781 0.655 0.04913728432108027 0.065
0 0.7357464366091523 0.65425 0.04988747186796699 0.0695
0 0.6770442610652663 0.57925 0.0450112528132033 0.0625
0 0.6567891972993248 0.52275 0.046511627906976744 0.0545
0 0.5648912228057015 0.505 0.04576144036009002 0.055
0 0.6061515378844711 0.47775 0.04876219054763691 0.0525
0 0.5632033008252063 0.44125 0.04988747186796699 0.0645
0 0.5654538634658665 0.35875 0.04088522130532633 0.0645
0 0.513503375843961 0.3825 0.042010502625656414 0.06
0 0.5191297824456114 0.30125 0.04351087771942986 0.0635
0 0.5502625656414104 0.2545 0.04876219054763691 0.067
0 0.6070892723180795 0.28575 0.04688672168042011 0.0675
0 0.613278319579895 0.3555 0.04426106526631658 0.065
0 0.6541635408852213 0.326 0.047261815453863466 0.061
0 0.6620405101275318 0.3935 0.051762940735183796 0.077
0 0.6196549137284321 0.4185 0.042010502625656414 0.059
0 0.6566016504126031 0.4665 0.041635408852213056 0.067
0 0.6987996999249813 0.431 0.05026256564141035 0.066
0 0.7164291072768192 0.365 0.05776444111027757 0.069
0 0.65847711927982 0.25925 0.04913728432108027 0.0665
0 0.7066766691672918 0.27725 0.05251312828207052 0.0635
0 0.7516879219804952 0.32425 0.04951237809452363 0.0625
0 0.5549512378094523 0.16375 0.05588897224306077 0.0775
0 0.5778319579894974 0.0835 0.055138784696174045 0.075
0 0.6410352588147037 0.051 0.04801200300075019 0.061
0 0.645536384096024 0.1125 0.05326331582895724 0.074
0 0.6400975243810952 0.19725 0.050637659414853715 0.0705
0 0.6926106526631658 0.1965 0.056639159789947484 0.079
0 0.7199924981245311 0.167 0.0536384096024006 0.067
0 0.7477494373593399 0.22075 0.05588897224306077 0.0735
0 0.7713803450862715 0.19575 0.047636909227306824 0.0765
0 0.7278694673668417 0.086 0.05588897224306077 0.076
0 0.7093023255813954 0.51275 0.05251312828207052 0.0605
0 0.7336834208552138 0.5825 0.04951237809452363 0.067
0 0.8038259564891223 0.755 0.051762940735183796 0.075
0 0.7843210802700675 0.658 0.04951237809452363 0.066
0 0.8306451612903226 0.68225 0.050637659414853715 0.0615
0 0.785821455363841 0.592 0.05251312828207052 0.07
0 0.8402100525131283 0.59475 0.047261815453863466 0.0605
0 0.7661290322580645 0.50975 0.050637659414853715 0.0555
0 0.8272693173293323 0.53525 0.05288822205551388 0.0605
0 0.7515003750937734 0.4585 0.04988747186796699 0.059
0 0.8047636909227307 0.46225 0.052138034508627154 0.0675
0 0.8492123030757689 0.4765 0.05476369092273068 0.068
0 0.7749437359339835 0.3925 0.05401350337584396 0.073
0 0.8527756939234808 0.41275 0.05588897224306077 0.0715
0 0.9000375093773444 0.43075 0.056639159789947484 0.0635
0 0.7955738934733684 0.3335 0.04576144036009002 0.06
0 0.8857839459864967 0.35225 0.05738934733683421 0.0725
0 0.8537134283570893 0.29575 0.047261815453863466 0.0595
0 0.7764441110277569 0.26775 0.04951237809452363 0.0595
0 0.8405851462865717 0.236 0.05401350337584396 0.06
0 0.8370217554388597 0.16725 0.050637659414853715 0.0705
0 0.8158289572393098 0.1105 0.05401350337584396 0.074
