0 0.10708927231807952 0.462 0.0536384096024006 0.07
0 0.06451612903225806 0.5715 0.05101275318829707 0.071
0 0.06976744186046512 0.629 0.04276069017254314 0.057
0 0.10952738184546136 0.5745 0.05026256564141035 0.071
0 0.08627156789197299 0.709 0.05101275318829707 0.066
0 0.13484621155288823 0.74225 0.046136534133533386 0.0605
0 0.12115528882220555 0.5125 0.058514628657164294 0.055
0 0.200112528132033 0.35375 0.05888972243060765 0.0705
0 0.1886721680420105 0.41525 0.04876219054763691 0.0645
0 0.17160540135033758 0.48025 0.05588897224306077 0.0685
0 0.19092273068267065 0.54 0.051762940735183796 0.06
0 0.17835708927231808 0.61 0.055138784696174045 0.065
0 0.145536384096024 0.64375 0.04951237809452363 0.0655
0 0.18473368342085522 0.70925 0.04688672168042011 0.0645
0 0.1828582145536384 0.77825 0.04538634658664666 0.0595
0 0.2659414853713428 0.3355 0.05326331582895724 0.068
0 0.23837209302325582 0.45775 0.047636909227306824 0.0645
0 0.27438109527381843 0.413 0.050637659414853715 0.072
0 0.26987996999249814 0.47925 0.055138784696174045 0.0695
0 0.25300075018754686 0.532 0.04988747186796699 0.071
0 0.23049512378094525 0.59325 0.04688672168042011 0.0655
0 0.23199549887471868 0.652 0.05288822205551388 0.064
0 0.24287321830457614 0.7145 0.047636909227306824 0.067
0 0.22543135783945986 0.78 0.047261815453863466 0.063
0 0.27419354838709675 0.818 0.051762940735183796 0.061
0 0.3148912228057014 0.31425 0.055138784696174045 0.0825
0 0.36702925731432856 0.2925 0.05288822205551388 0.077
0 0.3210802700675169 0.37975 0.05326331582895724 0.0715
0 0.3169542385596399 0.45375 0.04801200300075019 0.0685
0 0.3182670667666917 0.5185 0.052138034508627154 0.069
0 0.29519879969992496 0.56175 0.04951237809452363 0.0665
0 0.2710052513128282 0.6175 0.055138784696174045 0.062
0 0.27813203300825207 0.684 0.04013503375843961 0.071
0 0.29651162790697677 0.745 0.04688672168042011 0.062
0 0.32633158289572395 0.79275 0.05251312828207052 0.0585
0 0.313390847711928 0.8625 0.04913728432108027 0.055
0 0.3507126781695424 0.89225 0.047261815453863466 0.0615
0 0.3343960990247562 0.6 0.05288822205551388 0.065
0 0.3387096774193548 0.6615 0.05476369092273068 0.064
0 0.33570892723180795 0.736 0.047261815453863466 0.067
0 0.36159039759939987 0.826 0.05326331582895724 0.063
0 0.3927231807951988 0.913 0.05101275318829707 0.059
0 0.37378094523630906 0.38975 0.052138034508627154 0.0625
0 0.42948237059264815 0.343 0.05251312828207052 0.064
0 0.41504126031507876 0.4315 0.052138034508627154 0.065
0 0.36365341335333834 0.45275 0.056639159789947484 0.0695
0 0.3687171792948237 0.53375 0.051762940735183796 0.0625
0 0.38053263315828956 0.62475 0.0603900975243811 0.0675
0 0.3852213053263316 0.701 0.05101275318829707 0.07
0 0.3745311327831958 0.77375 0.052138034508627154 0.0585
0 0.4112903225806452 0.8135 0.04688672168042011 0.06
0 0.4482370592648162 0.87775 0.04951237809452363 0.0595
0 0.43435858964741186 0.94575 0.05326331582895724 0.0585
0 0.4662415603900975 0.414 0.04951237809452363 0.063
0 0.4088522130532633 0.521 0.04951237809452363 0.067
0 0.4032258064516129 0.57425 0.051762940735183796 0.0625
0 0.45236309077269315 0.5785 0.05326331582895724 0.071
0 0.4669917479369842 0.51075 0.05401350337584396 0.0675
0 0.49456114028507125 0.333 0.05138784696174044 0.068
0 0.5125656414103525 0.40075 0.055138784696174045 0.0765
0 0.5056264066016504 0.466 0.05326331582895724 0.073
0 0.5090022505626407 0.53375 0.05401350337584396 0.0695
0 0.4377344336084021 0.64625 0.04801200300075019 0.0705
0 0.4330457614403601 0.71075 0.052138034508627154 0.0655
0 0.427231807951988 0.78975 0.051762940735183796 0.0525
0 0.4540510127531883 0.83025 0.05738934733683421 0.0625
0 0.4679294823705927 0.76875 0.05288822205551388 0.0675
0 0.49962490622655664 0.60225 0.047261815453863466 0.0715
0 0.4808702175543886 0.678 0.05251312828207052 0.075
0 0.5165041260315079 0.71425 0.051762940735183796 0.0715
0 0.503563390847712 0.80325 0.052138034508627154 0.0645
0 0.48874718679669915 0.92825 0.047261815453863466 0.0565
0 0.5093773443360841 0.86125 0.05251312828207052 0.0705
0 0.5395723930982745 0.92425 0.052138034508627154 0.0605
0 0.5746436609152288 0.806 0.05026256564141035 0.06
0 0.544073518379595 0.76425 0.04913728432108027 0.0715
0 0.5337584396099024 0.6615 0.05326331582895724 0.081
0 0.5568267066766691 0.58 0.05288822205551388 0.078
0 0.541072768192048 0.343 0.052138034508627154 0.074
0 0.5656414103525882 0.25325 0.0555138784696174 0.0725
0 0.5982745686421606 0.31325 0.06001500375093773 0.0785
0 0.5536384096024006 0.441 0.0555138784696174 0.079
0 0.5913353338334584 0.389 0.05438859714928732 0.075
0 0.5742685671417854 0.50275 0.05476369092273068 0.0725
0 0.6175918979744937 0.57675 0.05738934733683421 0.0675
0 0.5759564891222806 0.623 0.055138784696174045 0.073
0 0.5765191297824456 0.70775 0.04951237809452363 0.0745
0 0.5969617404351087 0.749 0.04913728432108027 0.069
0 0.6183420855213804 0.67325 0.055138784696174045 0.0675
0 0.6474118529632408 0.74825 0.05476369092273068 0.0725
0 0.6404726181545386 0.24475 0.05813953488372093 0.0705
0 0.645536384096024 0.31325 0.05101275318829707 0.0835
0 0.6250937734433608 0.431 0.05438859714928732 0.08
0 0.6395348837209303 0.5005 0.056264066016504126 0.074
0 0.6530382595648913 0.38725 0.05026256564141035 0.0685
0 0.6526631657914479 0.608 0.05251312828207052 0.073
0 0.6854838709677419 0.7025 0.050637659414853715 0.068
0 0.6832333083270817 0.44775 0.05813953488372093 0.0735
0 0.7288072018004501 0.26125 0.0555138784696174 0.0755
0 0.7038634658664666 0.366 0.05888972243060765 0.069
0 0.7199924981245311 0.41675 0.05738934733683421 0.0745
0 0.6909227306826706 0.50775 0.05401350337584396 0.0655
0 0.6939234808702176 0.5675 0.0555138784696174 0.068
0 0.7297449362340586 0.64875 0.05288822205551388 0.0665
0 0.7740060015003751 0.64575 0.05138784696174044 0.0715
0 0.8287696924231058 0.62675 0.05813953488372093 0.0725
0 0.7571267816954238 0.5705 0.055138784696174045 0.065
0 0.7413728432108027 0.48275 0.05588897224306077 0.0735
0 0.7683795948987246 0.3885 0.06564141035258815 0.076
0 0.7800075018754689 0.3035 0.05438859714928732 0.069
0 0.8539009752438109 0.40475 0.05288822205551388 0.0805
0 0.7933233308327082 0.45075 0.05251312828207052 0.0665
0 0.8388972243060765 0.4915 0.055138784696174045 0.07
0 0.8015753938484621 0.53425 0.05326331582895724 0.0705
0 0.8649662415603901 0.55075 0.0555138784696174 0.0675
