0 0.14966241560390098 0.30925 0.05776444111027757 0.0765
0 0.20348837209302326 0.2255 0.055138784696174045 0.087
0 0.25993998499624904 0.24575 0.06676669167291822 0.0795
0 0.27831957989497375 0.167 0.06151537884471118 0.083
0 0.3388972243060765 0.18075 0.059639909977494375 0.0795
0 0.3162040510127532 0.263 0.056264066016504126 0.092
0 0.29182295573893474 0.32975 0.06151537884471118 0.0835
0 0.3342085521380345 0.384 0.06151537884471118 0.076
0 0.27813203300825207 0.41 0.059639909977494375 0.075
0 0.21717929482370593 0.408 0.060765191297824456 0.086
0 0.15472618154538634 0.42975 0.05888972243060765 0.0785
0 0.42198049512378094 0.1675 0.06151537884471118 0.087
0 0.42704426106526633 0.243 0.056639159789947484 0.085
0 0.49531132783195797 0.23075 0.061140285071267814 0.0805
0 0.5551387846961741 0.15375 0.06526631657914479 0.0905
0 0.6260315078769693 0.167 0.0622655663915979 0.086
0 0.7237434358589647 0.1495 0.05888972243060765 0.07
0 0.7846961740435109 0.16575 0.07051762940735183 0.0805
0 0.890847711927982 0.2485 0.0622655663915979 0.082
0 0.7901350337584396 0.29425 0.061890472618154536 0.0795
0 0.8692798199549887 0.341 0.0603900975243811 0.077
0 0.7226181545386346 0.314 0.05138784696174044 0.076
0 0.6363465866466617 0.254 0.05813953488372093 0.081
0 0.5733308327081771 0.25675 0.04988747186796699 0.0775
0 0.5481995498874719 0.3285 0.05888972243060765 0.086
0 0.47861965491372843 0.34 0.0555138784696174 0.087
0 0.4062265566391598 0.31625 0.060765191297824456 0.0785
0 0.41822955738934736 0.4075 0.06526631657914479 0.072
0 0.37509377344336087 0.45375 0.05776444111027757 0.0785
0 0.3117029257314329 0.4755 0.06151537884471118 0.076
0 0.24399849962490622 0.501 0.05813953488372093 0.071
0 0.18548387096774194 0.5065 0.055138784696174045 0.077
0 0.17966991747936983 0.58525 0.05026256564141035 0.0735
0 0.24381095273818454 0.60325 0.056264066016504126 0.0715
0 0.2950112528132033 0.589 0.05138784696174044 0.081
0 0.2175543885971493 0.6645 0.056264066016504126 0.06
0 0.23837209302325582 0.7295 0.050637659414853715 0.07
0 0.3036384096024006 0.656 0.050637659414853715 0.072
0 0.30007501875468867 0.7255 0.05401350337584396 0.064
0 0.3668417104276069 0.73675 0.05401350337584396 0.0675
0 0.36177794448612155 0.65325 0.055138784696174045 0.0725
0 0.4167291822955739 0.63275 0.04876219054763691 0.0725
0 0.3664666166541635 0.55525 0.05701425356339085 0.0685
0 0.42516879219804954 0.50875 0.06264066016504126 0.0775
0 0.46830457614403603 0.522 0.055138784696174045 0.068
0 0.47674418604651164 0.44425 0.04951237809452363 0.0685
0 0.5337584396099024 0.395 0.04951237809452363 0.076
0 0.5328207051762941 0.46125 0.04988747186796699 0.0615
0 0.578019504876219 0.42975 0.05701425356339085 0.0715
0 0.6177794448612153 0.32675 0.051762940735183796 0.0745
0 0.667854463615904 0.3215 0.05438859714928732 0.076
0 0.6269692423105776 0.396 0.05138784696174044 0.069
0 0.6747936984246061 0.39725 0.051762940735183796 0.0615
0 0.7471867966991748 0.3865 0.05326331582895724 0.076
0 0.6190922730682671 0.45875 0.05438859714928732 0.0735
0 0.5735183795948987 0.5135 0.04426106526631658 0.065
0 0.5320705176294074 0.551 0.046136534133533386 0.07
0 0.5718304576144037 0.57925 0.05138784696174044 0.0665
0 0.4684921230307577 0.5945 0.05701425356339085 0.065
0 0.45461365341335336 0.66575 0.04876219054763691 0.0625
0 0.4157914478619655 0.70575 0.04688672168042011 0.0685
0 0.4279819954988747 0.77025 0.04801200300075019 0.0675
0 0.4714928732183046 0.79475 0.04801200300075019 0.0725
0 0.472993248312078 0.72625 0.04801200300075019 0.0685
0 0.5090022505626407 0.68675 0.04876219054763691 0.0715
0 0.5286946736684172 0.7505 0.059639909977494375 0.059
0 0.568642160540135 0.77775 0.04876219054763691 0.0625
0 0.5703300825206301 0.71325 0.05438859714928732 0.0685
0 0.5168792198049512 0.6175 0.04876219054763691 0.065
0 0.5663915978994749 0.64625 0.04801200300075019 0.0605
0 0.6115903975993998 0.64825 0.047636909227306824 0.0685
0 0.6202175543885972 0.69825 0.05588897224306077 0.0605
0 0.6142160540135033 0.77 0.046136534133533386 0.064
0 0.6033383345836459 0.83175 0.05138784696174044 0.0555
0 0.5487621905476369 0.842 0.05101275318829707 0.059
0 0.654913728432108 0.80425 0.04801200300075019 0.0625
0 0.6914853713428357 0.856 0.04913728432108027 0.06
0 0.7366841710427607 0.8735 0.05251312828207052 0.064
0 0.6712303075768942 0.73975 0.04988747186796699 0.0615
0 0.7033008252063015 0.7035 0.05101275318829707 0.057
0 0.7259939984996249 0.78175 0.04913728432108027 0.0665
0 0.7593773443360841 0.77275 0.04538634658664666 0.0675
0 0.7543135783945987 0.71375 0.04801200300075019 0.0625
0 0.6579144786196549 0.63675 0.056264066016504126 0.0675
0 0.6324081020255063 0.5715 0.05326331582895724 0.065
0 0.6603525881470368 0.499 0.056639159789947484 0.07
0 0.687171792948237 0.572 0.05251312828207052 0.071
0 0.7046136534133534 0.46575 0.055138784696174045 0.0735
0 0.7325581395348837 0.5185 0.0555138784696174 0.065
0 0.7548762190547637 0.455 0.04913728432108027 0.081
0 0.7991372843210802 0.4925 0.04913728432108027 0.069
0 0.8244561140285072 0.43575 0.05251312828207052 0.0755
0 0.8493998499624906 0.4925 0.0536384096024006 0.057
0 0.8824081020255063 0.4365 0.05588897224306077 0.067
0 0.9019129782445612 0.50525 0.05138784696174044 0.0675
0 0.9478619654913728 0.4485 0.04426106526631658 0.068
0 0.9624906226556639 0.518 0.04801200300075019 0.076
0 0.9221680420105026 0.568 0.043135783945986494 0.063
0 0.8317704426106527 0.545 0.052138034508627154 0.067
0 0.8775318829707427 0.60775 0.055138784696174045 0.0675
0 0.7824456114028507 0.5795 0.04951237809452363 0.069
0 0.731807951987997 0.5895 0.051762940735183796 0.065
0 0.7680045011252813 0.645 0.056639159789947484 0.056
0 0.8083270817704427 0.686 0.05251312828207052 0.065
0 0.8244561140285072 0.628 0.05251312828207052 0.065
0 0.8657164291072769 0.67575 0.04426106526631658 0.0685
0 0.8589647411852963 0.74225 0.04876219054763691 0.0685
0 0.8248312078019505 0.789 0.05326331582895724 0.059
