0 0.09633370744481856 0.2125 0.05948372615039282 0.082
0 0.08716797605686495 0.301 0.05611672278338945 0.075
0 0.11821922933034044 0.51175 0.05761316872427984 0.0705
0 0.1941638608305275 0.61175 0.05312383090160868 0.0655
0 0.2025813692480359 0.5425 0.04826038159371493 0.064
0 0.1831275720164609 0.47175 0.053497942386831275 0.0625
0 0.16068088290310512 0.41925 0.049756827534605315 0.0655
0 0.13804713804713806 0.35 0.0508791619902731 0.064
0 0.1533857089412645 0.256 0.04938271604938271 0.069
0 0.17040778151889263 0.3145 0.05200149644594089 0.065
0 0.1842499064721287 0.3975 0.052749719416386086 0.071
0 0.18948746726524504 0.1815 0.05948372615039282 0.074
0 0.22259633370744483 0.1445 0.04938271604938271 0.065
0 0.2716049382716049 0.06875 0.05611672278338945 0.0765
0 0.2727272727272727 0.161 0.048634493078937524 0.081
0 0.24971941638608305 0.2175 0.0512532734754957 0.074
0 0.2349420127197905 0.29925 0.04788627010849233 0.0675
0 0.24130190796857465 0.36575 0.048634493078937524 0.0705
0 0.25289936401047514 0.52375 0.052375607931163484 0.0665
0 0.2770295548073326 0.577 0.052749719416386086 0.074
0 0.24597830153385708 0.65175 0.04900860456416012 0.0695
0 0.287317620650954 0.686 0.048634493078937524 0.06
0 0.31294425738870185 0.6385 0.04826038159371493 0.065
0 0.333146277590722 0.57625 0.049756827534605315 0.0635
0 0.2787130564908343 0.44575 0.04938271604938271 0.0665
0 0.2880658436213992 0.376 0.052375607931163484 0.068
0 0.2775907220351665 0.3125 0.04638982416760194 0.07
0 0.33146277590722034 0.047 0.04938271604938271 0.075
0 0.30190796857463525 0.1105 0.048634493078937524 0.074
0 0.3617658062102507 0.11275 0.04489337822671156 0.0745
0 0.33015338570894126 0.17675 0.04377104377104377 0.0735
0 0.3004115226337449 0.22925 0.052375607931163484 0.0695
0 0.3222970445192667 0.30975 0.05424616535727647 0.0755
0 0.3338945005611672 0.433 0.053497942386831275 0.074
0 0.3662551440329218 0.62025 0.05013093901982791 0.0715
0 0.411522633744856 0.73425 0.04264870931537598 0.0685
0 0.4074074074074074 0.662 0.04339693228582117 0.063
0 0.4171343060231949 0.59425 0.04788627010849233 0.0625
0 0.36438458660680884 0.5025 0.04414515525626637 0.063
0 0.4107744107744108 0.50975 0.054620276842499066 0.0665
0 0.38458660680882906 0.43825 0.041900486344930786 0.0705
0 0.42499064721286944 0.452 0.04788627010849233 0.059
0 0.36251402918069586 0.37325 0.04788627010849233 0.0675
0 0.416573138795361 0.36025 0.049756827534605315 0.0715
0 0.3980546202768425 0.30225 0.05013093901982791 0.0665
0 0.35802469135802467 0.23575 0.04788627010849233 0.0705
0 0.40329218106995884 0.232 0.051627384960718295 0.073
0 0.38252899364010473 0.1555 0.05424616535727647 0.081
0 0.4227459783015339 0.061 0.04638982416760194 0.083
0 0.4670781893004115 0.04175 0.0512532734754957 0.0775
0 0.437897493453049 0.13325 0.052749719416386086 0.0795
0 0.4887766554433221 0.0995 0.0512532734754957 0.068
0 0.4558548447437336 0.2595 0.04900860456416012 0.077
0 0.4943883277216611 0.2345 0.049756827534605315 0.075
0 0.5267489711934157 0.184 0.04788627010849233 0.078
0 0.4618406285072952 0.35225 0.04900860456416012 0.0695
0 0.5043022820800599 0.31875 0.04788627010849233 0.0665
0 0.47343808454919567 0.42525 0.049756827534605315 0.0605
0 0.5145903479236813 0.3955 0.04302282080059858 0.063
0 0.51010101010101 0.4665 0.04526748971193416 0.061
0 0.4882154882154882 0.55825 0.04788627010849233 0.0625
0 0.5310512532734755 0.59925 0.04826038159371493 0.0555
0 0.4829779274223719 0.62525 0.05013093901982791 0.0635
0 0.5295548073325851 0.67 0.046763935652824544 0.061
0 0.48073325851103627 0.6825 0.04713804713804714 0.06
0 0.4594089038533483 0.74325 0.04713804713804714 0.0575
0 0.5067340067340067 0.73375 0.04751215862326973 0.0625
0 0.5067340067340067 0.802 0.04302282080059858 0.067
0 0.5591096146651702 0.831 0.04751215862326973 0.06
0 0.5491956603067715 0.771 0.03666292555181444 0.062
0 0.5557426112981668 0.71225 0.034044145155256264 0.0615
0 0.6361765806210251 0.82775 0.052749719416386086 0.0605
0 0.6008230452674898 0.735 0.05013093901982791 0.049
0 0.5742611298166854 0.662 0.041900486344930786 0.061
0 0.6182192293303405 0.65125 0.04377104377104377 0.0605
0 0.6459034792368126 0.6175 0.0512532734754957 0.06
0 0.59221848110737 0.60675 0.04564160119715675 0.0555
0 0.5809951365506921 0.533 0.051627384960718295 0.053
0 0.5995136550692106 0.49375 0.049756827534605315 0.0625
0 0.5592966704077815 0.44875 0.05013093901982791 0.0585
0 0.5579872802095024 0.389 0.046763935652824544 0.07
0 0.6026936026936027 0.38825 0.04938271604938271 0.0655
0 0.5912832023943135 0.336 0.04526748971193416 0.068
0 0.5774410774410774 0.23 0.049756827534605315 0.071
0 0.618593340815563 0.26725 0.04601571268237935 0.0585
0 0.6086793864571642 0.20925 0.054620276842499066 0.0695
0 0.597830153385709 0.145 0.051627384960718295 0.075
0 0.5615413393191171 0.0715 0.04564160119715675 0.075
0 0.6092405536849981 0.06275 0.05200149644594089 0.0765
0 0.7130564908342686 0.12175 0.052375607931163484 0.0905
0 0.7616909839132061 0.1135 0.0508791619902731 0.07
0 0.7918069584736251 0.169 0.0512532734754957 0.067
0 0.7338196782641228 0.1965 0.04826038159371493 0.067
0 0.7972315750093528 0.22575 0.05761316872427984 0.0485
0 0.7300785634118967 0.258 0.049756827534605315 0.058
0 0.6840628507295174 0.27375 0.04526748971193416 0.0685
0 0.767302656191545 0.3185 0.04339693228582117 0.063
0 0.7138047138047138 0.31975 0.052375607931163484 0.0555
0 0.6432846988402544 0.34475 0.04302282080059858 0.0645
0 0.6724653946876169 0.39275 0.050505050505050504 0.0695
0 0.7573887018331463 0.38725 0.046763935652824544 0.0705
0 0.8237934904601572 0.34825 0.048634493078937524 0.0575
0 0.9081556303778526 0.32425 0.036288814066591846 0.0675
0 0.9674523007856342 0.388 0.054620276842499066 0.076
0 0.8918817807706697 0.44875 0.04638982416760194 0.0655
0 0.8340815563037786 0.42025 0.052749719416386086 0.0635
0 0.7858211747100636 0.43475 0.04900860456416012 0.0635
0 0.7491582491582491 0.477 0.04900860456416012 0.069
0 0.7171717171717171 0.49975 0.04713804713804714 0.0645
0 0.668724279835391 0.49625 0.049756827534605315 0.0695
0 0.6820052375607931 0.56175 0.04638982416760194 0.0575
0 0.7254021698466143 0.5585 0.04713804713804714 0.057
0 0.7650579872802095 0.54275 0.041900486344930786 0.0675
0 0.811821922933034 0.49125 0.04564160119715675 0.0625
0 0.8398802843247287 0.5345 0.04489337822671156 0.066
0 0.8819678264122709 0.5285 0.04377104377104377 0.059
0 0.8045267489711934 0.5845 0.049756827534605315 0.059
0 0.7510288065843621 0.60525 0.04826038159371493 0.0625
0 0.7179199401421623 0.64075 0.052375607931163484 0.0595
0 0.6657313879536102 0.6655 0.04900860456416012 0.068
0 0.6595585484474373 0.752 0.048634493078937524 0.066
