0 0.23049512378094525 0.487 0.08739684921230308 0.105
0 0.31357839459864967 0.4345 0.08852213053263316 0.104
0 0.19954988747186797 0.56325 0.07726931732933233 0.0965
0 0.16616654163540887 0.65425 0.08027006751687922 0.0905
0 0.1933608402100525 0.73925 0.07989497374343586 0.0885
0 0.24062265566391597 0.6835 0.08514628657164292 0.091
0 0.2751312828207052 0.5705 0.08289572393098274 0.1
0 0.23443360840210054 0.84875 0.07801950487621906 0.0925
0 0.3169542385596399 0.8275 0.07501875468867217 0.079
0 0.2959489872468117 0.729 0.08252063015753938 0.089
0 0.390285071267817 0.84675 0.07314328582145536 0.0835
0 0.326894223555889 0.64875 0.07989497374343586 0.0855
0 0.3782820705176294 0.70975 0.08289572393098274 0.0955
0 0.4146661665416354 0.75975 0.0708927231807952 0.0885
0 0.458927231807952 0.82175 0.07014253563390847 0.0765
0 0.5378844711177795 0.82125 0.07126781695423856 0.0745
0 0.518192048012003 0.75575 0.0671417854463616 0.0805
0 0.45142535633908476 0.67675 0.0708927231807952 0.0855
0 0.41710427606901723 0.6195 0.08177044261065267 0.088
0 0.35502625656414105 0.54925 0.08664666166541636 0.0985
0 0.436609152288072 0.52325 0.08252063015753938 0.1055
0 0.4214178544636159 0.41125 0.07839459864966242 0.1065
0 0.36084021005251316 0.3335 0.08177044261065267 0.096
0 0.440735183795949 0.31425 0.08402100525131283 0.0985
0 0.4568642160540135 0.1865 0.07801950487621906 0.117
0 0.5345086271567892 0.1035 0.08252063015753938 0.114
0 0.5298199549887472 0.22 0.07914478619654913 0.119
0 0.5196924231057765 0.337 0.07839459864966242 0.106
0 0.6699174793698425 0.156 0.08102025506376594 0.108
0 0.6194673668417104 0.2945 0.07239309827456865 0.111
0 0.6939234808702176 0.28775 0.07651912978244561 0.0945
0 0.7548762190547637 0.259 0.061140285071267814 0.111
0 0.7809452363090773 0.35075 0.06301575393848462 0.0915
0 0.7233683420855214 0.3775 0.07014253563390847 0.089
0 0.6106526631657915 0.39575 0.08252063015753938 0.0985
0 0.532258064516129 0.44825 0.0795198799699925 0.0935
0 0.5208177044261065 0.5295 0.07239309827456865 0.091
0 0.5928357089272318 0.49725 0.07314328582145536 0.0915
0 0.6729182295573893 0.45975 0.06751687921980495 0.0885
0 0.5159414853713429 0.617 0.07539384846211553 0.085
0 0.5834583645911477 0.59 0.07164291072768192 0.092
0 0.6429107276819205 0.546 0.06601650412603151 0.099
0 0.7576894223555889 0.49425 0.06676669167291822 0.0815
0 0.8199549887471868 0.44775 0.06676669167291822 0.0935
0 0.595086271567892 0.7615 0.0671417854463616 0.073
0 0.6204051012753188 0.809 0.06976744186046512 0.07
0 0.6020255063765941 0.6755 0.07426856714178545 0.085
0 0.667854463615904 0.74975 0.06339084771192798 0.0725
0 0.6909227306826706 0.8105 0.06151537884471118 0.082
0 0.7424981245311327 0.8255 0.06564141035258815 0.075
0 0.7513128282070518 0.75425 0.06151537884471118 0.0815
0 0.7289947486871718 0.6955 0.06564141035258815 0.082
0 0.6822955738934734 0.63425 0.07501875468867217 0.0895
0 0.7460615153788447 0.60475 0.05926481620405101 0.0905
0 0.79576144036009 0.57825 0.05888972243060765 0.0825
0 0.7893848462115529 0.67075 0.05813953488372093 0.0835
0 0.8156414103525882 0.77275 0.061140285071267814 0.0705
0 0.8465866466616654 0.702 0.06151537884471118 0.093
0 0.8692798199549887 0.61475 0.0603900975243811 0.0835
0 0.858027006751688 0.41075 0.05813953488372093 0.0875
0 0.9073518379594899 0.336 0.06976744186046512 0.094
