0 0.14309827456864216 0.3795 0.04088522130532633 0.045
0 0.14966241560390098 0.3345 0.035258814703675916 0.047
0 0.1667291822955739 0.307 0.03563390847711928 0.041
0 0.18548387096774194 0.354 0.029632408102025505 0.042
0 0.2115528882220555 0.33225 0.03975993998499625 0.0355
0 0.19392348087021755 0.39025 0.03675918979744936 0.0405
0 0.18192048012003 0.4475 0.0345086271567892 0.045
0 0.21399099774943736 0.44175 0.03188297074268567 0.0445
0 0.22055513878469618 0.474 0.03075768942235559 0.039
0 0.25037509377344336 0.49525 0.03488372093023256 0.0415
0 0.21867966991747936 0.55125 0.03225806451612903 0.0365
0 0.2490622655663916 0.534 0.03225806451612903 0.046
0 0.26894223555888974 0.589 0.03075768942235559 0.039
0 0.2653788447111778 0.6285 0.03338334583645911 0.048
0 0.2856339084771193 0.67075 0.028132033008252063 0.0485
0 0.31976744186046513 0.697 0.036384096024006 0.043
0 0.32539384846211555 0.658 0.03488372093023256 0.037
0 0.3218304576144036 0.62125 0.03225806451612903 0.0385
0 0.30288822205551386 0.5925 0.037134283570892726 0.038
0 0.29651162790697677 0.5545 0.02138034508627157 0.037
0 0.31714178544636157 0.5575 0.028132033008252063 0.044
0 0.30213803450862714 0.513 0.03338334583645911 0.042
0 0.31039009752438107 0.47625 0.03188297074268567 0.0375
0 0.2614403600900225 0.453 0.04051012753188297 0.044
0 0.24118529632408103 0.4125 0.03375843960990248 0.045
0 0.2297449362340585 0.374 0.032633158289572396 0.036
0 0.24568642160540136 0.331 0.03600900225056264 0.037
0 0.2576894223555889 0.371 0.028507126781695424 0.04
0 0.2788822205551388 0.40025 0.03113278319579895 0.0385
0 0.2980120030007502 0.432 0.03488372093023256 0.042
0 0.32314328582145535 0.41225 0.023630907726931733 0.0375
0 0.28394598649662417 0.343 0.029257314328582147 0.048
0 0.25881470367591897 0.298 0.03150787696924231 0.037
0 0.24343585896474118 0.2385 0.03150787696924231 0.037
0 0.2642535633908477 0.265 0.024381095273818456 0.039
0 0.290510127531883 0.27175 0.030382595648912228 0.0455
0 0.2852588147036759 0.2065 0.028132033008252063 0.042
0 0.3036384096024006 0.22025 0.028132033008252063 0.0395
0 0.3379594898724681 0.24025 0.030007501875468866 0.0365
0 0.34264816204051013 0.27575 0.03338334583645911 0.0375
0 0.35952738184546135 0.30725 0.032633158289572396 0.0395
0 0.30982745686421603 0.32125 0.0277569392348087 0.0355
0 0.33477119279819956 0.32775 0.029632408102025505 0.0475
0 0.31282820705176295 0.357 0.03075768942235559 0.045
0 0.34508627156789196 0.38675 0.029257314328582147 0.0415
0 0.359152288072018 0.41975 0.03188297074268567 0.0515
0 0.33664666166541635 0.45375 0.032633158289572396 0.0465
0 0.36159039759939987 0.4805 0.030007501875468866 0.041
0 0.33233308327081773 0.501 0.028507126781695424 0.036
0 0.3447111777944486 0.53525 0.029257314328582147 0.0445
0 0.3563390847711928 0.58 0.02700675168792198 0.047
0 0.3589647411852963 0.621 0.035258814703675916 0.046
0 0.3705926481620405 0.66575 0.035258814703675916 0.0415
0 0.3724681170292573 0.70525 0.03225806451612903 0.0405
0 0.34433608402100524 0.77875 0.03075768942235559 0.0445
0 0.3687171792948237 0.76075 0.029257314328582147 0.0455
0 0.39497374343585895 0.73825 0.030007501875468866 0.0525
0 0.4109152288072018 0.76875 0.025881470367591898 0.0445
0 0.3870967741935484 0.80575 0.03225806451612903 0.0525
0 0.36252813203300827 0.84375 0.03113278319579895 0.0485
0 0.38897224306076517 0.87 0.03225806451612903 0.041
0 0.4069767441860465 0.831 0.03075768942235559 0.045
0 0.41916729182295576 0.86975 0.029632408102025505 0.0435
0 0.4375468867216804 0.83525 0.032633158289572396 0.0455
0 0.4086646661665416 0.904 0.032633158289572396 0.04
0 0.4384846211552888 0.94775 0.03075768942235559 0.0495
0 0.4433608402100525 0.8985 0.033008252063015754 0.047
0 0.47336834208552137 0.91375 0.029257314328582147 0.0455
0 0.4696174043510878 0.9645 0.033008252063015754 0.048
0 0.4971867966991748 0.93775 0.030382595648912228 0.0435
0 0.5264441110277569 0.935 0.03188297074268567 0.049
0 0.5048762190547637 0.89475 0.0277569392348087 0.0495
0 0.4617404351087772 0.86125 0.03225806451612903 0.0495
0 0.46680420105026255 0.814 0.029632408102025505 0.04
0 0.4941860465116279 0.84175 0.03113278319579895 0.0455
0 0.5236309077269318 0.847 0.0277569392348087 0.044
0 0.5391972993248312 0.89475 0.028132033008252063 0.0515
0 0.5744561140285072 0.9115 0.032633158289572396 0.055
0 0.559264816204051 0.83225 0.03075768942235559 0.0445
0 0.5093773443360841 0.803 0.03225806451612903 0.044
0 0.4645536384096024 0.77125 0.028132033008252063 0.0465
0 0.48930982745686424 0.7475 0.03188297074268567 0.044
0 0.4662415603900975 0.724 0.03600900225056264 0.047
0 0.4088522130532633 0.68725 0.03150787696924231 0.0365
0 0.4019129782445611 0.64575 0.03338334583645911 0.0395
0 0.4307951987996999 0.6575 0.03788447111777944 0.043
0 0.4626781695423856 0.679 0.028132033008252063 0.039
0 0.48799699924981244 0.6985 0.030007501875468866 0.04
0 0.5157539384846211 0.70925 0.02700675168792198 0.0455
0 0.40772693173293323 0.60725 0.029257314328582147 0.0405
0 0.3754688672168042 0.5505 0.03225806451612903 0.041
0 0.41166541635408854 0.56575 0.03563390847711928 0.0395
0 0.44692423105776447 0.6055 0.030382595648912228 0.044
0 0.46830457614403603 0.63025 0.02663165791447862 0.0485
0 0.48893473368342083 0.65925 0.034133533383345835 0.0455
0 0.5018754688672168 0.6295 0.033008252063015754 0.043
0 0.4876219054763691 0.58725 0.03225806451612903 0.0435
0 0.3857839459864966 0.50875 0.028882220555138786 0.0405
0 0.4172918229557389 0.5245 0.028132033008252063 0.035
0 0.44692423105776447 0.53775 0.03113278319579895 0.0355
0 0.4788072018004501 0.5485 0.03338334583645911 0.042
0 0.3917854463615904 0.46325 0.03338334583645911 0.0375
0 0.4139159789947487 0.48725 0.028882220555138786 0.0405
0 0.43942235558889725 0.49725 0.023630907726931733 0.0435
0 0.46774193548387094 0.49825 0.02625656414103526 0.0505
0 0.4939984996249062 0.50825 0.02700675168792198 0.0455
0 0.5159414853713429 0.578 0.028132033008252063 0.041
0 0.5303825956489122 0.62175 0.02700675168792198 0.0365
0 0.5243810952738185 0.539 0.0345086271567892 0.043
0 0.3657164291072768 0.344 0.033008252063015754 0.038
0 0.37471867966991745 0.38125 0.03075768942235559 0.0365
0 0.38728432108027006 0.41875 0.030382595648912228 0.0415
0 0.43285821455363843 0.425 0.03150787696924231 0.037
0 0.44561140285071266 0.46075 0.033008252063015754 0.0355
0 0.4741185296324081 0.45025 0.03600900225056264 0.0455
0 0.4105401350337584 0.37525 0.03113278319579895 0.0405
0 0.43529632408102026 0.3855 0.03113278319579895 0.043
0 0.4097899474868717 0.337 0.032633158289572396 0.042
0 0.4461740435108777 0.349 0.03113278319579895 0.041
0 0.3962865716429107 0.303 0.03113278319579895 0.041
0 0.37865716429107277 0.2795 0.025881470367591898 0.035
0 0.38147036759189795 0.24525 0.033008252063015754 0.0355
0 0.3623405851462866 0.20875 0.0345086271567892 0.0395
0 0.4111027756939235 0.1805 0.03225806451612903 0.04
0 0.4097899474868717 0.22625 0.028882220555138786 0.0425
0 0.4253563390847712 0.25525 0.030007501875468866 0.0405
0 0.4156039009752438 0.2855 0.029257314328582147 0.035
0 0.44879969992498125 0.28225 0.03113278319579895 0.0315
0 0.43942235558889725 0.318 0.03338334583645911 0.034
0 0.4694298574643661 0.3105 0.03188297074268567 0.039
0 0.4754313578394599 0.34625 0.030382595648912228 0.0395
0 0.49118529632408103 0.37825 0.03188297074268567 0.0375
0 0.4748687171792948 0.408 0.03225806451612903 0.04
0 0.508814703675919 0.43075 0.03338334583645911 0.0455
0 0.5155663915978995 0.4685 0.030382595648912228 0.045
0 0.5191297824456114 0.4125 0.02700675168792198 0.036
0 0.5408852213053263 0.449 0.03075768942235559 0.037
0 0.5446361590397599 0.4165 0.02625656414103526 0.039
0 0.5189422355588897 0.363 0.030382595648912228 0.042
0 0.5026256564141035 0.336 0.0277569392348087 0.039
0 0.4397974493623406 0.213 0.025881470367591898 0.038
0 0.45630157539384847 0.248 0.02663165791447862 0.044
0 0.4643660915228807 0.184 0.025506376594148537 0.049
0 0.4913728432108027 0.187 0.030007501875468866 0.037
0 0.48330832708177046 0.231 0.032633158289572396 0.038
0 0.48237059264816207 0.268 0.029257314328582147 0.039
0 0.5045011252813203 0.2895 0.03075768942235559 0.033
0 0.5106901725431358 0.256 0.030382595648912228 0.039
0 0.5384471117779445 0.27525 0.03113278319579895 0.0425
0 0.5313203300825207 0.3095 0.028882220555138786 0.041
0 0.5579519879969993 0.3395 0.034133533383345835 0.034
0 0.5620780195048762 0.377 0.03188297074268567 0.044
0 0.5770817704426107 0.4165 0.034133533383345835 0.034
0 0.5725806451612904 0.4475 0.02738184546136534 0.038
0 0.558702175543886 0.48075 0.029632408102025505 0.0385
0 0.5770817704426107 0.5105 0.03113278319579895 0.04
0 0.5637659414853713 0.54725 0.033008252063015754 0.0405
0 0.5465116279069767 0.578 0.03150787696924231 0.04
0 0.5744561140285072 0.5855 0.028132033008252063 0.046
0 0.5613278319579895 0.62475 0.03488372093023256 0.0435
0 0.5455738934733684 0.65925 0.034133533383345835 0.0425
0 0.5416354088522131 0.6965 0.03225806451612903 0.041
0 0.5444486121530383 0.7385 0.03188297074268567 0.04
0 0.5324456114028507 0.77325 0.036384096024006 0.0425
0 0.5658289572393098 0.78325 0.03563390847711928 0.0425
0 0.5819579894973743 0.82125 0.028882220555138786 0.0485
0 0.5907726931732933 0.854 0.033008252063015754 0.038
0 0.6175918979744937 0.839 0.03338334583645911 0.055
0 0.6318454613653414 0.807 0.03488372093023256 0.036
0 0.5900225056264066 0.75975 0.03150787696924231 0.0465
0 0.6264066016504126 0.771 0.037509377344336084 0.043
0 0.6596024006001501 0.76575 0.03113278319579895 0.0445
0 0.5791447861965492 0.71925 0.035258814703675916 0.0475
0 0.6093398349587397 0.71025 0.03563390847711928 0.0365
0 0.6404726181545386 0.73 0.030382595648912228 0.04
0 0.6877344336084021 0.75875 0.03113278319579895 0.0495
0 0.6702925731432858 0.71325 0.03075768942235559 0.0485
0 0.5761440360090022 0.668 0.03075768942235559 0.041
0 0.5937734433608403 0.633 0.03225806451612903 0.042
0 0.6072768192048013 0.6705 0.0277569392348087 0.046
0 0.6451612903225806 0.68925 0.0345086271567892 0.0415
0 0.6384096024006002 0.65225 0.030007501875468866 0.0415
0 0.6646661665416355 0.66675 0.02700675168792198 0.0355
0 0.694298574643661 0.6925 0.028507126781695424 0.046
0 0.7023630907726932 0.7295 0.03488372093023256 0.045
0 0.7327456864216054 0.73775 0.028132033008252063 0.0435
0 0.7289947486871718 0.696 0.03188297074268567 0.04
0 0.700675168792198 0.662 0.03375843960990248 0.036
0 0.6656039009752438 0.63275 0.03113278319579895 0.0385
0 0.6010877719429858 0.59325 0.02663165791447862 0.0445
0 0.6286571642910728 0.60475 0.02700675168792198 0.0435
0 0.6164666166541636 0.56 0.032633158289572396 0.041
0 0.6457239309827457 0.554 0.028882220555138786 0.043
0 0.6747936984246061 0.5535 0.030007501875468866 0.042
0 0.6854838709677419 0.59225 0.03113278319579895 0.0385
0 0.6974868717179294 0.62825 0.03188297074268567 0.0365
0 0.6136534133533383 0.50325 0.03150787696924231 0.0375
0 0.6325956489122281 0.5175 0.03188297074268567 0.041
0 0.5941485371342836 0.47125 0.03075768942235559 0.0435
0 0.6052138034508627 0.43975 0.03188297074268567 0.0375
0 0.6318454613653414 0.451 0.02663165791447862 0.044
0 0.6378469617404351 0.486 0.032633158289572396 0.032
0 0.6708552138034508 0.5125 0.03113278319579895 0.042
0 0.6669167291822956 0.45875 0.03075768942235559 0.0435
0 0.5888972243060765 0.3545 0.025506376594148537 0.043
0 0.5331957989497375 0.214 0.032633158289572396 0.036
0 0.536946736684171 0.24375 0.029632408102025505 0.0345
0 0.5538259564891223 0.18075 0.030382595648912228 0.0395
0 0.5849587396849212 0.1845 0.03188297074268567 0.037
0 0.5660165041260315 0.21875 0.033008252063015754 0.0415
0 0.5663915978994749 0.2595 0.0277569392348087 0.037
0 0.563953488372093 0.2975 0.03113278319579895 0.037
0 0.5905851462865717 0.28175 0.02663165791447862 0.0405
0 0.5932108027006752 0.316 0.030382595648912228 0.037
0 0.6027756939234808 0.23 0.02700675168792198 0.039
0 0.6322205551387847 0.23575 0.03188297074268567 0.0365
0 0.663728432108027 0.24275 0.02738184546136534 0.0465
0 0.6235933983495874 0.2835 0.028132033008252063 0.036
0 0.6219054763690923 0.31675 0.024756189047261814 0.0355
0 0.6177794448612153 0.3455 0.028507126781695424 0.035
0 0.6162790697674418 0.37725 0.028507126781695424 0.0375
0 0.6239684921230307 0.40675 0.03338334583645911 0.0345
0 0.6509752438109527 0.33675 0.030382595648912228 0.0355
0 0.6521005251312828 0.367 0.03188297074268567 0.035
0 0.6776069017254314 0.3795 0.02738184546136534 0.04
0 0.6545386346586647 0.284 0.029257314328582147 0.037
0 0.6742310577644411 0.30825 0.03188297074268567 0.0375
0 0.6807951987997 0.275 0.025506376594148537 0.033
0 0.708927231807952 0.29975 0.030007501875468866 0.0385
0 0.7402475618904726 0.324 0.028132033008252063 0.037
0 0.7612528132033008 0.34825 0.03188297074268567 0.0425
0 0.6987996999249813 0.3535 0.028507126781695424 0.038
0 0.7239309827456865 0.3555 0.024756189047261814 0.039
0 0.7113653413353338 0.38375 0.030382595648912228 0.0355
0 0.7327456864216054 0.39675 0.028882220555138786 0.0345
0 0.6611027756939235 0.41975 0.029632408102025505 0.0395
0 0.682483120780195 0.42525 0.02738184546136534 0.0425
0 0.7126781695423856 0.425 0.03075768942235559 0.038
0 0.6892348087021756 0.47975 0.032633158289572396 0.0445
0 0.7169917479369843 0.46575 0.03113278319579895 0.0385
0 0.7451237809452363 0.46675 0.028882220555138786 0.0465
0 0.7571267816954238 0.4285 0.03788447111777944 0.039
0 0.7288072018004501 0.50075 0.029257314328582147 0.0425
0 0.6984246061515379 0.528 0.035258814703675916 0.039
0 0.7074268567141786 0.5625 0.030007501875468866 0.036
0 0.791072768192048 0.43075 0.028507126781695424 0.0395
0 0.8207051762940735 0.446 0.02625656414103526 0.036
0 0.8062640660165041 0.46675 0.032633158289572396 0.0395
0 0.7779444861215303 0.483 0.0277569392348087 0.04
0 0.7451237809452363 0.53375 0.034133533383345835 0.0415
0 0.7503750937734434 0.574 0.034133533383345835 0.038
0 0.7213053263315828 0.5995 0.033008252063015754 0.04
0 0.7496249062265566 0.61 0.028132033008252063 0.033
0 0.7409977494373593 0.64175 0.03488372093023256 0.0385
0 0.7494373593398349 0.67375 0.033008252063015754 0.0385
0 0.7691297824456114 0.72175 0.030382595648912228 0.0455
0 0.786384096024006 0.65525 0.03113278319579895 0.0465
0 0.7865716429107277 0.606 0.03075768942235559 0.042
0 0.8143285821455364 0.6355 0.024756189047261814 0.042
0 0.8169542385596399 0.5945 0.03150787696924231 0.038
0 0.8432108027006752 0.62025 0.030007501875468866 0.0445
0 0.8769692423105776 0.60125 0.03225806451612903 0.0465
0 0.8403975993998499 0.57975 0.03188297074268567 0.0355
0 0.8403975993998499 0.54325 0.034133533383345835 0.0385
0 0.8750937734433608 0.52875 0.03225806451612903 0.0355
0 0.8602775693923481 0.4875 0.034133533383345835 0.046
0 0.8122655663915979 0.5035 0.030382595648912228 0.035
0 0.7815078769692423 0.52975 0.02663165791447862 0.0425
0 0.7833833458364591 0.57025 0.03113278319579895 0.0365
