0 0.49569771791994016 0.076 0.052375607931163484 0.065
0 0.5982042648709316 0.035 0.04414515525626637 0.069
0 0.4818555929667041 0.12175 0.04264870931537598 0.0575
0 0.5800598578376356 0.0935 0.05424616535727647 0.066
0 0.6762065095398428 0.05175 0.05200149644594089 0.0645
0 0.6322484100261878 0.079 0.048634493078937524 0.06
0 0.7016460905349794 0.1035 0.050505050505050504 0.065
0 0.6062476618032173 0.1335 0.0512532734754957 0.066
0 0.6552562663673774 0.1185 0.046763935652824544 0.061
0 0.6861204638982417 0.1615 0.04264870931537598 0.07
0 0.735877291432847 0.15925 0.04938271604938271 0.0635
0 0.7817059483726151 0.176 0.052749719416386086 0.063
0 0.6909839132061354 0.2165 0.05611672278338945 0.065
0 0.6300037411148522 0.17175 0.048634493078937524 0.0695
0 0.7420501309390198 0.2135 0.0512532734754957 0.064
0 0.7394313505424617 0.27575 0.05200149644594089 0.0745
0 0.779835390946502 0.25375 0.05424616535727647 0.0695
0 0.8020950243172466 0.327 0.05387205387205387 0.066
0 0.8511036288814067 0.36675 0.03965581743359521 0.0705
0 0.7268986157875047 0.344 0.04938271604938271 0.07
0 0.6851851851851852 0.2835 0.052749719416386086 0.063
0 0.5512532734754957 0.17875 0.040029928918817806 0.0605
0 0.5892255892255892 0.18575 0.0411522633744856 0.0635
0 0.6182192293303405 0.23425 0.04377104377104377 0.0645
0 0.5033670033670034 0.1795 0.04751215862326973 0.066
0 0.5415263748597082 0.242 0.04601571268237935 0.061
0 0.6013842124953236 0.28575 0.04751215862326973 0.0755
0 0.5561167227833894 0.2975 0.04302282080059858 0.064
0 0.43509165731387955 0.16125 0.04264870931537598 0.0555
0 0.4773662551440329 0.20775 0.0411522633744856 0.0635
0 0.4087167976056865 0.212 0.056490834268612046 0.062
0 0.44668911335578004 0.27275 0.04264870931537598 0.0555
0 0.49756827534605313 0.25475 0.0411522633744856 0.0615
0 0.3398802843247288 0.2315 0.04377104377104377 0.054
0 0.30097268986157877 0.24375 0.03554059109614665 0.0525
0 0.28189300411522633 0.29825 0.03853348297792742 0.0535
0 0.3389450056116723 0.29775 0.03741114852225964 0.0575
0 0.38065843621399176 0.275 0.03928170594837262 0.057
0 0.3959970071081182 0.31775 0.040029928918817806 0.0595
0 0.2723531612420501 0.34075 0.035166479610924055 0.0505
0 0.32061354283576504 0.3535 0.03741114852225964 0.058
0 0.27010849233071454 0.432 0.03591470258136925 0.048
0 0.29816685372240925 0.43525 0.035166479610924055 0.0565
0 0.3505424616535728 0.43825 0.04489337822671156 0.0625
0 0.40834268612046387 0.37 0.04227459783015339 0.059
0 0.46539468761690983 0.33075 0.034418256640478866 0.0605
0 0.49738121960344184 0.327 0.03928170594837262 0.058
0 0.45753834642723534 0.3835 0.04339693228582117 0.059
0 0.4279835390946502 0.425 0.041900486344930786 0.059
0 0.322484100261878 0.4835 0.03965581743359521 0.062
0 0.3458660680882903 0.52725 0.034044145155256264 0.0555
0 0.3939393939393939 0.4645 0.0411522633744856 0.055
0 0.6735877291432847 0.33825 0.053497942386831275 0.0665
0 0.5772540216984662 0.35125 0.04713804713804714 0.0605
0 0.5284324728769173 0.357 0.04601571268237935 0.057
0 0.5619154508043397 0.403 0.04489337822671156 0.068
0 0.6232697343808455 0.36975 0.05387205387205387 0.0745
0 0.6642349420127198 0.40325 0.049756827534605315 0.0635
0 0.7583239805462028 0.41875 0.04713804713804714 0.0655
0 0.8460531238309016 0.48025 0.05574261129816686 0.0715
0 0.7957351290684624 0.4715 0.052375607931163484 0.068
0 0.4986906098017209 0.38775 0.04040404040404041 0.0615
0 0.47605686494575383 0.43125 0.03179947624392069 0.0485
0 0.49607182940516276 0.442 0.051627384960718295 0.054
0 0.45435839880284323 0.4785 0.040029928918817806 0.055
0 0.5050505050505051 0.49525 0.038159371492704826 0.0635
0 0.5512532734754957 0.505 0.04900860456416012 0.052
0 0.6025065469509914 0.477 0.04751215862326973 0.055
0 0.6520763187429854 0.488 0.04638982416760194 0.062
0 0.6979049756827534 0.507 0.05574261129816686 0.065
0 0.7476618032173588 0.5035 0.052749719416386086 0.061
0 0.8080808080808081 0.53425 0.04638982416760194 0.0615
0 0.8742985409652076 0.522 0.0613542835765058 0.056
0 0.8221099887766554 0.59325 0.050505050505050504 0.0615
0 0.7598204264870931 0.61875 0.048634493078937524 0.0645
0 0.7138047138047138 0.56675 0.055368499812944255 0.0595
0 0.6666666666666666 0.551 0.04938271604938271 0.055
0 0.6122334455667789 0.526 0.04601571268237935 0.051
0 0.5297418630751964 0.5465 0.03965581743359521 0.054
0 0.3939393939393939 0.51275 0.03591470258136925 0.0525
0 0.43209876543209874 0.51075 0.038159371492704826 0.0535
0 0.49682005237560795 0.53575 0.038159371492704826 0.0525
0 0.32510288065843623 0.5705 0.03292181069958848 0.051
0 0.3479236812570146 0.606 0.03292181069958848 0.049
0 0.3834642723531612 0.614 0.031425364758698095 0.049
0 0.4107744107744108 0.566 0.03741114852225964 0.051
0 0.4399551066217733 0.55775 0.04339693228582117 0.0555
0 0.43022820800598577 0.61025 0.03890759446315002 0.0575
0 0.4822297044519267 0.59225 0.04414515525626637 0.0595
0 0.4566030677141788 0.65375 0.03254769921436588 0.0525
0 0.398989898989899 0.71525 0.037037037037037035 0.0485
0 0.3791619902731014 0.6495 0.03778526000748223 0.046
0 0.44126449682005237 0.71675 0.03928170594837262 0.0545
0 0.4399551066217733 0.7775 0.035166479610924055 0.056
0 0.5160867938645717 0.62425 0.04302282080059858 0.0535
0 0.5667789001122334 0.5725 0.04414515525626637 0.055
0 0.5980172091283202 0.61 0.04526748971193416 0.057
0 0.6442199775533108 0.593 0.048634493078937524 0.056
0 0.6917321361765806 0.6105 0.052375607931163484 0.068
0 0.7985409652076318 0.65425 0.05200149644594089 0.0575
0 0.808641975308642 0.71375 0.05200149644594089 0.0565
0 0.7523381967826412 0.67725 0.04788627010849233 0.0605
0 0.6533857089412645 0.6555 0.05424616535727647 0.057
0 0.7033295922184811 0.68675 0.0508791619902731 0.0575
0 0.7454171343060232 0.7245 0.05574261129816686 0.049
0 0.7811447811447811 0.771 0.048634493078937524 0.062
0 0.7811447811447811 0.83725 0.05013093901982791 0.0585
0 0.7558922558922558 0.8935 0.0512532734754957 0.057
0 0.7298915076692855 0.791 0.04638982416760194 0.058
0 0.7018331462775907 0.74275 0.04788627010849233 0.0545
0 0.5899738121960344 0.684 0.04638982416760194 0.057
0 0.5592966704077815 0.63425 0.04414515525626637 0.0565
0 0.636737747848859 0.712 0.054620276842499066 0.058
0 0.6704077815188926 0.7635 0.041900486344930786 0.061
0 0.67003367003367 0.8275 0.04564160119715675 0.059
0 0.7244668911335578 0.8445 0.04377104377104377 0.057
0 0.7111859334081556 0.911 0.048634493078937524 0.053
0 0.6638608305274972 0.9175 0.04526748971193416 0.057
0 0.6251402918069585 0.92475 0.04040404040404041 0.0565
0 0.6356154133931912 0.8675 0.04788627010849233 0.06
0 0.620463898241676 0.7835 0.046763935652824544 0.057
0 0.5877291432846988 0.74075 0.041900486344930786 0.0625
0 0.597830153385709 0.818 0.041900486344930786 0.058
0 0.5895997007108118 0.8805 0.04264870931537598 0.053
0 0.5697717919940142 0.894 0.04564160119715675 0.052
0 0.5467639356528246 0.97075 0.04451926674148896 0.0505
0 0.554620276842499 0.84725 0.040029928918817806 0.0585
0 0.5525626636737748 0.777 0.03591470258136925 0.062
0 0.5447063224841002 0.717 0.0411522633744856 0.052
0 0.5078563411896745 0.6965 0.040778151889263 0.047
0 0.4783015338570894 0.72725 0.03254769921436588 0.0555
0 0.48054620276842497 0.78525 0.04152637485970819 0.0575
0 0.5157126823793491 0.7345 0.04377104377104377 0.058
0 0.45173961840628507 0.84875 0.034044145155256264 0.0555
0 0.4820426487093154 0.84825 0.040029928918817806 0.0455
0 0.5050505050505051 0.83175 0.04414515525626637 0.0545
0 0.512532734754957 0.89725 0.0411522633744856 0.0575
