0 0.16166541635408851 0.58125 0.11927981995498875 0.1165
0 0.13653413353338334 0.6885 0.10652663165791448 0.121
0 0.22186796699174793 0.764 0.0986496624156039 0.127
0 0.3177044261065266 0.81 0.10202550637659415 0.12
0 0.41522880720180044 0.82725 0.0900225056264066 0.1045
0 0.5060015003750937 0.871 0.09752438109527382 0.124
0 0.5963990997749438 0.87175 0.08777194298574643 0.1065
0 0.290510127531883 0.6435 0.10090022505626407 0.12
0 0.27063015753938485 0.53775 0.10465116279069768 0.1295
0 0.3777194298574644 0.54625 0.10427606901725431 0.1395
0 0.3919729932483121 0.67725 0.09302325581395349 0.1205
0 0.4748687171792948 0.719 0.09602400600150038 0.12
0 0.5622655663915979 0.73675 0.08927231807951988 0.1075
0 0.672543135783946 0.76025 0.0900225056264066 0.1135
0 0.6680420105026257 0.82825 0.08552138034508627 0.0755
0 0.7597524381095274 0.867 0.08139534883720931 0.108
0 0.8396474118529632 0.83425 0.08139534883720931 0.0965
0 0.7443735933983496 0.74525 0.07389347336834208 0.1025
0 0.8188297074268567 0.70725 0.08777194298574643 0.1125
0 0.909039759939985 0.7485 0.08064516129032258 0.121
0 0.876781695423856 0.62075 0.08439609902475619 0.1135
0 0.7826331582895724 0.5885 0.07764441110277569 0.119
0 0.7261815453863466 0.653 0.0900225056264066 0.099
0 0.6521005251312828 0.61625 0.09564891222805702 0.1085
0 0.5590772693173294 0.62925 0.08739684921230308 0.1205
0 0.45386346586646664 0.591 0.09077269317329333 0.128
0 0.2788822205551388 0.39375 0.09639909977494374 0.1135
0 0.34508627156789196 0.30525 0.0967741935483871 0.1335
0 0.42760690172543137 0.41425 0.1005251312828207 0.1245
0 0.5075018754688673 0.4825 0.09452363090772693 0.128
0 0.4283570892723181 0.1435 0.09452363090772693 0.134
0 0.43698424606151537 0.28 0.09752438109527382 0.143
0 0.5009377344336085 0.341 0.08589647411852963 0.13
0 0.596211552888222 0.4195 0.0918979744936234 0.118
0 0.6702925731432858 0.504 0.09152288072018004 0.116
0 0.7353713428357089 0.51775 0.06339084771192798 0.1195
0 0.8587771942985747 0.50275 0.08364591147786947 0.1185
0 0.7074268567141786 0.39325 0.08402100525131283 0.1085
0 0.7790697674418605 0.398 0.07051762940735183 0.125
0 0.5300075018754689 0.21575 0.1072768192048012 0.1445
0 0.6067141785446362 0.28875 0.09789947486871718 0.1355
0 0.6551012753188297 0.18025 0.08289572393098274 0.1295
0 0.7207426856714179 0.2735 0.09489872468117029 0.128
0 0.722993248312078 0.1125 0.08814703675918979 0.126
0 0.8135783945986497 0.25675 0.09302325581395349 0.1355
