0 0.09621155288822206 0.63475 0.06639159789947487 0.0715
0 0.14609902475618905 0.566 0.061890472618154536 0.076
0 0.14309827456864216 0.482 0.06264066016504126 0.086
0 0.14834958739684923 0.39075 0.0671417854463616 0.0785
0 0.19411102775693923 0.327 0.06489122280570142 0.093
0 0.23518379594898725 0.26725 0.06151537884471118 0.0915
0 0.2625656414103526 0.3535 0.0555138784696174 0.077
0 0.2124906226556639 0.4105 0.06639159789947487 0.077
0 0.2108027006751688 0.5615 0.06676669167291822 0.075
0 0.17891972993248312 0.6395 0.0690172543135784 0.061
0 0.30438859714928734 0.27725 0.06864216054013503 0.0935
0 0.37603150787696926 0.266 0.061140285071267814 0.089
0 0.3267066766691673 0.36125 0.06751687921980495 0.0915
0 0.38728432108027006 0.33975 0.05738934733683421 0.0795
0 0.2895723930982746 0.425 0.060765191297824456 0.083
0 0.25618904726181546 0.49425 0.06451612903225806 0.0765
0 0.2788822205551388 0.561 0.056639159789947484 0.081
0 0.2663165791447862 0.65 0.05326331582895724 0.075
0 0.3411477869467367 0.71625 0.05288822205551388 0.0855
0 0.3225806451612903 0.60875 0.05026256564141035 0.0775
0 0.3252063015753939 0.5155 0.0622655663915979 0.074
0 0.350337584396099 0.444 0.06376594148537135 0.08
0 0.4032258064516129 0.41375 0.06001500375093773 0.0785
0 0.40960240060015 0.5055 0.05776444111027757 0.079
0 0.3754688672168042 0.593 0.0622655663915979 0.09
0 0.3915978994748687 0.65525 0.05026256564141035 0.0715
0 0.4163540885221305 0.70375 0.05476369092273068 0.0645
0 0.4322955738934734 0.595 0.05813953488372093 0.076
0 0.4608027006751688 0.53025 0.05588897224306077 0.0705
0 0.463615903975994 0.432 0.05701425356339085 0.083
0 0.4894973743435859 0.3705 0.05701425356339085 0.079
0 0.5361965491372843 0.34675 0.050637659414853715 0.0675
0 0.5253188297074268 0.43425 0.0536384096024006 0.0785
0 0.5071267816954238 0.4985 0.05251312828207052 0.064
0 0.49362340585146286 0.57725 0.056264066016504126 0.0705
0 0.48518379594898725 0.6535 0.05738934733683421 0.078
0 0.46511627906976744 0.7215 0.05326331582895724 0.067
0 0.5127531882970743 0.7725 0.04876219054763691 0.072
0 0.5549512378094523 0.723 0.050637659414853715 0.055
0 0.5146286571642911 0.68475 0.05326331582895724 0.0655
0 0.5371342835708928 0.63075 0.05026256564141035 0.0675
0 0.572768192048012 0.6655 0.046511627906976744 0.064
0 0.5855213803450863 0.60125 0.05401350337584396 0.0705
0 0.5583270817704427 0.546 0.05588897224306077 0.079
0 0.5630157539384846 0.46875 0.05251312828207052 0.0725
0 0.6063390847711928 0.42425 0.05288822205551388 0.0795
0 0.6661665416354089 0.3575 0.051762940735183796 0.074
0 0.640847711927982 0.488 0.05138784696174044 0.069
0 0.6972993248312078 0.4345 0.05251312828207052 0.063
0 0.6952363090772693 0.51 0.04838709677419355 0.073
0 0.632033008252063 0.55675 0.04951237809452363 0.0705
0 0.6644786196549137 0.575 0.047636909227306824 0.063
0 0.6290322580645161 0.63275 0.05326331582895724 0.0695
0 0.6768567141785446 0.66325 0.0536384096024006 0.0685
0 0.6149662415603901 0.68675 0.05588897224306077 0.0675
0 0.6033383345836459 0.74975 0.04988747186796699 0.0605
0 0.6507876969242311 0.72175 0.05026256564141035 0.0625
0 0.6674793698424606 0.79025 0.046136534133533386 0.0655
0 0.7063015753938484 0.73275 0.0450112528132033 0.0655
0 0.745311327831958 0.72925 0.03975993998499625 0.0585
0 0.7239309827456865 0.6725 0.04051012753188297 0.074
0 0.713615903975994 0.61375 0.04538634658664666 0.0675
0 0.7346211552888222 0.5555 0.047636909227306824 0.073
0 0.7370592648162041 0.372 0.04876219054763691 0.076
0 0.780570142535634 0.372 0.05326331582895724 0.07
0 0.7561890472618155 0.43 0.046511627906976744 0.078
0 0.8081395348837209 0.45275 0.047636909227306824 0.0745
0 0.7638784696174044 0.495 0.04238559639909977 0.075
0 0.8237059264816204 0.51825 0.04951237809452363 0.0605
0 0.7891972993248312 0.57375 0.04951237809452363 0.0725
0 0.7503750937734434 0.61575 0.04388597149287322 0.0665
0 0.7886346586646662 0.68375 0.04238559639909977 0.0635
0 0.8148912228057015 0.62475 0.04238559639909977 0.0635
0 0.8282070517629407 0.68025 0.046511627906976744 0.0665
0 0.8555888972243061 0.43175 0.04876219054763691 0.0655
0 0.8704051012753188 0.4985 0.047636909227306824 0.068
0 0.8968492123030758 0.52425 0.051762940735183796 0.0665
0 0.8524006001500375 0.56575 0.052138034508627154 0.0635
0 0.8880345086271568 0.583 0.03938484621155289 0.06
0 0.8554013503375844 0.622 0.04388597149287322 0.063
