0 0.04325 0.5902100525131283 0.0625 0.046136534133533386
0 0.12 0.6039009752438109 0.058 0.0450112528132033
0 0.16125 0.6571642910727682 0.0585 0.04276069017254314
0 0.21625 0.6612903225806451 0.0595 0.0450112528132033
0 0.29425 0.6280945236309077 0.0555 0.038634658664666165
0 0.31975 0.6421605401350338 0.0505 0.03150787696924231
0 0.35175 0.6721680420105026 0.0405 0.03600900225056264
0 0.36275 0.6095273818454614 0.0675 0.042010502625656414
0 0.3555 0.627906976744186 0.054 0.024006001500375095
0 0.41225 0.6082145536384096 0.0515 0.03938484621155289
0 0.40875 0.5708927231807952 0.0525 0.04051012753188297
0 0.35625 0.5448237059264817 0.0525 0.04013503375843961
0 0.296 0.5673293323330832 0.054 0.04088522130532633
0 0.2175 0.6104651162790697 0.058 0.041635408852213056
0 0.18125 0.5817704426106527 0.0625 0.04576144036009002
0 0.12925 0.5630157539384846 0.0515 0.04051012753188297
0 0.07875 0.5301950487621906 0.0565 0.04013503375843961
0 0.128 0.5241935483870968 0.055 0.038634658664666165
0 0.082 0.4896849212303076 0.058 0.041635408852213056
0 0.03475 0.4521755438859715 0.0575 0.04838709677419355
0 0.12925 0.4780570142535634 0.0515 0.04238559639909977
0 0.18825 0.5183795948987246 0.0655 0.051762940735183796
0 0.243 0.5468867216804201 0.055 0.037509377344336084
0 0.237 0.4838709677419355 0.052 0.04276069017254314
0 0.28875 0.5026256564141035 0.0405 0.04276069017254314
0 0.319 0.4705551387846962 0.057 0.04388597149287322
0 0.37625 0.48893473368342083 0.0595 0.046136534133533386
0 0.409 0.5288822205551388 0.058 0.042010502625656414
0 0.1765 0.4435483870967742 0.061 0.046136534133533386
0 0.27625 0.4197299324831208 0.0555 0.04426106526631658
0 0.10125 0.377344336084021 0.0615 0.04951237809452363
0 0.1615 0.39722430607651915 0.056 0.04126031507876969
0 0.35925 0.440735183795949 0.0555 0.04051012753188297
0 0.42575 0.44692423105776447 0.0475 0.03788447111777944
0 0.442 0.48799699924981244 0.052 0.03900975243810953
0 0.41975 0.3799699924981245 0.0505 0.04351087771942986
0 0.36825 0.4011627906976744 0.0595 0.03938484621155289
0 0.30425 0.3765941485371343 0.0695 0.04801200300075019
0 0.3605 0.353900975243811 0.059 0.04538634658664666
0 0.34375 0.29744936234058517 0.0575 0.04126031507876969
0 0.296 0.3160165041260315 0.053 0.04988747186796699
0 0.261 0.350337584396099 0.066 0.04576144036009002
0 0.209 0.36834208552138037 0.053 0.04576144036009002
0 0.14225 0.3486496624156039 0.0605 0.04238559639909977
0 0.4045 0.3259564891222806 0.052 0.04426106526631658
0 0.46275 0.31957989497374345 0.0635 0.04426106526631658
0 0.51475 0.30626406601650413 0.0455 0.04463615903975994
0 0.561 0.32614403600900227 0.06 0.04088522130532633
0 0.608 0.3034508627156789 0.05 0.042010502625656414
0 0.67275 0.31114028507126784 0.0565 0.04013503375843961
0 0.738 0.3169542385596399 0.053 0.03600900225056264
0 0.7855 0.3302700675168792 0.048 0.04013503375843961
0 0.53175 0.3565266316579145 0.0475 0.04688672168042011
0 0.46825 0.3743435858964741 0.0565 0.04351087771942986
0 0.62375 0.35090022505626406 0.0545 0.04913728432108027
0 0.66825 0.36384096024006 0.0455 0.0450112528132033
0 0.568 0.37978244561140284 0.054 0.041635408852213056
0 0.5215 0.4022880720180045 0.059 0.04088522130532633
0 0.46325 0.4129782445611403 0.0575 0.04051012753188297
0 0.4765 0.45630157539384847 0.055 0.04088522130532633
0 0.5685 0.4240435108777194 0.045 0.043135783945986494
0 0.62075 0.4341710427606902 0.0545 0.041635408852213056
0 0.68825 0.4111027756939235 0.0525 0.04051012753188297
0 0.63075 0.39403600900225055 0.0485 0.037134283570892726
0 0.54625 0.46230307576894225 0.0505 0.03788447111777944
0 0.52125 0.5016879219804952 0.0525 0.043135783945986494
0 0.48525 0.5318829707426856 0.0535 0.03600900225056264
0 0.531 0.5453863465866466 0.057 0.03825956489122281
0 0.4925 0.5633908477119279 0.046 0.03675918979744936
0 0.51825 0.586271567891973 0.0435 0.03675918979744936
0 0.5815 0.5558889722430608 0.049 0.042010502625656414
0 0.57675 0.52231807951988 0.0525 0.03188297074268567
0 0.60175 0.49174793698424607 0.0505 0.03600900225056264
0 0.6385 0.6142160540135033 0.052 0.036384096024006
0 0.72125 0.6327831957989497 0.0515 0.04051012753188297
0 0.63675 0.572205551387847 0.0525 0.03488372093023256
0 0.686 0.5883345836459115 0.051 0.043135783945986494
0 0.746 0.5785821455363841 0.048 0.037134283570892726
0 0.7445 0.6035258814703676 0.042 0.03150787696924231
0 0.788 0.6040885221305327 0.037 0.03488372093023256
0 0.843 0.594523630907727 0.044 0.03675918979744936
0 0.653 0.5331957989497375 0.054 0.04238559639909977
0 0.69775 0.5401350337584396 0.0495 0.037509377344336084
0 0.79525 0.5617029257314329 0.0495 0.04088522130532633
0 0.83675 0.5596399099774944 0.0435 0.035258814703675916
0 0.89225 0.5652663165791448 0.0495 0.028507126781695424
0 0.916 0.544073518379595 0.048 0.038634658664666165
0 0.94675 0.5590772693173294 0.0465 0.032633158289572396
0 0.759 0.5294448612153039 0.049 0.03563390847711928
0 0.81075 0.5225056264066017 0.0405 0.03675918979744936
0 0.84175 0.521755438859715 0.0345 0.03075768942235559
0 0.65125 0.49006001500375096 0.0515 0.037134283570892726
0 0.70025 0.5009377344336085 0.0535 0.03788447111777944
0 0.7705 0.4941860465116279 0.046 0.03788447111777944
0 0.85375 0.4915603900975244 0.0505 0.032633158289572396
0 0.893 0.48499624906226557 0.046 0.0345086271567892
0 0.685 0.450112528132033 0.056 0.03675918979744936
0 0.7375 0.4703675918979745 0.05 0.04126031507876969
0 0.80975 0.4638034508627157 0.0485 0.041635408852213056
0 0.8975 0.44317329332333083 0.059 0.04388597149287322
0 0.944 0.45555138784696175 0.051 0.04088522130532633
0 0.902 0.386721680420105 0.054 0.046511627906976744
0 0.913 0.41335333833458365 0.048 0.037509377344336084
0 0.8275 0.4118529632408102 0.052 0.03825956489122281
0 0.76425 0.4307951987996999 0.0525 0.03338334583645911
0 0.73575 0.39497374343585895 0.0515 0.03975993998499625
0 0.751 0.3561515378844711 0.053 0.04088522130532633
0 0.8095 0.3698424606151538 0.051 0.046511627906976744
0 0.8575 0.3531507876969242 0.048 0.04238559639909977
