0 0.2394973743435859 0.87325 0.047636909227306824 0.0465
0 0.2736309077269317 0.82275 0.03563390847711928 0.0445
0 0.3310202550637659 0.885 0.04538634658664666 0.044
0 0.36084021005251316 0.84425 0.03600900225056264 0.0455
0 0.3835333833458365 0.813 0.028882220555138786 0.044
0 0.25131282820705175 0.76025 0.04126031507876969 0.0445
0 0.27813203300825207 0.7585 0.025881470367591898 0.045
0 0.2059264816204051 0.69225 0.0450112528132033 0.0465
0 0.23049512378094525 0.65125 0.04988747186796699 0.0485
0 0.2535633908477119 0.689 0.05026256564141035 0.05
0 0.299887471867967 0.7065 0.04238559639909977 0.041
0 0.33477119279819956 0.76525 0.043135783945986494 0.0435
0 0.3623405851462866 0.7525 0.03825956489122281 0.044
0 0.38728432108027006 0.74075 0.03113278319579895 0.0325
0 0.2893848462115529 0.65975 0.04238559639909977 0.0445
0 0.3505251312828207 0.67975 0.03338334583645911 0.0415
0 0.16147786946736684 0.538 0.04838709677419355 0.055
0 0.21324081020255065 0.563 0.047636909227306824 0.047
0 0.2730682670667667 0.58175 0.047261815453863466 0.0485
0 0.2828207051762941 0.61875 0.05026256564141035 0.0445
0 0.304576144036009 0.55875 0.04951237809452363 0.0455
0 0.31189047261815456 0.585 0.043135783945986494 0.044
0 0.33064516129032256 0.63375 0.03938484621155289 0.0505
0 0.35877719429857463 0.60225 0.04688672168042011 0.0495
0 0.3621530382595649 0.65725 0.04388597149287322 0.0455
0 0.3850337584396099 0.68625 0.038634658664666165 0.0475
0 0.3951612903225806 0.70275 0.03563390847711928 0.0395
0 0.42385596399099773 0.7085 0.03075768942235559 0.04
0 0.42085521380345087 0.7475 0.03825956489122281 0.039
0 0.42104276069017255 0.7835 0.038634658664666165 0.042
0 0.4292948237059265 0.82625 0.03563390847711928 0.0365
0 0.4769317329332333 0.88375 0.03488372093023256 0.0395
0 0.5193173293323331 0.891 0.03938484621155289 0.041
0 0.45480120030007504 0.77975 0.037134283570892726 0.0385
0 0.4568642160540135 0.74725 0.035258814703675916 0.0365
0 0.21342835708927232 0.447 0.04876219054763691 0.051
0 0.24962490622655664 0.45375 0.037134283570892726 0.0545
0 0.25056264066016504 0.398 0.04876219054763691 0.053
0 0.2173668417104276 0.33 0.05138784696174044 0.061
0 0.24118529632408103 0.28275 0.05401350337584396 0.0635
0 0.27494373593398347 0.318 0.04876219054763691 0.059
0 0.3117029257314329 0.38025 0.05101275318829707 0.0555
0 0.29651162790697677 0.4315 0.04913728432108027 0.059
0 0.299887471867967 0.48025 0.04988747186796699 0.0585
0 0.34846211552888223 0.48075 0.03975993998499625 0.0565
0 0.3840960240060015 0.53075 0.04576144036009002 0.0485
0 0.42198049512378094 0.645 0.03675918979744936 0.046
0 0.4257314328582146 0.67375 0.03900975243810953 0.0345
0 0.44317329332333083 0.63725 0.02288072018004501 0.0495
0 0.41335333833458365 0.5575 0.0450112528132033 0.044
0 0.427231807951988 0.51675 0.0450112528132033 0.0495
0 0.3831582895723931 0.44875 0.047636909227306824 0.0555
0 0.40585146286571644 0.455 0.02700675168792198 0.05
0 0.3124531132783196 0.262 0.05476369092273068 0.069
0 0.35783945986496624 0.24275 0.05026256564141035 0.0625
0 0.34414853713428356 0.334 0.055138784696174045 0.063
0 0.35015003750937734 0.38025 0.04538634658664666 0.0505
0 0.38915978994748684 0.305 0.04838709677419355 0.053
0 0.40247561890472616 0.35475 0.04876219054763691 0.0525
0 0.4442985746436609 0.435 0.04388597149287322 0.055
0 0.4566766691672918 0.5365 0.037134283570892726 0.045
0 0.44317329332333083 0.592 0.038634658664666165 0.052
0 0.4857464366091523 0.60125 0.0345086271567892 0.0475
0 0.47093023255813954 0.6355 0.043135783945986494 0.043
0 0.4694298574643661 0.67625 0.032633158289572396 0.0455
0 0.46230307576894225 0.71725 0.03563390847711928 0.0435
0 0.4754313578394599 0.745 0.02288072018004501 0.041
0 0.5033758439609902 0.755 0.03600900225056264 0.044
0 0.5303825956489122 0.7965 0.03150787696924231 0.036
0 0.5551387846961741 0.78475 0.03075768942235559 0.0345
0 0.5371342835708928 0.7645 0.03225806451612903 0.034
0 0.5129407351837959 0.7195 0.03488372093023256 0.043
0 0.5632033008252063 0.7505 0.03188297074268567 0.036
0 0.5738934733683421 0.7715 0.02625656414103526 0.034
0 0.5948987246811703 0.74575 0.03825956489122281 0.0445
0 0.5525131282820706 0.7055 0.033008252063015754 0.029
0 0.5172543135783946 0.659 0.03675918979744936 0.043
0 0.5478244561140285 0.68475 0.03788447111777944 0.0405
0 0.5157539384846211 0.6165 0.03375843960990248 0.045
0 0.41916729182295576 0.19825 0.04838709677419355 0.0635
0 0.42010502625656415 0.2675 0.04951237809452363 0.065
0 0.4347336834208552 0.31025 0.046511627906976744 0.0685
0 0.4602400600150037 0.3705 0.04801200300075019 0.051
0 0.47936984246061515 0.391 0.04126031507876969 0.049
0 0.4748687171792948 0.44675 0.04426106526631658 0.0455
0 0.47655663915978996 0.504 0.04013503375843961 0.051
0 0.5048762190547637 0.5135 0.03900975243810953 0.047
0 0.5069392348087022 0.55175 0.043135783945986494 0.0515
0 0.5324456114028507 0.5655 0.03563390847711928 0.047
0 0.5590772693173294 0.624 0.03563390847711928 0.041
0 0.5611402850712678 0.644 0.03600900225056264 0.033
0 0.5843960990247562 0.6945 0.03225806451612903 0.04
0 0.5845836459114778 0.6435 0.03188297074268567 0.042
0 0.6106526631657915 0.69 0.03225806451612903 0.038
0 0.6235933983495874 0.721 0.030382595648912228 0.041
0 0.6440360090022506 0.7205 0.029257314328582147 0.036
0 0.6374718679669917 0.68775 0.032633158289572396 0.0365
0 0.6262190547636909 0.6635 0.03563390847711928 0.037
0 0.5947111777944486 0.608 0.03563390847711928 0.037
0 0.5390097524381096 0.517 0.03225806451612903 0.045
0 0.5108777194298575 0.46125 0.03975993998499625 0.0485
0 0.578019504876219 0.55075 0.0345086271567892 0.0455
0 0.6412228057014253 0.62875 0.028882220555138786 0.0435
0 0.6521005251312828 0.6465 0.019879969992498126 0.041
0 0.43117029257314327 0.12475 0.047636909227306824 0.0655
0 0.45836459114778694 0.1515 0.04426106526631658 0.057
0 0.4551762940735184 0.23475 0.043135783945986494 0.0595
0 0.4711177794448612 0.2935 0.04276069017254314 0.058
0 0.49868717179294825 0.334 0.04463615903975994 0.054
0 0.5318829707426856 0.41925 0.046511627906976744 0.0565
0 0.5470742685671418 0.45475 0.04013503375843961 0.0475
0 0.5600150037509377 0.47725 0.0345086271567892 0.0455
0 0.5967741935483871 0.50075 0.03975993998499625 0.0475
0 0.6194673668417104 0.52375 0.036384096024006 0.0415
0 0.6192798199549887 0.556 0.03600900225056264 0.04
0 0.6153413353338335 0.58175 0.032633158289572396 0.0335
0 0.6442235558889723 0.565 0.034133533383345835 0.049
0 0.6787321830457614 0.60325 0.028882220555138786 0.0345
0 0.6843585896474118 0.56525 0.03563390847711928 0.0435
0 0.7121155288822205 0.58975 0.030382595648912228 0.0415
0 0.6425356339084771 0.519 0.021005251312828207 0.029
0 0.635596399099775 0.50075 0.030382595648912228 0.0285
0 0.63615903975994 0.47975 0.037509377344336084 0.0455
0 0.6009002250562641 0.46175 0.03900975243810953 0.0475
0 0.508814703675919 0.23725 0.04238559639909977 0.0575
0 0.5185671417854464 0.27425 0.04538634658664666 0.0545
0 0.5247561890472618 0.1775 0.04351087771942986 0.059
0 0.5448237059264817 0.2285 0.043135783945986494 0.058
0 0.5600150037509377 0.15725 0.042010502625656414 0.0505
0 0.5800825206301575 0.19475 0.04238559639909977 0.0525
0 0.5692048012003 0.27325 0.046136534133533386 0.0565
0 0.5575768942235559 0.3275 0.03788447111777944 0.052
0 0.5890847711927982 0.30075 0.038634658664666165 0.0565
0 0.5714553638409603 0.35925 0.04238559639909977 0.0505
0 0.6027756939234808 0.39875 0.04051012753188297 0.0525
0 0.6363465866466617 0.4195 0.03788447111777944 0.046
0 0.6650412603150788 0.47675 0.028507126781695424 0.0475
0 0.6879219804951238 0.50325 0.037509377344336084 0.0445
0 0.668417104276069 0.5155 0.028507126781695424 0.04
0 0.7168042010502625 0.5375 0.03225806451612903 0.044
0 0.7593773443360841 0.587 0.029632408102025505 0.043
0 0.6123405851462865 0.34225 0.038634658664666165 0.0545
0 0.6440360090022506 0.34725 0.03225806451612903 0.0525
0 0.6466616654163541 0.367 0.03225806451612903 0.048
0 0.6243435858964741 0.25625 0.047636909227306824 0.0555
0 0.6303450862715679 0.294 0.04013503375843961 0.046
0 0.6624156039009752 0.297 0.03900975243810953 0.059
0 0.6526631657914479 0.24725 0.03825956489122281 0.0585
0 0.6697299324831207 0.31475 0.03188297074268567 0.0425
0 0.6862340585146287 0.37775 0.03488372093023256 0.0485
0 0.7156789197299325 0.39175 0.03150787696924231 0.0515
0 0.6918604651162791 0.441 0.038634658664666165 0.049
0 0.7079894973743436 0.47525 0.03563390847711928 0.0425
0 0.7295573893473368 0.503 0.03150787696924231 0.039
0 0.7468117029257314 0.469 0.03600900225056264 0.054
0 0.7304951237809453 0.42625 0.036384096024006 0.0495
0 0.7479369842460615 0.51375 0.0277569392348087 0.0455
0 0.7537509377344336 0.4145 0.029632408102025505 0.041
0 0.7528132033008252 0.36925 0.035258814703675916 0.0545
0 0.7768192048012003 0.38725 0.030007501875468866 0.0525
0 0.8147036759189797 0.365 0.03675918979744936 0.048
0 0.7963240810202551 0.317 0.03900975243810953 0.052
0 0.7181170292573144 0.2955 0.034133533383345835 0.049
0 0.6929857464366092 0.26425 0.038634658664666165 0.0485
0 0.745311327831958 0.257 0.035258814703675916 0.052
0 0.6963615903975994 0.222 0.03788447111777944 0.053
0 0.6181545386346586 0.1335 0.04576144036009002 0.06
0 0.6597899474868717 0.13075 0.03900975243810953 0.0615
0 0.6588522130532634 0.183 0.04388597149287322 0.052
0 0.7055513878469617 0.161 0.037509377344336084 0.063
0 0.7342460615153789 0.17425 0.03788447111777944 0.0535
