0 0.28319579894973745 0.19475 0.0900225056264066 0.1275
0 0.25056264066016504 0.30575 0.09377344336084022 0.1255
0 0.1723555888972243 0.371 0.08739684921230308 0.115
0 0.11477869467366841 0.47575 0.08402100525131283 0.1075
0 0.15341335333833458 0.611 0.08927231807951988 0.114
0 0.20817704426106526 0.5105 0.08402100525131283 0.113
0 0.24099774943735933 0.65225 0.08064516129032258 0.1085
0 0.30982745686421603 0.74425 0.08927231807951988 0.1035
0 0.3477119279819955 0.80175 0.08477119279819954 0.0985
0 0.39403600900225055 0.75 0.09114778694673668 0.104
0 0.43060765191297823 0.81075 0.07501875468867217 0.0975
0 0.5296324081020255 0.83725 0.08177044261065267 0.0925
0 0.6423480870217554 0.843 0.08439609902475619 0.088
0 0.572205551387847 0.73125 0.061890472618154536 0.0795
0 0.7113653413353338 0.797 0.0671417854463616 0.103
0 0.7790697674418605 0.73475 0.06751687921980495 0.1035
0 0.8291447861965492 0.661 0.07839459864966242 0.103
0 0.8829707426856714 0.625 0.07126781695423856 0.098
0 0.8027006751687922 0.43825 0.08102025506376594 0.0965
0 0.7831957989497375 0.5405 0.07576894223555888 0.108
0 0.7164291072768192 0.60975 0.08402100525131283 0.1125
0 0.687171792948237 0.718 0.07201800450112528 0.101
0 0.613278319579895 0.61575 0.0795198799699925 0.0995
0 0.5461365341335334 0.707 0.08852213053263316 0.113
0 0.4465491372843211 0.6475 0.09039759939984997 0.106
0 0.35502625656414105 0.62875 0.08814703675918979 0.0955
0 0.2903225806451613 0.554 0.08852213053263316 0.117
0 0.26669167291822954 0.4195 0.09152288072018004 0.11
0 0.33570892723180795 0.36925 0.09527381845461365 0.1225
0 0.3784696174043511 0.232 0.08852213053263316 0.121
0 0.48537134283570893 0.228 0.08627156789197299 0.116
0 0.4435483870967742 0.3345 0.07764441110277569 0.119
0 0.4021005251312828 0.43275 0.09452363090772693 0.1145
0 0.42104276069017255 0.54925 0.08889722430607652 0.1095
0 0.49268567141785446 0.5345 0.07764441110277569 0.082
0 0.6515378844711178 0.5375 0.08177044261065267 0.1
0 0.5819579894973743 0.50975 0.08064516129032258 0.1215
0 0.6650412603150788 0.448 0.09152288072018004 0.112
0 0.7319954988747187 0.46 0.06864216054013503 0.111
0 0.7376219054763691 0.3435 0.08139534883720931 0.095
0 0.6701050262565641 0.30475 0.08589647411852963 0.1055
0 0.5866466616654163 0.25225 0.09452363090772693 0.1245
0 0.5598274568642161 0.369 0.09339834958739685 0.123
0 0.49474868717179293 0.4465 0.09302325581395349 0.111
0 0.4722430607651913 0.7255 0.07651912978244561 0.086
