0 0.17704426106526633 0.30825 0.03900975243810953 0.0535
0 0.1867966991747937 0.35075 0.03900975243810953 0.0505
0 0.1723555888972243 0.3925 0.029632408102025505 0.052
0 0.2010502625656414 0.39525 0.03600900225056264 0.0525
0 0.20892723180795197 0.435 0.03375843960990248 0.045
0 0.18473368342085522 0.451 0.03488372093023256 0.05
0 0.2126781695423856 0.48225 0.033008252063015754 0.0545
0 0.23255813953488372 0.42575 0.0345086271567892 0.0475
0 0.2241185296324081 0.3745 0.036384096024006 0.06
0 0.22055513878469618 0.324 0.03225806451612903 0.052
0 0.2516879219804951 0.32025 0.033008252063015754 0.0555
0 0.25787696924231057 0.375 0.04088522130532633 0.053
0 0.2865716429107277 0.3335 0.037509377344336084 0.056
0 0.29669917479369845 0.2735 0.03900975243810953 0.055
0 0.33758439609902474 0.259 0.03675918979744936 0.047
0 0.35015003750937734 0.2825 0.036384096024006 0.055
0 0.33758439609902474 0.33075 0.03975993998499625 0.0565
0 0.3687171792948237 0.342 0.042010502625656414 0.059
0 0.35408852213053266 0.382 0.037509377344336084 0.055
0 0.3150787696924231 0.376 0.03600900225056264 0.055
0 0.29369842460615153 0.4135 0.0345086271567892 0.056
0 0.3293323330832708 0.4305 0.035258814703675916 0.058
0 0.2623780945236309 0.42375 0.03188297074268567 0.0515
0 0.28113278319579893 0.45775 0.034133533383345835 0.0525
0 0.2471867966991748 0.47025 0.03600900225056264 0.0485
0 0.17629407351837958 0.522 0.03375843960990248 0.046
0 0.15753938484621155 0.5575 0.03075768942235559 0.047
0 0.1886721680420105 0.56425 0.037509377344336084 0.0455
0 0.19242310577644411 0.6075 0.03150787696924231 0.04
0 0.19448612153038258 0.6465 0.03488372093023256 0.038
0 0.16991747936984247 0.678 0.03225806451612903 0.043
0 0.1667291822955739 0.7235 0.03113278319579895 0.049
0 0.1933608402100525 0.72 0.03188297074268567 0.049
0 0.22393098274568643 0.72575 0.03225806451612903 0.0435
0 0.2501875468867217 0.72075 0.033008252063015754 0.0465
0 0.27250562640660164 0.754 0.038634658664666165 0.052
0 0.3064516129032258 0.76375 0.03225806451612903 0.0475
0 0.32633158289572395 0.733 0.03150787696924231 0.049
0 0.2903225806451613 0.71825 0.03675918979744936 0.0455
0 0.2704426106526632 0.68025 0.03900975243810953 0.0455
0 0.24118529632408103 0.66175 0.03225806451612903 0.0465
0 0.21699174793698425 0.674 0.032633158289572396 0.044
0 0.21699174793698425 0.62675 0.032633158289572396 0.0435
0 0.2558139534883721 0.606 0.03375843960990248 0.049
0 0.27719429857464367 0.63675 0.0345086271567892 0.0515
0 0.31564141035258814 0.664 0.03488372093023256 0.045
0 0.33983495873968494 0.69375 0.0345086271567892 0.0475
0 0.33833458364591146 0.6515 0.03375843960990248 0.048
0 0.3090772693173293 0.62375 0.035258814703675916 0.0485
0 0.33158289572393096 0.58725 0.035258814703675916 0.0515
0 0.22280570142535633 0.58025 0.03600900225056264 0.0455
0 0.2173668417104276 0.5325 0.03338334583645911 0.05
0 0.24062265566391597 0.55125 0.032633158289572396 0.0495
0 0.26969242310577646 0.5645 0.03600900225056264 0.048
0 0.26556639159789946 0.513 0.03825956489122281 0.048
0 0.29519879969992496 0.509 0.03825956489122281 0.049
0 0.31882970742685673 0.48625 0.04276069017254314 0.0515
0 0.31301575393848463 0.54725 0.037134283570892726 0.0485
0 0.33739684921230306 0.539 0.037134283570892726 0.055
0 0.36721680420105024 0.5685 0.033008252063015754 0.053
0 0.39647411852963244 0.56925 0.04126031507876969 0.0495
0 0.36365341335333834 0.6185 0.03488372093023256 0.051
0 0.39309827456864216 0.63125 0.037509377344336084 0.0545
0 0.373218304576144 0.6735 0.04051012753188297 0.05
0 0.3709677419354839 0.716 0.037509377344336084 0.044
0 0.3630907726931733 0.74675 0.03075768942235559 0.0445
0 0.34152288072018006 0.779 0.03188297074268567 0.046
0 0.36927981995498876 0.79975 0.034133533383345835 0.0465
0 0.38728432108027006 0.7665 0.036384096024006 0.05
0 0.4045386346586647 0.729 0.038634658664666165 0.049
0 0.4021005251312828 0.82375 0.035258814703675916 0.0485
0 0.43698424606151537 0.831 0.03375843960990248 0.049
0 0.4253563390847712 0.785 0.03825956489122281 0.048
0 0.4382970742685671 0.75225 0.04088522130532633 0.0485
0 0.4609902475618905 0.7995 0.03600900225056264 0.049
0 0.4746811702925731 0.83925 0.036384096024006 0.0455
0 0.5056264066016504 0.8065 0.03975993998499625 0.046
0 0.5157539384846211 0.8335 0.037509377344336084 0.042
0 0.5453863465866466 0.8195 0.037509377344336084 0.046
0 0.5624531132783196 0.846 0.037134283570892726 0.044
0 0.5813953488372093 0.81675 0.03975993998499625 0.0485
0 0.6029632408102026 0.84125 0.036384096024006 0.0355
0 0.5241935483870968 0.77825 0.038634658664666165 0.0475
0 0.4782445611402851 0.747 0.0345086271567892 0.044
0 0.5016879219804952 0.72675 0.03938484621155289 0.0505
0 0.4187921980495124 0.6715 0.038634658664666165 0.05
0 0.4638034508627157 0.691 0.036384096024006 0.051
0 0.48255813953488375 0.68075 0.03788447111777944 0.0515
0 0.5247561890472618 0.68575 0.03900975243810953 0.0545
0 0.5480120030007501 0.722 0.04426106526631658 0.045
0 0.562828207051763 0.76675 0.03788447111777944 0.0515
0 0.5977119279819955 0.76175 0.04463615903975994 0.0545
0 0.4214178544636159 0.60075 0.04013503375843961 0.0505
0 0.4416729182295574 0.63575 0.03788447111777944 0.0525
0 0.43792198049512376 0.5445 0.041635408852213056 0.055
0 0.47261815453863465 0.58075 0.04276069017254314 0.0575
0 0.49624906226556637 0.619 0.04276069017254314 0.053
0 0.5185671417854464 0.5865 0.04538634658664666 0.05
0 0.5401350337584396 0.639 0.03975993998499625 0.058
0 0.5825206301575394 0.6215 0.04351087771942986 0.055
0 0.5804576144036009 0.69 0.04013503375843961 0.054
0 0.6177794448612153 0.65925 0.04051012753188297 0.0565
0 0.618529632408102 0.7085 0.04426106526631658 0.047
0 0.5050637659414854 0.534 0.04088522130532633 0.053
0 0.46830457614403603 0.504 0.036384096024006 0.051
0 0.4427981995498875 0.4815 0.038634658664666165 0.056
0 0.3803450862715679 0.434 0.035258814703675916 0.044
0 0.41354088522130533 0.43825 0.04013503375843961 0.0515
0 0.3893473368342086 0.39425 0.03900975243810953 0.0545
0 0.4382970742685671 0.3905 0.043135783945986494 0.055
0 0.38465866466616655 0.23425 0.04538634658664666 0.0585
0 0.4060390097524381 0.2895 0.047636909227306824 0.059
0 0.4262940735183796 0.33825 0.041635408852213056 0.0515
0 0.45930232558139533 0.35625 0.043135783945986494 0.0545
0 0.46211552888222057 0.296 0.04351087771942986 0.055
0 0.43792198049512376 0.24225 0.04688672168042011 0.0625
0 0.504688672168042 0.20825 0.04238559639909977 0.0615
0 0.5487621905476369 0.1865 0.03825956489122281 0.062
0 0.5161290322580645 0.27575 0.0450112528132033 0.0575
0 0.5581395348837209 0.2705 0.047261815453863466 0.057
0 0.5935858964741185 0.30425 0.04913728432108027 0.0545
0 0.5566391597899475 0.33025 0.0450112528132033 0.0555
0 0.5131282820705176 0.3395 0.04426106526631658 0.058
0 0.540510127531883 0.38175 0.04351087771942986 0.0615
0 0.5823330832708177 0.37775 0.04688672168042011 0.0615
0 0.6262190547636909 0.3455 0.04463615903975994 0.061
0 0.4872468117029257 0.391 0.03825956489122281 0.057
0 0.5127531882970743 0.4225 0.042010502625656414 0.058
0 0.47655663915978996 0.436 0.04013503375843961 0.051
0 0.5048762190547637 0.4705 0.04576144036009002 0.053
0 0.5279444861215303 0.5125 0.043135783945986494 0.057
0 0.5558889722430608 0.4355 0.04426106526631658 0.054
0 0.6001500375093773 0.423 0.04276069017254314 0.05
0 0.5714553638409603 0.49025 0.041635408852213056 0.0625
0 0.605026256564141 0.5145 0.0450112528132033 0.059
0 0.6269692423105776 0.463 0.04538634658664666 0.049
0 0.5868342085521381 0.563 0.04838709677419355 0.059
0 0.6316579144786196 0.56 0.04801200300075019 0.052
0 0.6294073518379595 0.605 0.042010502625656414 0.047
0 0.6174043510877719 0.81525 0.042010502625656414 0.0445
0 0.6395348837209303 0.8705 0.04576144036009002 0.042
0 0.6897974493623406 0.8885 0.03975993998499625 0.045
0 0.7233683420855214 0.8795 0.04388597149287322 0.048
0 0.7625656414103525 0.868 0.04351087771942986 0.049
0 0.6864216054013503 0.8475 0.04426106526631658 0.048
0 0.65847711927982 0.81075 0.041635408852213056 0.0435
0 0.6882970742685671 0.77925 0.04051012753188297 0.0505
0 0.7239309827456865 0.8115 0.04576144036009002 0.052
0 0.7644411102775694 0.7985 0.04276069017254314 0.052
0 0.7286196549137285 0.77025 0.047636909227306824 0.0545
0 0.7741935483870968 0.75275 0.046511627906976744 0.0525
0 0.6430982745686422 0.75775 0.03788447111777944 0.0535
0 0.6774193548387096 0.73075 0.04351087771942986 0.0485
0 0.7222430607651913 0.69375 0.04013503375843961 0.0445
0 0.7653788447111778 0.695 0.04238559639909977 0.05
0 0.7406226556639159 0.6595 0.043135783945986494 0.056
0 0.7008627156789198 0.6665 0.041635408852213056 0.058
0 0.6552888222055514 0.67975 0.042010502625656414 0.0495
0 0.6656039009752438 0.62975 0.041635408852213056 0.0535
0 0.6751687921980495 0.56425 0.04426106526631658 0.0565
0 0.7198049512378094 0.58625 0.04426106526631658 0.0645
0 0.7593773443360841 0.56625 0.04538634658664666 0.0585
0 0.7730682670667667 0.605 0.04426106526631658 0.055
0 0.7171792948237059 0.526 0.047261815453863466 0.063
0 0.6687921980495124 0.509 0.04576144036009002 0.054
0 0.7623780945236309 0.50525 0.04913728432108027 0.0615
0 0.7334958739684921 0.45975 0.050637659414853715 0.0645
0 0.6817329332333083 0.45325 0.050637659414853715 0.0645
0 0.6423480870217554 0.404 0.04838709677419355 0.07
0 0.686046511627907 0.38375 0.04426106526631658 0.0535
0 0.7346211552888222 0.4005 0.052138034508627154 0.056
0 0.7261815453863466 0.34825 0.0555138784696174 0.0605
0 0.6753563390847712 0.33025 0.050637659414853715 0.0625
0 0.6395348837209303 0.249 0.05101275318829707 0.067
