0 0.05926481620405101 0.71125 0.06601650412603151 0.0755
0 0.10596399099774943 0.751 0.06564141035258815 0.062
0 0.16447861965491373 0.73675 0.06864216054013503 0.0605
0 0.08645911477869467 0.65275 0.05588897224306077 0.0695
0 0.14328582145536384 0.66125 0.06376594148537135 0.0715
0 0.21099024756189047 0.67675 0.06639159789947487 0.0705
0 0.2760690172543136 0.6845 0.060765191297824456 0.068
0 0.35258814703675917 0.6825 0.06376594148537135 0.078
0 0.4129782445611403 0.69675 0.06151537884471118 0.0765
0 0.48874718679669915 0.72375 0.0555138784696174 0.0755
0 0.5481995498874719 0.7535 0.052138034508627154 0.07
0 0.6121530382595649 0.7925 0.05476369092273068 0.069
0 0.5963990997749438 0.696 0.051762940735183796 0.073
0 0.5483870967741935 0.665 0.0622655663915979 0.064
0 0.4872468117029257 0.655 0.05776444111027757 0.077
0 0.43023255813953487 0.629 0.05926481620405101 0.073
0 0.3696549137284321 0.605 0.055138784696174045 0.07
0 0.30120030007501875 0.626 0.06301575393848462 0.071
0 0.10427606901725431 0.5885 0.06601650412603151 0.059
0 0.1828582145536384 0.60025 0.0641410352588147 0.0685
0 0.22955738934733683 0.56425 0.072768192048012 0.0795
0 0.32126781695423856 0.551 0.07014253563390847 0.082
0 0.4118529632408102 0.5555 0.06376594148537135 0.077
0 0.48593398349587397 0.576 0.06264066016504126 0.081
0 0.5470742685671418 0.59575 0.06489122280570142 0.0805
0 0.5920855213803451 0.55775 0.05588897224306077 0.0805
0 0.6145911477869468 0.49575 0.05888972243060765 0.0925
0 0.6061515378844711 0.40125 0.06376594148537135 0.0925
0 0.5609527381845462 0.45275 0.06789197299324831 0.0835
0 0.503563390847712 0.4145 0.061140285071267814 0.081
0 0.5022505626406601 0.49375 0.0690172543135784 0.0865
0 0.4450487621905476 0.4955 0.06489122280570142 0.077
0 0.37378094523630906 0.50025 0.0671417854463616 0.0765
0 0.28394598649662417 0.48775 0.06676669167291822 0.0735
0 0.2061140285071268 0.4825 0.06864216054013503 0.079
0 0.14141035258814705 0.50925 0.072768192048012 0.0825
0 0.07126781695423856 0.52275 0.06826706676669167 0.0805
0 0.10221305326331583 0.40575 0.0641410352588147 0.0865
0 0.15941485371342837 0.3955 0.07426856714178545 0.09
0 0.1532258064516129 0.2735 0.06489122280570142 0.096
0 0.21680420105026257 0.3145 0.07726931732933233 0.098
0 0.23968492123030757 0.4085 0.07126781695423856 0.09
0 0.27663165791447863 0.24775 0.06639159789947487 0.0965
0 0.28788447111777943 0.33575 0.07389347336834208 0.1045
0 0.33308327081770445 0.4235 0.06676669167291822 0.09
0 0.37696924231057766 0.3545 0.06001500375093773 0.082
0 0.340960240060015 0.28125 0.06601650412603151 0.0945
0 0.3992873218304576 0.2355 0.07464366091522881 0.105
0 0.4596774193548387 0.1825 0.07464366091522881 0.111
0 0.45142535633908476 0.2925 0.06339084771192798 0.084
0 0.44129782445611404 0.39025 0.07164291072768192 0.0885
0 0.5103150787696924 0.25575 0.07539384846211553 0.0985
0 0.5496999249812453 0.3325 0.061890472618154536 0.097
0 0.6087771942985747 0.3 0.06376594148537135 0.091
0 0.6746061515378845 0.2575 0.07464366091522881 0.094
0 0.7488747186796699 0.23175 0.06789197299324831 0.0975
0 0.8505251312828207 0.25875 0.06789197299324831 0.0845
0 0.9022880720180045 0.23725 0.0641410352588147 0.0885
0 0.6967366841710427 0.32775 0.07014253563390847 0.0845
0 0.7987621905476369 0.332 0.07464366091522881 0.091
0 0.9019129782445612 0.3325 0.056639159789947484 0.084
0 0.6716054013503376 0.42175 0.0671417854463616 0.0915
0 0.7396849212303076 0.40825 0.06826706676669167 0.0865
0 0.8154538634658665 0.38925 0.056264066016504126 0.0795
0 0.8535258814703676 0.44775 0.056639159789947484 0.0765
0 0.9266691672918229 0.4315 0.06264066016504126 0.081
0 0.8947861965491373 0.51625 0.07314328582145536 0.0765
0 0.8042010502625656 0.50625 0.05776444111027757 0.0735
0 0.7648162040510128 0.46825 0.05776444111027757 0.0795
0 0.6710427606901725 0.523 0.06451612903225806 0.069
0 0.6607276819204801 0.5825 0.05888972243060765 0.076
0 0.7248687171792948 0.54375 0.05138784696174044 0.0805
0 0.8454613653413353 0.58825 0.06826706676669167 0.0745
0 0.72655663915979 0.61675 0.0622655663915979 0.0805
0 0.654351087771943 0.6775 0.059639909977494375 0.077
0 0.7040510127531883 0.6955 0.0622655663915979 0.068
