0 0.06020255063765941 0.554 0.06339084771192798 0.078
0 0.08739684921230308 0.3755 0.07201800450112528 0.078
0 0.11665416354088522 0.45725 0.06601650412603151 0.0795
0 0.1447861965491373 0.5645 0.06751687921980495 0.077
0 0.12865716429107277 0.62625 0.060765191297824456 0.0685
0 0.18229557389347337 0.62275 0.06151537884471118 0.0685
0 0.1704801200300075 0.6835 0.059639909977494375 0.063
0 0.2117404351087772 0.557 0.0641410352588147 0.07
0 0.22674418604651161 0.49075 0.05588897224306077 0.0845
0 0.28188297074268565 0.519 0.061140285071267814 0.076
0 0.26294073518379596 0.45425 0.06526631657914479 0.0735
0 0.18135783945986497 0.42275 0.06864216054013503 0.0785
0 0.15960240060015005 0.34775 0.06864216054013503 0.0855
0 0.22843210802700675 0.337 0.056264066016504126 0.093
0 0.22168042010502625 0.24175 0.07501875468867217 0.0805
0 0.29351087771942985 0.29175 0.07239309827456865 0.0845
0 0.33064516129032256 0.37675 0.06864216054013503 0.0755
0 0.3325206301575394 0.45375 0.06339084771192798 0.0785
0 0.3885971492873218 0.4455 0.06826706676669167 0.081
0 0.3966616654163541 0.3555 0.07239309827456865 0.089
0 0.26500375093773443 0.17275 0.07689422355588897 0.0965
0 0.33927231807951985 0.226 0.08439609902475619 0.088
0 0.40922730682670666 0.2645 0.07051762940735183 0.105
0 0.4139159789947487 0.1615 0.06864216054013503 0.104
0 0.4720555138784696 0.23325 0.0641410352588147 0.0905
0 0.4713053263315829 0.3195 0.055138784696174045 0.097
0 0.44467366841710426 0.41425 0.06864216054013503 0.0805
0 0.5013128282070518 0.43525 0.0641410352588147 0.0725
0 0.52231807951988 0.3725 0.0671417854463616 0.082
0 0.5712678169542386 0.39575 0.06676669167291822 0.0725
0 0.5446361590397599 0.26325 0.06601650412603151 0.1025
0 0.5883345836459115 0.3255 0.059639909977494375 0.087
0 0.5112528132033008 0.158 0.06976744186046512 0.089
0 0.5836459114778695 0.17475 0.06601650412603151 0.0895
0 0.6519129782445612 0.1555 0.07051762940735183 0.106
0 0.6410352588147037 0.24125 0.06151537884471118 0.0965
0 0.6671042760690172 0.32675 0.061890472618154536 0.0915
0 0.7199924981245311 0.2515 0.0641410352588147 0.1
0 0.7786946736684172 0.27175 0.060765191297824456 0.0975
0 0.7301200300075019 0.35525 0.055138784696174045 0.0955
0 0.8465866466616654 0.311 0.06976744186046512 0.089
0 0.6556639159789948 0.43825 0.06601650412603151 0.0805
0 0.6254688672168042 0.492 0.052138034508627154 0.07
0 0.5708927231807952 0.46775 0.05701425356339085 0.0775
0 0.44992498124531133 0.509 0.05588897224306077 0.082
0 0.3822205551387847 0.524 0.06151537884471118 0.071
0 0.41241560390097526 0.56675 0.0536384096024006 0.0795
0 0.33983495873968494 0.56225 0.06526631657914479 0.0785
0 0.26575393848462114 0.61075 0.059639909977494375 0.0785
0 0.3216429107276819 0.63175 0.061140285071267814 0.0775
0 0.3025131282820705 0.6865 0.06339084771192798 0.064
0 0.25881470367591897 0.71925 0.051762940735183796 0.0635
0 0.23705926481620404 0.764 0.060765191297824456 0.064
0 0.313390847711928 0.75 0.05588897224306077 0.063
0 0.3668417104276069 0.73125 0.05101275318829707 0.0615
0 0.41710427606901723 0.7185 0.051762940735183796 0.065
0 0.4257314328582146 0.75875 0.05401350337584396 0.0495
0 0.40378844711177797 0.6485 0.052138034508627154 0.065
0 0.4568642160540135 0.6275 0.0555138784696174 0.064
0 0.472993248312078 0.66975 0.05326331582895724 0.0705
0 0.5103150787696924 0.61375 0.04988747186796699 0.0745
0 0.5266316579144786 0.682 0.05701425356339085 0.066
0 0.5196924231057765 0.72275 0.05738934733683421 0.0545
0 0.5703300825206301 0.7155 0.052138034508627154 0.059
0 0.5785821455363841 0.75475 0.04688672168042011 0.0555
0 0.5836459114778695 0.80425 0.051762940735183796 0.0625
0 0.540510127531883 0.8215 0.04351087771942986 0.054
0 0.5011252813203301 0.794 0.051762940735183796 0.071
0 0.4643660915228807 0.807 0.04876219054763691 0.054
0 0.4283570892723181 0.84325 0.05401350337584396 0.0615
0 0.37490622655663913 0.81325 0.050637659414853715 0.0735
0 0.6327831957989497 0.80125 0.05401350337584396 0.0595
0 0.6507876969242311 0.7415 0.05401350337584396 0.055
0 0.6766691672918229 0.76975 0.051762940735183796 0.0615
0 0.617966991747937 0.67525 0.05888972243060765 0.0555
0 0.5729557389347337 0.61725 0.04913728432108027 0.0675
0 0.5337584396099024 0.53475 0.05326331582895724 0.0785
0 0.6020255063765941 0.56125 0.04876219054763691 0.0665
0 0.641410352588147 0.617 0.04801200300075019 0.07
0 0.668417104276069 0.554 0.0555138784696174 0.059
0 0.6933608402100525 0.484 0.05588897224306077 0.071
0 0.7303075768942235 0.53375 0.04876219054763691 0.0735
0 0.7629407351837959 0.57025 0.05776444111027757 0.0745
0 0.7558139534883721 0.45325 0.06301575393848462 0.0845
0 0.7837584396099024 0.48275 0.059639909977494375 0.0685
0 0.8062640660165041 0.40575 0.059639909977494375 0.0785
0 0.8974118529632408 0.3935 0.06789197299324831 0.083
0 0.9394223555888972 0.428 0.05813953488372093 0.082
0 0.8809077269317329 0.49 0.05888972243060765 0.076
0 0.8775318829707427 0.537 0.04988747186796699 0.061
0 0.8293323330832708 0.531 0.051762940735183796 0.071
0 0.8190172543135784 0.6075 0.059639909977494375 0.058
0 0.8692798199549887 0.60725 0.047636909227306824 0.0735
0 0.9276069017254314 0.6535 0.05401350337584396 0.068
0 0.9253563390847712 0.583 0.051762940735183796 0.076
0 0.9405476369092273 0.508 0.05888972243060765 0.076
0 0.8267066766691673 0.66975 0.051762940735183796 0.0615
0 0.7128657164291072 0.61675 0.055138784696174045 0.0565
0 0.7469992498124531 0.64575 0.05888972243060765 0.0635
0 0.7477494373593399 0.709 0.04688672168042011 0.06
0 0.6817329332333083 0.701 0.04688672168042011 0.081
0 0.6982370592648162 0.71675 0.047636909227306824 0.0525
0 0.7267441860465116 0.74325 0.043135783945986494 0.0445
0 0.7818829707426856 0.76325 0.050637659414853715 0.0435
0 0.8015753938484621 0.7235 0.051762940735183796 0.058
0 0.854463615903976 0.75225 0.05251312828207052 0.0555
