0 0.19786196549137283 0.40425 0.03338334583645911 0.0355
0 0.19186046511627908 0.42775 0.028132033008252063 0.0355
0 0.19298574643660915 0.46275 0.032633158289572396 0.0385
0 0.2385596399099775 0.39475 0.030007501875468866 0.0415
0 0.24887471867966993 0.44325 0.02738184546136534 0.0405
0 0.2636909227306827 0.4265 0.028507126781695424 0.038
0 0.2231807951987997 0.48425 0.029257314328582147 0.0395
0 0.21699174793698425 0.519 0.02663165791447862 0.038
0 0.24099774943735933 0.55 0.02663165791447862 0.041
0 0.25637659414853714 0.5255 0.028882220555138786 0.039
0 0.2575018754688672 0.5595 0.03188297074268567 0.036
0 0.2760690172543136 0.4845 0.018754688672168042 0.023
0 0.2762565641410353 0.45875 0.029632408102025505 0.0375
0 0.28413353338334585 0.4995 0.029632408102025505 0.043
0 0.29669917479369845 0.5175 0.02625656414103526 0.042
0 0.3027006751687922 0.553 0.028507126781695424 0.034
0 0.2940735183795949 0.594 0.03075768942235559 0.037
0 0.2762565641410353 0.60925 0.030382595648912228 0.0405
0 0.2835708927231808 0.642 0.03075768942235559 0.044
0 0.30120030007501875 0.67875 0.025506376594148537 0.0395
0 0.3158289572393098 0.70825 0.03150787696924231 0.0435
0 0.31957989497374345 0.66275 0.03075768942235559 0.0435
0 0.31976744186046513 0.624 0.028132033008252063 0.04
0 0.340960240060015 0.69475 0.03075768942235559 0.0405
0 0.3463990997749437 0.6475 0.028882220555138786 0.042
0 0.36046511627906974 0.724 0.028507126781695424 0.043
0 0.373218304576144 0.68025 0.0277569392348087 0.0455
0 0.39122280570142537 0.70925 0.03150787696924231 0.0425
0 0.3885971492873218 0.755 0.03150787696924231 0.037
0 0.32614403600900227 0.559 0.028132033008252063 0.041
0 0.35015003750937734 0.56025 0.025881470367591898 0.0415
0 0.3469617404351088 0.594 0.0277569392348087 0.04
0 0.36102775693923483 0.60575 0.03113278319579895 0.0415
0 0.3743435858964741 0.6375 0.030007501875468866 0.041
0 0.3267066766691673 0.524 0.03075768942235559 0.04
0 0.35521380345086273 0.5225 0.03225806451612903 0.041
0 0.3707801950487622 0.55625 0.03113278319579895 0.0395
0 0.30213803450862714 0.38375 0.025131282820705175 0.0365
0 0.2946361590397599 0.41525 0.030382595648912228 0.0325
0 0.29613653413353336 0.4495 0.028882220555138786 0.039
0 0.3312078019504876 0.38 0.03075768942235559 0.035
0 0.35090022505626406 0.3915 0.024381095273818456 0.039
0 0.3310202550637659 0.419 0.024381095273818456 0.036
0 0.33983495873968494 0.44975 0.030007501875468866 0.0405
0 0.32051762940735185 0.479 0.029632408102025505 0.034
0 0.3546511627906977 0.486 0.028882220555138786 0.038
0 0.38728432108027006 0.599 0.029632408102025505 0.045
0 0.40397599399849965 0.6345 0.03150787696924231 0.042
0 0.4099774943735934 0.67575 0.030007501875468866 0.0425
0 0.4187921980495124 0.72075 0.03188297074268567 0.0395
0 0.422543135783946 0.7605 0.03113278319579895 0.044
0 0.459489872468117 0.7305 0.03075768942235559 0.042
0 0.44898724681170293 0.688 0.030007501875468866 0.048
0 0.4373593398349587 0.6415 0.028507126781695424 0.046
0 0.422543135783946 0.592 0.03338334583645911 0.043
0 0.4086646661665416 0.55075 0.030382595648912228 0.0355
0 0.3962865716429107 0.52175 0.03488372093023256 0.0405
0 0.38653413353338334 0.48825 0.03563390847711928 0.0435
0 0.3794073518379595 0.44575 0.03188297074268567 0.0365
0 0.37978244561140284 0.37875 0.030382595648912228 0.0415
0 0.36196549137284323 0.3375 0.029257314328582147 0.039
0 0.39047261815453865 0.348 0.029257314328582147 0.034
0 0.4247936984246061 0.33575 0.030382595648912228 0.0365
0 0.4146661665416354 0.3725 0.030382595648912228 0.039
0 0.4088522130532633 0.415 0.03075768942235559 0.038
0 0.4086646661665416 0.44375 0.030382595648912228 0.0455
0 0.42366841710427605 0.48925 0.032633158289572396 0.0425
0 0.4349212303075769 0.5325 0.032633158289572396 0.039
0 0.43960990247561893 0.56575 0.03225806451612903 0.0415
0 0.4570517629407352 0.61 0.03113278319579895 0.043
0 0.4840585146286572 0.655 0.03488372093023256 0.048
0 0.4769317329332333 0.7065 0.03188297074268567 0.047
0 0.48874718679669915 0.73925 0.030007501875468866 0.0425
0 0.5215678919729932 0.747 0.030382595648912228 0.045
0 0.5116279069767442 0.71275 0.03150787696924231 0.0425
0 0.5120030007501876 0.66 0.029257314328582147 0.049
0 0.48799699924981244 0.61725 0.03375843960990248 0.0465
0 0.4731807951987997 0.5795 0.032633158289572396 0.045
0 0.4611777944486122 0.5335 0.03113278319579895 0.044
0 0.45311327831957987 0.4925 0.03075768942235559 0.041
0 0.436609152288072 0.4505 0.03150787696924231 0.044
0 0.4377344336084021 0.40975 0.029257314328582147 0.0455
0 0.4465491372843211 0.3775 0.03113278319579895 0.043
0 0.46605401350337583 0.40475 0.03113278319579895 0.0395
0 0.47336834208552137 0.35 0.024006001500375095 0.037
0 0.48874718679669915 0.35975 0.0277569392348087 0.0335
0 0.49006001500375096 0.38925 0.032633158289572396 0.0395
0 0.47074268567141786 0.44375 0.030007501875468866 0.0395
0 0.49699924981245314 0.45975 0.030007501875468866 0.0445
0 0.4799324831207802 0.494 0.03188297074268567 0.043
0 0.4960615153788447 0.553 0.030382595648912228 0.045
0 0.508814703675919 0.58825 0.03488372093023256 0.0395
0 0.5166916729182296 0.5285 0.03188297074268567 0.042
0 0.5221305326331583 0.48975 0.0277569392348087 0.0415
0 0.5397599399849963 0.55625 0.03225806451612903 0.0395
0 0.5399474868717179 0.59525 0.03488372093023256 0.0425
0 0.5271942985746436 0.62525 0.036384096024006 0.0405
0 0.5588897224306076 0.623 0.0277569392348087 0.05
0 0.5450112528132033 0.65775 0.03150787696924231 0.0455
0 0.5393848462115529 0.69975 0.03375843960990248 0.0405
0 0.5478244561140285 0.734 0.032633158289572396 0.041
0 0.5174418604651163 0.3395 0.030382595648912228 0.03
0 0.5144411102775694 0.362 0.034133533383345835 0.039
0 0.5241935483870968 0.39425 0.032633158289572396 0.0425
0 0.5406976744186046 0.32575 0.028882220555138786 0.0405
0 0.5510127531882971 0.37875 0.033008252063015754 0.0405
0 0.5470742685671418 0.417 0.032633158289572396 0.043
0 0.5757689422355589 0.405 0.0345086271567892 0.043
0 0.5798949737434359 0.358 0.03375843960990248 0.039
0 0.5881470367591898 0.33025 0.03375843960990248 0.0455
0 0.5446361590397599 0.4605 0.03075768942235559 0.044
0 0.5757689422355589 0.44925 0.030007501875468866 0.0445
0 0.5579519879969993 0.49625 0.03338334583645911 0.0385
0 0.6136534133533383 0.36975 0.030007501875468866 0.0455
0 0.6250937734433608 0.35 0.028132033008252063 0.039
0 0.6074643660915229 0.426 0.025881470367591898 0.046
0 0.599774943735934 0.4665 0.03225806451612903 0.043
0 0.6039009752438109 0.507 0.037509377344336084 0.046
0 0.5682670667666917 0.541 0.03225806451612903 0.044
0 0.5716429107276819 0.582 0.0277569392348087 0.044
0 0.5999624906226556 0.54825 0.029632408102025505 0.0445
0 0.6040885221305327 0.58575 0.034133533383345835 0.0405
0 0.5992123030757689 0.62575 0.03338334583645911 0.0435
0 0.5875843960990248 0.664 0.030382595648912228 0.044
0 0.5710802700675168 0.6995 0.03338334583645911 0.044
0 0.5787696924231058 0.7375 0.03150787696924231 0.041
0 0.6067141785446362 0.70425 0.03113278319579895 0.0445
0 0.622655663915979 0.736 0.03225806451612903 0.047
0 0.6339084771192798 0.69475 0.029257314328582147 0.0415
0 0.6526631657914479 0.727 0.03225806451612903 0.044
0 0.622655663915979 0.66125 0.0345086271567892 0.0365
0 0.6249062265566392 0.618 0.03225806451612903 0.042
0 0.6307201800450113 0.57675 0.02738184546136534 0.0455
0 0.6532258064516129 0.64325 0.032633158289572396 0.0535
0 0.6641035258814704 0.68075 0.034133533383345835 0.0415
0 0.6826706676669168 0.71425 0.035258814703675916 0.0475
0 0.6909227306826706 0.6745 0.029257314328582147 0.048
0 0.7132408102025506 0.7145 0.036384096024006 0.046
0 0.7438109527381845 0.73025 0.03375843960990248 0.0425
0 0.6596024006001501 0.60275 0.03338334583645911 0.0455
0 0.6881095273818455 0.6285 0.032633158289572396 0.047
0 0.718304576144036 0.6385 0.03150787696924231 0.046
0 0.735933983495874 0.683 0.037509377344336084 0.044
0 0.6862340585146287 0.58675 0.03563390847711928 0.0445
0 0.6374718679669917 0.52775 0.03338334583645911 0.0365
0 0.6295948987246812 0.49275 0.03563390847711928 0.0425
0 0.6271567891972993 0.45625 0.03150787696924231 0.0435
0 0.6318454613653414 0.42175 0.030382595648912228 0.0405
0 0.6470367591897974 0.39025 0.030007501875468866 0.0395
0 0.6727306826706677 0.34225 0.03488372093023256 0.0425
0 0.6792948237059265 0.391 0.0345086271567892 0.043
0 0.6607276819204801 0.43725 0.03188297074268567 0.0415
0 0.6882970742685671 0.4325 0.033008252063015754 0.04
0 0.7014253563390848 0.368 0.03075768942235559 0.041
0 0.7096774193548387 0.3945 0.03150787696924231 0.046
0 0.7370592648162041 0.36875 0.033008252063015754 0.0425
0 0.7192423105776444 0.43825 0.032633158289572396 0.0405
0 0.7537509377344336 0.43475 0.03488372093023256 0.0425
0 0.786946736684171 0.4265 0.03225806451612903 0.046
0 0.8298949737434359 0.41575 0.034133533383345835 0.0425
0 0.6839834958739685 0.47325 0.030382595648912228 0.0435
0 0.6654163540885222 0.50775 0.0345086271567892 0.0405
0 0.6941110277569392 0.51125 0.030382595648912228 0.0415
0 0.6776069017254314 0.545 0.032633158289572396 0.041
0 0.7079894973743436 0.54525 0.030382595648912228 0.0445
0 0.7213053263315828 0.58 0.037509377344336084 0.044
0 0.77231807951988 0.46275 0.03225806451612903 0.0425
0 0.8017629407351838 0.4675 0.030382595648912228 0.041
0 0.8302700675168793 0.45325 0.03563390847711928 0.0385
0 0.8426481620405101 0.49525 0.034133533383345835 0.0455
0 0.7550637659414854 0.49225 0.03075768942235559 0.0465
0 0.7348087021755438 0.514 0.03600900225056264 0.045
0 0.7818829707426856 0.50825 0.029632408102025505 0.0455
0 0.7629407351837959 0.5405 0.03600900225056264 0.04
0 0.81807951987997 0.53725 0.03225806451612903 0.0435
0 0.7876969242310577 0.56225 0.03075768942235559 0.0425
0 0.754688672168042 0.573 0.03375843960990248 0.042
0 0.7498124531132783 0.6185 0.029257314328582147 0.043
0 0.777006751687922 0.59575 0.034133533383345835 0.0425
0 0.8282070517629407 0.589 0.03225806451612903 0.043
0 0.8043885971492873 0.6285 0.03338334583645911 0.041
0 0.7659414853713429 0.663 0.03375843960990248 0.044
