0 0.5211372989150767 0.06925 0.05013093901982791 0.0635
0 0.47399925177702956 0.0985 0.04713804713804714 0.058
0 0.4560419004863449 0.1535 0.04564160119715675 0.059
0 0.4227459783015339 0.1835 0.04788627010849233 0.073
0 0.3991769547325103 0.26 0.04339693228582117 0.065
0 0.3873924429479985 0.33925 0.04152637485970819 0.0625
0 0.4369622147399925 0.30475 0.04564160119715675 0.0715
0 0.4775533108866442 0.277 0.04302282080059858 0.062
0 0.5505050505050505 0.118 0.036288814066591846 0.067
0 0.5072951739618407 0.15625 0.04713804713804714 0.0595
0 0.4732510288065844 0.21175 0.04040404040404041 0.0685
0 0.44556677890011226 0.23625 0.04564160119715675 0.0655
0 0.5185185185185185 0.2395 0.04489337822671156 0.058
0 0.5544332210998878 0.22325 0.03666292555181444 0.0675
0 0.569023569023569 0.28175 0.035166479610924055 0.0655
0 0.5362888140665918 0.3015 0.036288814066591846 0.064
0 0.5170220725776281 0.33025 0.04339693228582117 0.0565
0 0.4612794612794613 0.35025 0.04489337822671156 0.0545
0 0.4268612046389824 0.37375 0.04264870931537598 0.0695
0 0.37355031799476246 0.40425 0.04601571268237935 0.0515
0 0.4562289562289562 0.4265 0.040778151889263 0.056
0 0.49532360643471757 0.39075 0.0411522633744856 0.0555
0 0.5400299289188178 0.37475 0.03853348297792742 0.0625
0 0.5738870183314628 0.355 0.03591470258136925 0.061
0 0.5699588477366255 0.428 0.03853348297792742 0.061
0 0.5347923681257014 0.4625 0.03778526000748223 0.061
0 0.4906472128694351 0.452 0.040778151889263 0.052
0 0.4066591844369622 0.439 0.04040404040404041 0.052
0 0.3656939768050879 0.48125 0.04152637485970819 0.0585
0 0.4072203516647961 0.51075 0.03928170594837262 0.0655
0 0.44743733632622523 0.483 0.04414515525626637 0.053
0 0.4891507669285447 0.515 0.040778151889263 0.057
0 0.5317994762439207 0.51875 0.03554059109614665 0.0525
0 0.5662177328843996 0.5405 0.034044145155256264 0.052
0 0.5362888140665918 0.5775 0.03853348297792742 0.047
0 0.5046763935652825 0.57 0.03890759446315002 0.059
0 0.4382716049382716 0.56975 0.04152637485970819 0.0535
0 0.3978675645342312 0.5705 0.04526748971193416 0.06
0 0.3496071829405163 0.58125 0.03853348297792742 0.0565
0 0.3436213991769547 0.65225 0.04900860456416012 0.0585
0 0.40198279087167976 0.66275 0.03778526000748223 0.0575
0 0.43490460157126826 0.62075 0.03778526000748223 0.0495
0 0.469884025439581 0.6095 0.02843247287691732 0.06
0 0.5108492330714552 0.62975 0.03853348297792742 0.0575
0 0.5581743359521137 0.6165 0.03965581743359521 0.058
0 0.5697717919940142 0.67825 0.038159371492704826 0.0525
0 0.5314253647586981 0.65775 0.036288814066591846 0.0565
0 0.4872802095024317 0.67375 0.03853348297792742 0.0445
0 0.44219977553310885 0.68725 0.035166479610924055 0.0655
0 0.4090909090909091 0.722 0.036288814066591846 0.055
0 0.3683127572016461 0.734 0.030303030303030304 0.052
0 0.45230078563411896 0.73 0.03591470258136925 0.051
0 0.494949494949495 0.72825 0.035166479610924055 0.0565
0 0.5336700336700336 0.7205 0.04377104377104377 0.056
0 0.5860456416011972 0.77025 0.037037037037037035 0.0555
0 0.5499438832772167 0.76975 0.03367003367003367 0.0515
0 0.5104751215862326 0.7725 0.036288814066591846 0.051
0 0.47624392068836513 0.79075 0.04489337822671156 0.0535
0 0.43583988028432474 0.818 0.03965581743359521 0.052
0 0.4057239057239057 0.78375 0.04451926674148896 0.0475
0 0.39356528245417133 0.84175 0.04264870931537598 0.0565
0 0.4943883277216611 0.8255 0.040029928918817806 0.047
0 0.5375982042648709 0.813 0.032173587729143284 0.049
0 0.575944631500187 0.819 0.036288814066591846 0.05
0 0.5839880284324729 0.87475 0.03292181069958848 0.0555
0 0.5364758698092031 0.85075 0.029180695847362513 0.0475
0 0.5117845117845118 0.8755 0.03741114852225964 0.057
0 0.4597830153385709 0.88 0.03591470258136925 0.063
0 0.418443696221474 0.90475 0.04526748971193416 0.0585
0 0.44687616909839134 0.94075 0.037037037037037035 0.0595
0 0.487467265245043 0.9255 0.041900486344930786 0.053
0 0.5175832398054621 0.91425 0.03254769921436588 0.0415
0 0.562102506546951 0.9225 0.027310138421249533 0.052
0 0.5353535353535354 0.95975 0.03591470258136925 0.0445
0 0.48671904227459784 0.972 0.03666292555181444 0.05
0 0.6156004489337823 0.88425 0.034044145155256264 0.0465
0 0.6206509539842873 0.81975 0.0306771417882529 0.0565
0 0.6430976430976431 0.84725 0.038159371492704826 0.0445
0 0.6711560044893379 0.8125 0.038159371492704826 0.047
0 0.5892255892255892 0.716 0.03666292555181444 0.049
0 0.6142910587355032 0.73825 0.03591470258136925 0.0565
0 0.6711560044893379 0.768 0.03367003367003367 0.056
0 0.702020202020202 0.769 0.036288814066591846 0.048
0 0.622895622895623 0.68825 0.03367003367003367 0.0595
0 0.6563786008230452 0.70875 0.03554059109614665 0.0605
0 0.6936026936026936 0.71325 0.032173587729143284 0.0565
0 0.5860456416011972 0.637 0.037037037037037035 0.053
0 0.6515151515151515 0.6485 0.03554059109614665 0.054
0 0.6851851851851852 0.66425 0.034044145155256264 0.0505
0 0.7291432846988403 0.69875 0.03666292555181444 0.0475
0 0.767302656191545 0.6775 0.03965581743359521 0.043
0 0.7931163486719043 0.64325 0.03292181069958848 0.0365
0 0.7134306023194912 0.652 0.03367003367003367 0.036
0 0.7345679012345679 0.631 0.03254769921436588 0.043
0 0.6307519640852974 0.61225 0.03292181069958848 0.0505
0 0.599700710811822 0.5885 0.03292181069958848 0.061
0 0.6777029554807332 0.6 0.04377104377104377 0.049
0 0.6947250280583613 0.613 0.03591470258136925 0.051
0 0.7865693976805088 0.61 0.033295922184811075 0.051
0 0.7759072203516648 0.565 0.03292181069958848 0.047
0 0.7381219603441825 0.55125 0.035166479610924055 0.0535
0 0.6979049756827534 0.56675 0.037037037037037035 0.0555
0 0.6331836887392442 0.55525 0.037037037037037035 0.0515
0 0.610362888140666 0.522 0.037037037037037035 0.046
0 0.6674148896371118 0.5245 0.031425364758698095 0.053
0 0.7052001496445941 0.50825 0.02843247287691732 0.0575
0 0.7441077441077442 0.496 0.038159371492704826 0.046
0 0.7787130564908342 0.51 0.036288814066591846 0.056
0 0.7976056864945754 0.4635 0.03591470258136925 0.057
0 0.7579498690609802 0.44975 0.031425364758698095 0.0525
0 0.735877291432847 0.4525 0.03591470258136925 0.055
0 0.6820052375607931 0.46675 0.038159371492704826 0.0505
0 0.6468387579498691 0.48925 0.03292181069958848 0.0565
0 0.6159745604190049 0.45625 0.040778151889263 0.0515
0 0.5993265993265994 0.4015 0.041900486344930786 0.059
0 0.6584362139917695 0.434 0.03367003367003367 0.056
0 0.6971567527123083 0.415 0.03554059109614665 0.059
0 0.7312008978675645 0.3995 0.03479236812570146 0.049
0 0.7934904601571269 0.409 0.0306771417882529 0.057
0 0.7635615413393191 0.368 0.035166479610924055 0.049
0 0.777964833520389 0.31725 0.027310138421249533 0.0595
0 0.7616909839132061 0.2705 0.034418256640478866 0.047
0 0.7549569771791994 0.327 0.029928918817807706 0.061
0 0.7111859334081556 0.355 0.03965581743359521 0.059
0 0.6745230078563412 0.3735 0.03965581743359521 0.051
0 0.6397306397306397 0.365 0.03890759446315002 0.061
0 0.6045641601197157 0.313 0.03666292555181444 0.059
0 0.6565656565656566 0.299 0.04264870931537598 0.059
0 0.6915450804339693 0.306 0.037037037037037035 0.061
0 0.7239057239057239 0.27 0.034418256640478866 0.064
0 0.6412270856715301 0.23825 0.04040404040404041 0.0545
0 0.6885521885521886 0.248 0.04377104377104377 0.062
0 0.6058735503179947 0.1985 0.037037037037037035 0.064
0 0.6597456041900487 0.1815 0.037037037037037035 0.058
0 0.6930415263748597 0.17425 0.034044145155256264 0.0645
0 0.7224092779648336 0.21025 0.035166479610924055 0.0605
0 0.7800224466891134 0.22475 0.031425364758698095 0.0565
0 0.7472876917321362 0.192 0.037037037037037035 0.06
0 0.7297044519266741 0.1535 0.034044145155256264 0.059
0 0.70894126449682 0.09975 0.04564160119715675 0.0635
0 0.6507669285447063 0.08175 0.03853348297792742 0.0615
0 0.6264496820052375 0.13325 0.040778151889263 0.0565
0 0.5847362514029181 0.1445 0.04339693228582117 0.069
0 0.5748222970445193 0.0615 0.04451926674148896 0.062
0 0.6193415637860082 0.0715 0.04451926674148896 0.061
0 0.8041526374859708 0.26875 0.037037037037037035 0.0565
0 0.8178077066965956 0.311 0.03890759446315002 0.056
0 0.8039655817433595 0.361 0.03890759446315002 0.054
0 0.8482977927422372 0.35075 0.034044145155256264 0.0515
0 0.8574635241301908 0.398 0.03890759446315002 0.054
0 0.8196782641227086 0.4065 0.034418256640478866 0.055
0 0.8221099887766554 0.4535 0.03479236812570146 0.051
0 0.8677515899738122 0.44575 0.033295922184811075 0.0515
0 0.8320239431350542 0.5065 0.035166479610924055 0.052
0 0.8718668163112607 0.5175 0.03254769921436588 0.053
0 0.8056490834268613 0.53 0.031051253273475497 0.054
0 0.8411896745230079 0.55225 0.03179947624392069 0.0405
0 0.8213617658062102 0.5835 0.03254769921436588 0.048
