0 0.1562265566391598 0.12725 0.06339084771192798 0.0955
0 0.22449362340585147 0.13925 0.07314328582145536 0.1075
0 0.22486871717929482 0.0755 0.06489122280570142 0.074
0 0.2805701425356339 0.039 0.06601650412603151 0.077
0 0.34733683420855216 0.1145 0.06451612903225806 0.096
0 0.4052888222055514 0.15325 0.07689422355588897 0.0965
0 0.42873218304576144 0.042 0.05701425356339085 0.082
0 0.4566766691672918 0.081 0.07314328582145536 0.104
0 0.5191297824456114 0.1145 0.060765191297824456 0.099
0 0.5219429857464366 0.21475 0.07314328582145536 0.1085
0 0.5922730682670667 0.1565 0.07501875468867217 0.101
0 0.6024006001500375 0.06325 0.07651912978244561 0.0955
0 0.6513503375843961 0.13025 0.0603900975243811 0.0915
0 0.6654163540885222 0.22975 0.06151537884471118 0.1005
0 0.14347336834208552 0.2405 0.06339084771192798 0.083
0 0.19861215303825958 0.23275 0.061890472618154536 0.0985
0 0.17385596399099776 0.32175 0.07164291072768192 0.0865
0 0.14216054013503376 0.3775 0.05701425356339085 0.089
0 0.19786196549137283 0.408 0.06339084771192798 0.093
0 0.25806451612903225 0.3605 0.06601650412603151 0.094
0 0.3122655663915979 0.425 0.06789197299324831 0.088
0 0.3265191297824456 0.49875 0.0603900975243811 0.0855
0 0.17423105776444112 0.4635 0.05813953488372093 0.083
0 0.22243060765191297 0.52375 0.056264066016504126 0.0825
0 0.19392348087021755 0.537 0.04951237809452363 0.078
0 0.24849962490622657 0.57875 0.059639909977494375 0.0685
0 0.29857464366091524 0.55525 0.058514628657164294 0.0715
0 0.2950112528132033 0.6645 0.061890472618154536 0.074
0 0.23912228057014254 0.64325 0.059639909977494375 0.0755
0 0.18360840210052512 0.599 0.047636909227306824 0.071
0 0.13240810202550637 0.54475 0.05776444111027757 0.0745
0 0.10502625656414104 0.572 0.056264066016504126 0.077
0 0.051762940735183796 0.5125 0.05776444111027757 0.087
0 0.04126031507876969 0.628 0.05926481620405101 0.071
0 0.07539384846211553 0.6735 0.060765191297824456 0.076
0 0.14628657164291073 0.67575 0.0622655663915979 0.0715
0 0.08327081770442611 0.72075 0.06376594148537135 0.0605
0 0.12209302325581395 0.75925 0.046136534133533386 0.0565
0 0.145536384096024 0.74975 0.05926481620405101 0.0595
0 0.14516129032258066 0.82575 0.04801200300075019 0.0695
0 0.22468117029257315 0.7785 0.06151537884471118 0.062
0 0.3015753938484621 0.74075 0.05401350337584396 0.0575
0 0.3512753188297074 0.706 0.04913728432108027 0.061
0 0.35952738184546135 0.66625 0.05138784696174044 0.0615
0 0.40416354088522133 0.66625 0.05138784696174044 0.0665
0 0.36552888222055513 0.61425 0.056639159789947484 0.0625
0 0.3822205551387847 0.5705 0.06001500375093773 0.067
0 0.390847711927982 0.515 0.05701425356339085 0.08
0 0.3754688672168042 0.79525 0.051762940735183796 0.0735
0 0.3917854463615904 0.27025 0.0708927231807952 0.0865
0 0.349774943735934 0.3615 0.06639159789947487 0.085
0 0.43023255813953487 0.3515 0.07126781695423856 0.1
0 0.4829332333083271 0.40275 0.06864216054013503 0.0935
0 0.4375468867216804 0.472 0.061140285071267814 0.098
0 0.4857464366091523 0.538 0.06151537884471118 0.094
0 0.4375468867216804 0.594 0.06639159789947487 0.08
0 0.43810952738184544 0.64575 0.05926481620405101 0.0705
0 0.49118529632408103 0.63925 0.06564141035258815 0.0745
0 0.4964366091522881 0.7135 0.056639159789947484 0.079
0 0.49549887471867965 0.7555 0.05701425356339085 0.062
0 0.4465491372843211 0.73125 0.052138034508627154 0.0605
0 0.45573893473368343 0.267 0.058514628657164294 0.1
0 0.5232558139534884 0.32 0.07126781695423856 0.078
0 0.5823330832708177 0.264 0.07689422355588897 0.105
0 0.6153413353338335 0.35525 0.07689422355588897 0.0905
0 0.5470742685671418 0.4005 0.0671417854463616 0.082
0 0.5215678919729932 0.48675 0.05813953488372093 0.0785
0 0.5842085521380345 0.54725 0.061890472618154536 0.0775
0 0.6385971492873218 0.4905 0.07014253563390847 0.086
0 0.682483120780195 0.525 0.0641410352588147 0.068
0 0.7381845461365342 0.5405 0.04951237809452363 0.06
0 0.682483120780195 0.4255 0.061140285071267814 0.074
0 0.5564516129032258 0.7175 0.06564141035258815 0.073
0 0.5594523630907727 0.75775 0.05888972243060765 0.0485
0 0.6149662415603901 0.7365 0.06264066016504126 0.064
0 0.6727306826706677 0.7695 0.05738934733683421 0.068
0 0.6055888972243061 0.67025 0.0603900975243811 0.0775
0 0.6594148537134283 0.63575 0.06976744186046512 0.0725
0 0.6734808702175544 0.689 0.05588897224306077 0.058
0 0.7248687171792948 0.6565 0.06639159789947487 0.074
0 0.7818829707426856 0.68575 0.06564141035258815 0.0805
0 0.7451237809452363 0.7515 0.0708927231807952 0.075
0 0.7348087021755438 0.4685 0.06301575393848462 0.078
0 0.7996999249812453 0.501 0.06376594148537135 0.066
0 0.7018004501125281 0.35925 0.07651912978244561 0.0855
0 0.746436609152288 0.387 0.056264066016504126 0.094
0 0.7875093773443361 0.42675 0.06339084771192798 0.0845
0 0.7160540135033758 0.28075 0.07876969242310577 0.0855
0 0.736496624156039 0.142 0.08364591147786947 0.11
0 0.7878844711177795 0.16825 0.06339084771192798 0.0985
0 0.7987621905476369 0.27525 0.06639159789947487 0.0975
0 0.8407726931732933 0.35425 0.08664666166541636 0.1065
0 0.8917854463615904 0.36375 0.056639159789947484 0.0965
0 0.9249812453113279 0.42725 0.06301575393848462 0.0845
0 0.8552138034508627 0.439 0.072768192048012 0.08
0 0.8790322580645161 0.5285 0.06939234808702176 0.081
0 0.8411477869467366 0.60875 0.07464366091522881 0.0925
0 0.9639909977494373 0.2785 0.07126781695423856 0.1
0 0.9679294823705926 0.35625 0.06339084771192798 0.0885
0 0.8672168042010503 0.249 0.07876969242310577 0.095
0 0.8962865716429107 0.09175 0.07839459864966242 0.1195
0 0.9392348087021756 0.1475 0.06526631657914479 0.102
0 0.795198799699925 0.0615 0.08402100525131283 0.105
0 0.7233683420855214 0.04875 0.09789947486871718 0.0945
