0 0.7886346586646662 0.55775 0.05588897224306077 0.0845
0 0.785821455363841 0.63225 0.05101275318829707 0.0855
0 0.7623780945236309 0.70375 0.05438859714928732 0.0865
0 0.7381845461365342 0.7805 0.058514628657164294 0.095
0 0.690735183795949 0.87 0.059639909977494375 0.087
0 0.6496624156039009 0.8255 0.0555138784696174 0.099
0 0.6847336834208552 0.7525 0.06264066016504126 0.08
0 0.7228057014253564 0.66125 0.05326331582895724 0.0885
0 0.7355588897224306 0.572 0.05701425356339085 0.088
0 0.746436609152288 0.498 0.037509377344336084 0.063
0 0.7368717179294824 0.3355 0.04388597149287322 0.091
0 0.7398724681170292 0.42825 0.05288822205551388 0.0945
0 0.7153038259564891 0.513 0.05326331582895724 0.09
0 0.6946736684171043 0.60675 0.05401350337584396 0.0835
0 0.6734808702175544 0.67425 0.05888972243060765 0.0885
0 0.6911102775693924 0.25925 0.05813953488372093 0.0915
0 0.6903600900225056 0.41025 0.04988747186796699 0.0975
0 0.6618529632408102 0.4965 0.05588897224306077 0.099
0 0.6174043510877719 0.573 0.056264066016504126 0.076
0 0.6025881470367592 0.642 0.04238559639909977 0.091
0 0.559264816204051 0.6965 0.06451612903225806 0.087
0 0.5633908477119279 0.78525 0.07576894223555888 0.0925
0 0.6007126781695424 0.5 0.06489122280570142 0.076
0 0.6256564141035259 0.412 0.05776444111027757 0.092
0 0.6659789947486872 0.34075 0.061890472618154536 0.0895
0 0.623218304576144 0.2035 0.0603900975243811 0.08
0 0.596211552888222 0.27575 0.05588897224306077 0.0815
0 0.5772693173293323 0.35225 0.05701425356339085 0.0975
0 0.5397599399849963 0.4335 0.06526631657914479 0.086
0 0.5225056264066017 0.51825 0.06376594148537135 0.0895
0 0.5352588147036759 0.60225 0.0690172543135784 0.0865
0 0.4761815453863466 0.68275 0.07539384846211553 0.0855
0 0.4189797449362341 0.6485 0.06751687921980495 0.104
0 0.4602400600150037 0.5935 0.06376594148537135 0.105
0 0.4606151537884471 0.486 0.06976744186046512 0.089
0 0.47449362340585144 0.3955 0.06601650412603151 0.09
0 0.5146286571642911 0.32525 0.06676669167291822 0.0945
0 0.5150037509377344 0.256 0.060765191297824456 0.081
0 0.5530757689422355 0.162 0.06789197299324831 0.083
0 0.47768192048012004 0.145 0.06339084771192798 0.079
0 0.4619279819954989 0.1975 0.0708927231807952 0.089
0 0.4518004501125281 0.31025 0.06339084771192798 0.0975
0 0.40585146286571644 0.454 0.07426856714178545 0.092
0 0.40172543135783945 0.55175 0.0690172543135784 0.0845
0 0.3447111777944486 0.61825 0.07501875468867217 0.1015
0 0.32033008252063017 0.506 0.07201800450112528 0.102
0 0.3304576144036009 0.42025 0.06976744186046512 0.1105
0 0.386721680420105 0.353 0.07126781695423856 0.102
0 0.38447111777944487 0.249 0.072768192048012 0.1
0 0.39572393098274566 0.16175 0.08027006751687922 0.0905
0 0.4088522130532633 0.10175 0.06301575393848462 0.0925
0 0.3463990997749437 0.1005 0.06864216054013503 0.079
0 0.322768192048012 0.184 0.06789197299324831 0.099
0 0.32558139534883723 0.3035 0.0795198799699925 0.105
0 0.2603150787696924 0.57125 0.06976744186046512 0.0995
0 0.24774943735933982 0.46725 0.07539384846211553 0.1025
0 0.25975243810952736 0.3515 0.0708927231807952 0.102
0 0.2567516879219805 0.2475 0.07989497374343586 0.105
0 0.2730682670667667 0.10875 0.0690172543135784 0.1005
0 0.2098649662415604 0.16225 0.07164291072768192 0.1025
0 0.17891972993248312 0.276 0.07801950487621906 0.092
0 0.18642160540135033 0.39775 0.08027006751687922 0.0995
