0 0.11740435108777195 0.8345 0.025506376594148537 0.04
0 0.15772693173293323 0.84075 0.032633158289572396 0.0395
0 0.1791072768192048 0.80175 0.04013503375843961 0.0395
0 0.1466616654163541 0.78775 0.030007501875468866 0.0355
0 0.16991747936984247 0.75925 0.03600900225056264 0.0425
0 0.14103525881470366 0.73225 0.0345086271567892 0.0415
0 0.17666916729182294 0.6985 0.03600900225056264 0.04
0 0.11159039759939984 0.6955 0.03788447111777944 0.042
0 0.1352213053263316 0.64725 0.034133533383345835 0.0385
0 0.1639159789947487 0.65625 0.0345086271567892 0.0365
0 0.18604651162790697 0.88425 0.030007501875468866 0.0415
0 0.21342835708927232 0.889 0.03225806451612903 0.036
0 0.2213053263315829 0.91575 0.030007501875468866 0.0435
0 0.24774943735933982 0.9325 0.030382595648912228 0.041
0 0.27925731432858214 0.91575 0.034133533383345835 0.0375
0 0.2623780945236309 0.90875 0.015378844711177795 0.0375
0 0.2479369842460615 0.87025 0.03600900225056264 0.0405
0 0.2777569392348087 0.8535 0.030382595648912228 0.043
0 0.2980120030007502 0.8345 0.03338334583645911 0.044
0 0.26875468867216806 0.7965 0.03488372093023256 0.048
0 0.22580645161290322 0.76725 0.03375843960990248 0.0455
0 0.21961740435108776 0.7225 0.028132033008252063 0.039
0 0.24081020255063765 0.72575 0.03675918979744936 0.0435
0 0.27231807951987996 0.75175 0.0345086271567892 0.0395
0 0.2987621905476369 0.779 0.03488372093023256 0.046
0 0.3355213803450863 0.7935 0.03188297074268567 0.046
0 0.33383345836459116 0.82975 0.0277569392348087 0.0395
0 0.33964741185296327 0.90875 0.03488372093023256 0.0465
0 0.36440360090022506 0.88325 0.037134283570892726 0.0495
0 0.3994748687171793 0.8935 0.024006001500375095 0.043
0 0.413728432108027 0.8925 0.03375843960990248 0.043
0 0.45236309077269315 0.8795 0.030007501875468866 0.062
0 0.47261815453863465 0.86 0.03600900225056264 0.038
0 0.49174793698424607 0.8705 0.03375843960990248 0.042
0 0.48612153038259565 0.83425 0.03675918979744936 0.0485
0 0.4559264816204051 0.8025 0.03788447111777944 0.041
0 0.4424231057764441 0.8205 0.03938484621155289 0.036
0 0.3887846961740435 0.831 0.03563390847711928 0.038
0 0.3642160540135034 0.82025 0.033008252063015754 0.0445
0 0.38803450862715677 0.797 0.03488372093023256 0.052
0 0.3951612903225806 0.75725 0.03338334583645911 0.0465
0 0.3629032258064516 0.7575 0.03488372093023256 0.043
0 0.3486496624156039 0.73625 0.03338334583645911 0.0475
0 0.4247936984246061 0.76075 0.02663165791447862 0.0395
0 0.43904726181545384 0.7295 0.028132033008252063 0.04
0 0.4165416354088522 0.71625 0.038634658664666165 0.0445
0 0.39141035258814705 0.69675 0.030382595648912228 0.0415
0 0.39234808702175544 0.66525 0.035258814703675916 0.0485
0 0.3659039759939985 0.67275 0.034133533383345835 0.0445
0 0.29632408102025504 0.7125 0.035258814703675916 0.044
0 0.33289572393098277 0.675 0.036384096024006 0.044
0 0.36534133533383345 0.63475 0.03675918979744936 0.0465
0 0.2740060015003751 0.669 0.04238559639909977 0.037
0 0.2124906226556639 0.68475 0.037134283570892726 0.0395
0 0.20648912228057015 0.644 0.034133533383345835 0.033
0 0.23912228057014254 0.646 0.03563390847711928 0.038
0 0.1942985746436609 0.60925 0.03825956489122281 0.0435
0 0.2348087021755439 0.5995 0.03600900225056264 0.037
0 0.21886721680420104 0.5585 0.036384096024006 0.041
0 0.19129782445611404 0.5605 0.029257314328582147 0.046
0 0.1494748687171793 0.595 0.041635408852213056 0.033
0 0.12246811702925732 0.5585 0.03113278319579895 0.042
0 0.21905476369092272 0.5125 0.03225806451612903 0.043
0 0.2623780945236309 0.55775 0.030382595648912228 0.0425
0 0.2558139534883721 0.517 0.03375843960990248 0.035
0 0.24943735933983496 0.479 0.03375843960990248 0.05
0 0.218304576144036 0.472 0.0345086271567892 0.04
0 0.231807951987997 0.43775 0.035258814703675916 0.0495
0 0.2413728432108027 0.39425 0.03938484621155289 0.0475
0 0.29351087771942985 0.362 0.03788447111777944 0.041
0 0.3150787696924231 0.3315 0.04126031507876969 0.054
0 0.3257689422355589 0.2895 0.04088522130532633 0.046
0 0.36365341335333834 0.2885 0.03113278319579895 0.05
0 0.390847711927982 0.26375 0.03150787696924231 0.0565
0 0.353900975243811 0.338 0.03188297074268567 0.056
0 0.3857839459864966 0.331 0.03938484621155289 0.056
0 0.2891972993248312 0.43 0.0345086271567892 0.05
0 0.322768192048012 0.41325 0.037134283570892726 0.0575
0 0.3629032258064516 0.39775 0.04088522130532633 0.0495
0 0.35783945986496624 0.4335 0.03600900225056264 0.039
0 0.3250187546886722 0.457 0.04463615903975994 0.038
0 0.28582145536384096 0.47975 0.033008252063015754 0.0485
0 0.2897599399849963 0.525 0.036384096024006 0.047
0 0.32295573893473367 0.49475 0.03675918979744936 0.0445
0 0.36552888222055513 0.48475 0.03338334583645911 0.0525
0 0.29276069017254314 0.57575 0.03338334583645911 0.0445
0 0.3276444111027757 0.5865 0.03788447111777944 0.044
0 0.3038259564891223 0.6235 0.03825956489122281 0.046
0 0.32558139534883723 0.54675 0.03150787696924231 0.0445
0 0.34339834958739685 0.5355 0.03563390847711928 0.049
0 0.3659039759939985 0.5765 0.03488372093023256 0.046
0 0.3810952738184546 0.60575 0.03600900225056264 0.0445
0 0.40941485371342834 0.57725 0.03188297074268567 0.0595
0 0.43810952738184544 0.587 0.035258814703675916 0.049
0 0.422543135783946 0.60725 0.03188297074268567 0.0395
0 0.3970367591897975 0.53025 0.034133533383345835 0.0385
0 0.39047261815453865 0.4585 0.03150787696924231 0.047
0 0.4127906976744186 0.49275 0.03188297074268567 0.0445
0 0.4315453863465866 0.524 0.037134283570892726 0.044
0 0.4510502625656414 0.49375 0.038634658664666165 0.0465
0 0.4283570892723181 0.45625 0.03150787696924231 0.0465
0 0.4006001500375094 0.4125 0.0345086271567892 0.051
0 0.42085521380345087 0.38275 0.0345086271567892 0.0515
0 0.4274193548387097 0.3335 0.038634658664666165 0.047
0 0.4300450112528132 0.2815 0.03563390847711928 0.058
0 0.4585521380345086 0.3045 0.04463615903975994 0.056
0 0.4452363090772693 0.234 0.03900975243810953 0.05
0 0.4156039009752438 0.2075 0.03600900225056264 0.053
0 0.42029257314328583 0.156 0.03188297074268567 0.054
0 0.45255063765941483 0.1735 0.04463615903975994 0.05
0 0.45461365341335336 0.11325 0.04276069017254314 0.0515
0 0.4923105776444111 0.14025 0.04013503375843961 0.0495
0 0.5165041260315079 0.17775 0.042010502625656414 0.0595
0 0.48687171792948236 0.2035 0.03975993998499625 0.054
0 0.4857464366091523 0.26725 0.04351087771942986 0.0575
0 0.5388222055513878 0.072 0.03788447111777944 0.053
0 0.5860840210052514 0.06575 0.03788447111777944 0.0545
0 0.5536384096024006 0.14175 0.0345086271567892 0.0515
0 0.5817704426106527 0.16825 0.035258814703675916 0.0555
0 0.5967741935483871 0.12675 0.042010502625656414 0.0585
0 0.5174418604651163 0.24525 0.030382595648912228 0.0535
0 0.5384471117779445 0.2405 0.04013503375843961 0.048
0 0.5573893473368342 0.27525 0.03975993998499625 0.0505
0 0.6029632408102026 0.22475 0.041635408852213056 0.0525
0 0.5153788447111778 0.303 0.03975993998499625 0.048
0 0.45555138784696175 0.37925 0.03113278319579895 0.0495
0 0.4821830457614404 0.34475 0.03938484621155289 0.0495
0 0.4934358589647412 0.39075 0.041635408852213056 0.0465
0 0.5191297824456114 0.35325 0.04051012753188297 0.0505
0 0.5513878469617405 0.32175 0.04051012753188297 0.0525
0 0.5918979744936234 0.309 0.03600900225056264 0.06
0 0.6264066016504126 0.301 0.033008252063015754 0.058
0 0.609714928732183 0.3555 0.03938484621155289 0.046
0 0.5491372843210802 0.3965 0.03975993998499625 0.052
0 0.5872093023255814 0.3965 0.03938484621155289 0.051
0 0.517066766691673 0.43175 0.038634658664666165 0.0565
0 0.45742685671417854 0.42275 0.04463615903975994 0.0425
0 0.4831207801950488 0.45875 0.03825956489122281 0.0455
0 0.47355588897224304 0.5265 0.038634658664666165 0.053
0 0.46999249812453114 0.57525 0.035258814703675916 0.0455
0 0.503563390847712 0.54525 0.037134283570892726 0.0435
0 0.508252063015754 0.593 0.0345086271567892 0.046
0 0.46811702925731435 0.6195 0.03375843960990248 0.039
0 0.45386346586646664 0.675 0.03150787696924231 0.052
0 0.4797449362340585 0.69925 0.03375843960990248 0.0455
0 0.4731807951987997 0.74425 0.03563390847711928 0.0415
0 0.49681170292573146 0.77575 0.029632408102025505 0.0445
0 0.5247561890472618 0.79925 0.03150787696924231 0.0405
0 0.5206301575393848 0.8385 0.03375843960990248 0.044
0 0.5285071267816954 0.88925 0.03375843960990248 0.0425
0 0.5637659414853713 0.85775 0.03225806451612903 0.0425
0 0.5553263315828957 0.8175 0.032633158289572396 0.044
0 0.5296324081020255 0.7755 0.04051012753188297 0.043
0 0.5255063765941486 0.711 0.03375843960990248 0.045
0 0.5311327831957989 0.681 0.03075768942235559 0.046
0 0.4908102025506377 0.664 0.03488372093023256 0.045
0 0.5183795948987246 0.63375 0.035258814703675916 0.0465
0 0.5420105026256564 0.59475 0.03375843960990248 0.0475
0 0.5641410352588146 0.6315 0.03150787696924231 0.046
0 0.5579519879969993 0.6915 0.032633158289572396 0.05
0 0.5641410352588146 0.733 0.03675918979744936 0.047
0 0.5478244561140285 0.551 0.03338334583645911 0.047
0 0.5225056264066017 0.47675 0.030007501875468866 0.0475
0 0.5498874718679669 0.5065 0.03150787696924231 0.049
0 0.5527006751687922 0.445 0.04088522130532633 0.046
0 0.5797074268567142 0.48825 0.032633158289572396 0.0545
0 0.5802700675168793 0.54275 0.0345086271567892 0.0465
0 0.5813953488372093 0.59275 0.037509377344336084 0.0465
0 0.6022130532633159 0.64625 0.038634658664666165 0.0505
0 0.5881470367591898 0.66975 0.03600900225056264 0.0455
0 0.5922730682670667 0.7145 0.03900975243810953 0.039
0 0.6054013503375844 0.76075 0.03600900225056264 0.0455
0 0.6020255063765941 0.8305 0.03375843960990248 0.045
0 0.5800825206301575 0.87125 0.025131282820705175 0.0425
0 0.61384096024006 0.89125 0.036384096024006 0.0515
0 0.6387846961740435 0.892 0.024756189047261814 0.046
0 0.6652288072018004 0.8835 0.032633158289572396 0.039
0 0.6663540885221305 0.8505 0.03488372093023256 0.048
0 0.6318454613653414 0.83225 0.03188297074268567 0.0405
0 0.6327831957989497 0.79825 0.033008252063015754 0.0445
0 0.6500375093773444 0.7755 0.037509377344336084 0.051
0 0.6329707426856714 0.70725 0.03488372093023256 0.0405
0 0.65847711927982 0.72775 0.03488372093023256 0.0485
0 0.6909227306826706 0.7795 0.03375843960990248 0.045
0 0.7008627156789198 0.82075 0.028132033008252063 0.0435
0 0.7207426856714179 0.78575 0.03488372093023256 0.0445
0 0.7321830457614403 0.8615 0.03375843960990248 0.04
0 0.6948612153038259 0.84725 0.034133533383345835 0.0375
0 0.768192048012003 0.85725 0.037509377344336084 0.0395
0 0.7704426106526632 0.7865 0.03600900225056264 0.042
0 0.7408102025506377 0.76 0.03375843960990248 0.038
0 0.7530007501875469 0.7315 0.038634658664666165 0.05
0 0.7811327831957989 0.7285 0.02663165791447862 0.049
0 0.8085146286571643 0.71225 0.03188297074268567 0.0455
0 0.7053638409602401 0.74375 0.03563390847711928 0.0455
0 0.6867966991747937 0.70775 0.03675918979744936 0.0405
0 0.6639159789947486 0.6845 0.03675918979744936 0.047
0 0.627906976744186 0.668 0.033008252063015754 0.046
0 0.6174043510877719 0.59475 0.0345086271567892 0.0515
0 0.6099024756189048 0.538 0.03225806451612903 0.054
0 0.6369092273068268 0.5705 0.03675918979744936 0.05
0 0.6562265566391597 0.60125 0.04013503375843961 0.0425
0 0.6806076519129782 0.63775 0.04238559639909977 0.0435
0 0.7123030757689423 0.6625 0.035258814703675916 0.049
0 0.7460615153788447 0.65575 0.0345086271567892 0.0485
0 0.7196174043510878 0.616 0.038634658664666165 0.049
0 0.790510127531883 0.63575 0.037134283570892726 0.0465
0 0.8287696924231058 0.668 0.030382595648912228 0.051
0 0.8272693173293323 0.62725 0.037134283570892726 0.0445
0 0.8418979744936234 0.589 0.03938484621155289 0.046
0 0.6436609152288072 0.528 0.042010502625656414 0.05
0 0.622655663915979 0.48825 0.04351087771942986 0.0465
0 0.6065266316579144 0.43875 0.03600900225056264 0.0445
0 0.6442235558889723 0.4435 0.041635408852213056 0.054
0 0.6309077269317329 0.39675 0.03075768942235559 0.0465
0 0.6427231807951987 0.354 0.03188297074268567 0.051
0 0.6849212303075769 0.3905 0.04051012753188297 0.059
0 0.6854838709677419 0.4355 0.041635408852213056 0.054
0 0.6849212303075769 0.4855 0.04126031507876969 0.044
0 0.7188672168042011 0.47075 0.03563390847711928 0.0515
0 0.6856714178544636 0.5465 0.035258814703675916 0.064
0 0.7374343585896475 0.57025 0.04426106526631658 0.0505
0 0.7593773443360841 0.5755 0.028882220555138786 0.05
0 0.7438109527381845 0.5215 0.03900975243810953 0.049
0 0.7719429857464366 0.5015 0.04126031507876969 0.047
0 0.7918229557389347 0.5535 0.03900975243810953 0.048
0 0.7963240810202551 0.5805 0.03675918979744936 0.038
0 0.8130157539384846 0.5065 0.038634658664666165 0.055
0 0.7267441860465116 0.3935 0.043135783945986494 0.051
0 0.7402475618904726 0.4295 0.038634658664666165 0.06
0 0.7790697674418605 0.45725 0.042010502625656414 0.0545
0 0.8077644411102776 0.426 0.041635408852213056 0.053
0 0.8441485371342836 0.42925 0.036384096024006 0.0495
0 0.7710052513128282 0.38275 0.038634658664666165 0.0415
0 0.6744186046511628 0.32725 0.042010502625656414 0.0485
0 0.6614778694673669 0.28875 0.037134283570892726 0.0555
0 0.7198049512378094 0.32825 0.04276069017254314 0.0555
0 0.7678169542385597 0.3475 0.04426106526631658 0.053
0 0.6989872468117029 0.253 0.03188297074268567 0.052
0 0.7811327831957989 0.30175 0.03563390847711928 0.0505
0 0.7423105776444111 0.2865 0.0450112528132033 0.052
0 0.8199549887471868 0.31875 0.037509377344336084 0.0615
0 0.8133908477119279 0.3645 0.047636909227306824 0.056
0 0.8612153038259565 0.3885 0.04801200300075019 0.042
0 0.8546511627906976 0.34375 0.03188297074268567 0.0555
0 0.6429107276819205 0.18725 0.03675918979744936 0.0565
0 0.6438484621155289 0.129 0.036384096024006 0.058
0 0.6804201050262566 0.20725 0.03900975243810953 0.0505
0 0.7198049512378094 0.167 0.04276069017254314 0.056
0 0.7306826706676669 0.218 0.037509377344336084 0.048
0 0.755251312828207 0.24225 0.03938484621155289 0.0495
0 0.7558139534883721 0.19225 0.03675918979744936 0.0545
0 0.7768192048012003 0.156 0.0450112528132033 0.054
0 0.808702175543886 0.1895 0.03600900225056264 0.055
0 0.813953488372093 0.23675 0.0450112528132033 0.0485
0 0.8674043510877719 0.28325 0.04838709677419355 0.0505
0 0.8839084771192798 0.31875 0.043135783945986494 0.0415
0 0.9069767441860465 0.366 0.04126031507876969 0.055
0 0.8989122280570142 0.41075 0.041635408852213056 0.0455
0 0.9255438859714928 0.43675 0.037134283570892726 0.0495
0 0.8912228057014253 0.47775 0.03825956489122281 0.0635
0 0.900225056264066 0.554 0.0450112528132033 0.057
0 0.9465491372843211 0.6205 0.043135783945986494 0.058
0 0.8876594148537135 0.6195 0.047636909227306824 0.054
