0 0.15397599399849962 0.84725 0.055138784696174045 0.0685
0 0.18192048012003 0.917 0.05926481620405101 0.069
0 0.23499624906226557 0.872 0.0536384096024006 0.063
0 0.23049512378094525 0.7515 0.05738934733683421 0.062
0 0.2730682670667667 0.754 0.04126031507876969 0.042
0 0.2798199549887472 0.794 0.04576144036009002 0.061
0 0.3278319579894974 0.81975 0.0450112528132033 0.0555
0 0.326894223555889 0.776 0.0536384096024006 0.044
0 0.32051762940735185 0.743 0.05588897224306077 0.069
0 0.26462865716429107 0.70925 0.05888972243060765 0.0685
0 0.23874718679669918 0.64975 0.06564141035258815 0.0605
0 0.2289947486871718 0.59675 0.0641410352588147 0.0715
0 0.3025131282820705 0.66 0.05738934733683421 0.076
0 0.0918979744936234 0.53125 0.0622655663915979 0.0735
0 0.10652663165791448 0.4545 0.06976744186046512 0.08
0 0.13484621155288823 0.3725 0.06564141035258815 0.07
0 0.10277569392348088 0.30375 0.0622655663915979 0.0775
0 0.22074268567141786 0.17025 0.059639909977494375 0.0885
0 0.21099024756189047 0.28075 0.05888972243060765 0.0835
0 0.21211552888222054 0.36925 0.07014253563390847 0.0875
0 0.19561140285071268 0.4265 0.0671417854463616 0.071
0 0.18829707426856715 0.51225 0.05926481620405101 0.0795
0 0.25037509377344336 0.42625 0.05288822205551388 0.0825
0 0.24512378094523632 0.51075 0.05438859714928732 0.0785
0 0.27644411102775696 0.56575 0.05326331582895724 0.0655
0 0.3400225056264066 0.61675 0.04388597149287322 0.0415
0 0.33664666166541635 0.57675 0.050637659414853715 0.0715
0 0.34171042760690173 0.512 0.05326331582895724 0.073
0 0.31864216054013506 0.44 0.056639159789947484 0.073
0 0.36702925731432856 0.45675 0.052138034508627154 0.0695
0 0.2726931732933233 0.34625 0.05701425356339085 0.0655
0 0.3295198799699925 0.3705 0.05888972243060765 0.07
0 0.31114028507126784 0.29425 0.0641410352588147 0.0815
0 0.26387846961740435 0.22925 0.06264066016504126 0.0735
0 0.2691297824456114 0.139 0.05588897224306077 0.088
0 0.32314328582145535 0.0935 0.061140285071267814 0.084
0 0.3283945986496624 0.17475 0.056639159789947484 0.0795
0 0.37190547636909227 0.131 0.0536384096024006 0.074
0 0.39647411852963244 0.19325 0.0555138784696174 0.0755
0 0.37021755438859716 0.25425 0.0555138784696174 0.0775
0 0.37284321080270066 0.326 0.0555138784696174 0.075
0 0.4214178544636159 0.30525 0.047636909227306824 0.0735
0 0.4197299324831208 0.384 0.05401350337584396 0.072
0 0.41035258814703673 0.43625 0.047261815453863466 0.0515
0 0.4111027756939235 0.51125 0.051762940735183796 0.0665
0 0.4298574643660915 0.53375 0.04126031507876969 0.0585
0 0.395536384096024 0.57675 0.05138784696174044 0.0675
0 0.4019129782445611 0.60325 0.047636909227306824 0.0445
0 0.3724681170292573 0.6495 0.05251312828207052 0.061
0 0.3642160540135034 0.72675 0.04576144036009002 0.0635
0 0.37809452363090773 0.79175 0.04951237809452363 0.0635
0 0.37790697674418605 0.8525 0.05288822205551388 0.053
0 0.40753938484621155 0.81225 0.04013503375843961 0.0525
0 0.3951612903225806 0.6985 0.04388597149287322 0.058
0 0.41072768192048015 0.7445 0.04576144036009002 0.054
0 0.4435483870967742 0.75525 0.04013503375843961 0.0575
0 0.44579894973743434 0.82775 0.047636909227306824 0.0585
0 0.44486121530382594 0.70225 0.04426106526631658 0.0535
0 0.42516879219804954 0.6655 0.04913728432108027 0.068
0 0.44373593398349587 0.57575 0.0450112528132033 0.0625
0 0.48012003000750186 0.6225 0.05026256564141035 0.059
0 0.4821830457614404 0.66625 0.043135783945986494 0.0525
0 0.4773068267066767 0.712 0.041635408852213056 0.052
0 0.4939984996249062 0.7645 0.04576144036009002 0.053
0 0.504688672168042 0.82775 0.03938484621155289 0.0565
0 0.5474493623405852 0.81175 0.03938484621155289 0.0465
0 0.5420105026256564 0.76025 0.042010502625656414 0.0445
0 0.5384471117779445 0.72375 0.04388597149287322 0.0535
0 0.5466991747936985 0.67925 0.04463615903975994 0.0585
0 0.5241935483870968 0.6295 0.04388597149287322 0.06
0 0.5097524381095274 0.57675 0.04876219054763691 0.0605
0 0.46830457614403603 0.5285 0.046136534133533386 0.065
0 0.445986496624156 0.47075 0.047261815453863466 0.0665
0 0.4930607651912978 0.487 0.04013503375843961 0.066
0 0.45348837209302323 0.38275 0.037509377344336084 0.0665
0 0.477119279819955 0.41625 0.047261815453863466 0.0645
0 0.445423855963991 0.15075 0.0536384096024006 0.0705
0 0.44298574643660915 0.24075 0.04951237809452363 0.0785
0 0.4896849212303076 0.1865 0.050637659414853715 0.072
0 0.4930607651912978 0.2435 0.04913728432108027 0.062
0 0.46999249812453114 0.30075 0.046511627906976744 0.0735
0 0.4913728432108027 0.3485 0.05026256564141035 0.068
0 0.5230682670667667 0.35375 0.04088522130532633 0.0625
0 0.5255063765941486 0.2965 0.042010502625656414 0.069
0 0.5391972993248312 0.201 0.04538634658664666 0.067
0 0.555701425356339 0.322 0.041635408852213056 0.066
0 0.5361965491372843 0.41975 0.04838709677419355 0.0665
0 0.563953488372093 0.3875 0.04988747186796699 0.054
0 0.5995873968492123 0.40175 0.04238559639909977 0.0555
0 0.5738934733683421 0.44425 0.05101275318829707 0.0645
0 0.5980870217554388 0.45825 0.03488372093023256 0.0515
0 0.5620780195048762 0.4985 0.037134283570892726 0.057
0 0.5442610652663166 0.5165 0.0450112528132033 0.057
0 0.5431357839459865 0.5595 0.037509377344336084 0.051
0 0.5729557389347337 0.62 0.04088522130532633 0.058
0 0.5693923480870218 0.657 0.03675918979744936 0.036
0 0.5842085521380345 0.6985 0.038634658664666165 0.05
0 0.5800825206301575 0.75075 0.04013503375843961 0.0475
0 0.5870217554388597 0.795 0.04051012753188297 0.048
0 0.6389722430607652 0.8105 0.03563390847711928 0.056
0 0.6605401350337584 0.79525 0.03150787696924231 0.0515
0 0.6123405851462865 0.73475 0.034133533383345835 0.0495
0 0.6462865716429107 0.7475 0.037509377344336084 0.059
0 0.6140285071267817 0.695 0.03600900225056264 0.046
0 0.6492873218304576 0.70375 0.03375843960990248 0.0435
0 0.6175918979744937 0.65775 0.04013503375843961 0.0505
0 0.6562265566391597 0.671 0.034133533383345835 0.056
0 0.6127156789197299 0.61025 0.04088522130532633 0.0605
0 0.63615903975994 0.60625 0.021005251312828207 0.0425
0 0.5977119279819955 0.548 0.03938484621155289 0.061
0 0.6436609152288072 0.5645 0.037509377344336084 0.055
0 0.6140285071267817 0.49975 0.037509377344336084 0.0575
0 0.6457239309827457 0.496 0.03788447111777944 0.059
0 0.6429107276819205 0.43625 0.03600900225056264 0.0605
0 0.5750187546886721 0.19425 0.0450112528132033 0.0715
0 0.5808327081770442 0.257 0.04688672168042011 0.068
0 0.6095273818454614 0.28675 0.04051012753188297 0.0605
0 0.6294073518379595 0.215 0.04351087771942986 0.073
0 0.6348462115528882 0.30575 0.03938484621155289 0.0555
0 0.6166541635408852 0.34275 0.04876219054763691 0.0595
0 0.6504126031507877 0.36875 0.04351087771942986 0.0625
0 0.6886721680420105 0.23275 0.03900975243810953 0.0665
0 0.7314328582145536 0.2395 0.04351087771942986 0.063
0 0.7473743435858965 0.22075 0.03338334583645911 0.0585
0 0.722993248312078 0.30125 0.036384096024006 0.0655
0 0.6789197299324832 0.3425 0.03900975243810953 0.06
0 0.722430607651913 0.353 0.03975993998499625 0.048
0 0.6892348087021756 0.39125 0.03938484621155289 0.0605
0 0.7254313578394599 0.3995 0.03675918979744936 0.058
0 0.7927606901725431 0.27375 0.037134283570892726 0.0635
0 0.7976369092273068 0.302 0.029632408102025505 0.048
0 0.7702550637659414 0.328 0.03563390847711928 0.052
0 0.8111402850712678 0.353 0.03788447111777944 0.059
0 0.7726931732933233 0.4005 0.033008252063015754 0.058
0 0.7918229557389347 0.41825 0.033008252063015754 0.0465
0 0.7576894223555889 0.43825 0.04126031507876969 0.0505
0 0.7661290322580645 0.46175 0.030382595648912228 0.0385
0 0.6841710427606902 0.46325 0.042010502625656414 0.0535
0 0.6984246061515379 0.5075 0.042010502625656414 0.057
0 0.7590022505626407 0.50675 0.034133533383345835 0.0605
0 0.7573143285821455 0.53325 0.0345086271567892 0.0375
0 0.8195798949737434 0.48525 0.03225806451612903 0.0435
0 0.8096399099774944 0.52075 0.034133533383345835 0.0525
0 0.7983870967741935 0.568 0.043135783945986494 0.052
0 0.6866091522880721 0.569 0.04238559639909977 0.054
0 0.7076144036009002 0.5525 0.03788447111777944 0.048
0 0.7096774193548387 0.5965 0.03375843960990248 0.047
0 0.682483120780195 0.6065 0.037134283570892726 0.047
0 0.7036759189797449 0.65175 0.03900975243810953 0.0555
0 0.758252063015754 0.61675 0.028132033008252063 0.0515
0 0.7398724681170292 0.65925 0.03338334583645911 0.0475
0 0.7933233308327082 0.63425 0.030007501875468866 0.0515
0 0.7648162040510128 0.67125 0.03150787696924231 0.0545
0 0.7618154538634658 0.69775 0.02250562640660165 0.0225
0 0.7378094523630908 0.69825 0.020255063765941484 0.0395
0 0.8152663165791448 0.6645 0.029632408102025505 0.048
0 0.7835708927231808 0.69125 0.024756189047261814 0.0365
0 0.8025131282820706 0.69775 0.02288072018004501 0.0345
0 0.7848837209302325 0.7295 0.024381095273818456 0.035
0 0.799324831207802 0.7305 0.02250562640660165 0.037
0 0.7732558139534884 0.751 0.023630907726931733 0.047
0 0.7286196549137285 0.71125 0.03113278319579895 0.0535
0 0.7016129032258065 0.709 0.037134283570892726 0.053
0 0.7057389347336834 0.76025 0.03938484621155289 0.0525
0 0.7222430607651913 0.74925 0.025131282820705175 0.0405
0 0.7518754688672168 0.75975 0.03338334583645911 0.0465
0 0.699549887471868 0.8245 0.04126031507876969 0.048
0 0.7304951237809453 0.80975 0.034133533383345835 0.0535
0 0.7659414853713429 0.81275 0.03375843960990248 0.0485
0 0.8621530382595649 0.25775 0.038634658664666165 0.0645
0 0.8677794448612153 0.3125 0.038634658664666165 0.058
0 0.8642160540135033 0.43975 0.033008252063015754 0.0605
