0 0.05738934733683421 0.60525 0.03975993998499625 0.0435
0 0.06639159789947487 0.655 0.042010502625656414 0.043
0 0.09714928732183045 0.6765 0.03675918979744936 0.039
0 0.10971492873218304 0.73325 0.036384096024006 0.0355
0 0.14984996249062266 0.71025 0.034133533383345835 0.0455
0 0.1511627906976744 0.6765 0.04351087771942986 0.039
0 0.12809452363090773 0.66625 0.03188297074268567 0.0465
0 0.11196549137284321 0.6305 0.03188297074268567 0.038
0 0.13728432108027006 0.63375 0.035258814703675916 0.0415
0 0.10577644411102775 0.6 0.0345086271567892 0.042
0 0.08552138034508627 0.5385 0.03600900225056264 0.047
0 0.11515378844711177 0.556 0.03600900225056264 0.05
0 0.14216054013503376 0.5805 0.03600900225056264 0.042
0 0.18173293323330833 0.65075 0.034133533383345835 0.0415
0 0.1888597149287322 0.69425 0.03113278319579895 0.0495
0 0.11646661665416354 0.479 0.04088522130532633 0.046
0 0.1235933983495874 0.50225 0.03488372093023256 0.0335
0 0.14516129032258066 0.51525 0.03600900225056264 0.0405
0 0.1569767441860465 0.4585 0.037134283570892726 0.05
0 0.1695423855963991 0.544 0.035258814703675916 0.043
0 0.18998499624906226 0.59875 0.03488372093023256 0.0465
0 0.18735933983495873 0.39525 0.036384096024006 0.0485
0 0.2010502625656414 0.443 0.028507126781695424 0.048
0 0.18360840210052512 0.47925 0.03488372093023256 0.0455
0 0.19279819954988747 0.52075 0.0345086271567892 0.0415
0 0.21474118529632408 0.487 0.04013503375843961 0.047
0 0.2231807951987997 0.521 0.03600900225056264 0.04
0 0.2061140285071268 0.55675 0.03338334583645911 0.0415
0 0.2441860465116279 0.56225 0.03825956489122281 0.0455
0 0.2348087021755439 0.57875 0.03375843960990248 0.0385
0 0.23912228057014254 0.6285 0.04013503375843961 0.042
0 0.24212303075768943 0.6595 0.03188297074268567 0.039
0 0.26987996999249814 0.69175 0.03113278319579895 0.0435
0 0.29369842460615153 0.64525 0.03150787696924231 0.0305
0 0.2912603150787697 0.6275 0.03563390847711928 0.044
0 0.3257689422355589 0.68075 0.03488372093023256 0.0435
0 0.2888222055513878 0.58475 0.03900975243810953 0.0475
0 0.2803825956489122 0.53325 0.036384096024006 0.0425
0 0.2376219054763691 0.37225 0.03938484621155289 0.0455
0 0.23687171792948236 0.41625 0.03788447111777944 0.0485
0 0.2556264066016504 0.4535 0.03488372093023256 0.048
0 0.28319579894973745 0.476 0.03600900225056264 0.045
0 0.2820705176294073 0.44225 0.03375843960990248 0.0445
0 0.2700675168792198 0.3465 0.037509377344336084 0.049
0 0.2996999249812453 0.3305 0.03975993998499625 0.047
0 0.28113278319579893 0.38 0.03788447111777944 0.049
0 0.3160165041260315 0.381 0.04013503375843961 0.045
0 0.3124531132783196 0.41125 0.035258814703675916 0.0455
0 0.31470367591897974 0.48275 0.03825956489122281 0.0435
0 0.33964741185296327 0.45 0.03338334583645911 0.045
0 0.3332708177044261 0.524 0.03488372093023256 0.042
0 0.32314328582145535 0.577 0.038634658664666165 0.045
0 0.33477119279819956 0.6275 0.03563390847711928 0.044
0 0.372655663915979 0.638 0.036384096024006 0.038
0 0.36102775693923483 0.60825 0.03938484621155289 0.0415
0 0.35502625656414105 0.56475 0.036384096024006 0.0425
0 0.3614028507126782 0.4815 0.03563390847711928 0.041
0 0.3777194298574644 0.52925 0.03675918979744936 0.0485
0 0.395536384096024 0.57975 0.034133533383345835 0.0435
0 0.39122280570142537 0.6085 0.029257314328582147 0.033
0 0.4221680420105026 0.6365 0.03188297074268567 0.045
0 0.42516879219804954 0.60475 0.03188297074268567 0.0455
0 0.45630157539384847 0.6435 0.03188297074268567 0.042
0 0.4883720930232558 0.6525 0.033008252063015754 0.043
0 0.3675918979744936 0.269 0.04126031507876969 0.047
0 0.3548387096774194 0.326 0.037509377344336084 0.047
0 0.36365341335333834 0.3735 0.04013503375843961 0.043
0 0.363278319579895 0.414 0.03788447111777944 0.048
0 0.38297074268567144 0.44625 0.03675918979744936 0.0385
0 0.39328582145536384 0.306 0.032633158289572396 0.049
0 0.3925356339084771 0.3675 0.03338334583645911 0.043
0 0.40960240060015 0.412 0.03600900225056264 0.047
0 0.42685671417854465 0.45775 0.03825956489122281 0.0425
0 0.40416354088522133 0.494 0.037134283570892726 0.048
0 0.4154163540885221 0.54125 0.03563390847711928 0.0475
0 0.4444861215303826 0.55775 0.03600900225056264 0.0515
0 0.46980495123780946 0.59025 0.03338334583645911 0.0405
0 0.4966241560390098 0.60025 0.03150787696924231 0.0475
0 0.5249437359339835 0.6225 0.03188297074268567 0.045
0 0.44223555888972244 0.507 0.0345086271567892 0.046
0 0.4596774193548387 0.4755 0.03338334583645911 0.052
0 0.4397974493623406 0.41525 0.03338334583645911 0.0495
0 0.43623405851462865 0.36825 0.03675918979744936 0.0485
0 0.42460615153788445 0.31375 0.03975993998499625 0.0545
0 0.41710427606901723 0.26875 0.03825956489122281 0.0455
0 0.4519879969992498 0.2845 0.037509377344336084 0.05
0 0.4703675918979745 0.32825 0.0345086271567892 0.0485
0 0.4988747186796699 0.2505 0.03675918979744936 0.048
0 0.46886721680420107 0.36675 0.03675918979744936 0.0475
0 0.5241935483870968 0.3015 0.03338334583645911 0.05
0 0.5105026256564141 0.3605 0.033008252063015754 0.043
0 0.5315078769692423 0.3405 0.03075768942235559 0.047
0 0.5009377344336085 0.40525 0.03338334583645911 0.0465
0 0.46811702925731435 0.437 0.035258814703675916 0.048
0 0.47843210802700675 0.499 0.03113278319579895 0.047
0 0.4838709677419355 0.54625 0.03075768942235559 0.0445
0 0.5031882970742686 0.562 0.028882220555138786 0.042
0 0.5045011252813203 0.45525 0.0345086271567892 0.0465
0 0.5146286571642911 0.4875 0.03600900225056264 0.039
0 0.5256939234808702 0.5335 0.03788447111777944 0.044
0 0.5360090022505627 0.56625 0.03150787696924231 0.0445
0 0.5431357839459865 0.59625 0.03150787696924231 0.0375
0 0.568642160540135 0.61875 0.035258814703675916 0.0425
0 0.5969617404351087 0.59875 0.034133533383345835 0.0415
0 0.5354463615903976 0.39975 0.032633158289572396 0.0465
0 0.5352588147036759 0.451 0.035258814703675916 0.051
0 0.5495123780945236 0.5015 0.033008252063015754 0.046
0 0.5660165041260315 0.52975 0.03375843960990248 0.0455
0 0.5669542385596399 0.33175 0.030382595648912228 0.0485
0 0.5688297074268567 0.38525 0.03563390847711928 0.0405
0 0.5755813953488372 0.42425 0.036384096024006 0.0475
0 0.5677044261065266 0.47125 0.03113278319579895 0.0435
0 0.5828957239309828 0.501 0.03225806451612903 0.041
0 0.5982745686421606 0.53475 0.029257314328582147 0.0435
0 0.6129032258064516 0.61975 0.03075768942235559 0.0395
0 0.631470367591898 0.659 0.028882220555138786 0.044
0 0.6622280570142536 0.69075 0.032633158289572396 0.0345
0 0.6841710427606902 0.6755 0.024756189047261814 0.041
0 0.7139909977494373 0.683 0.025881470367591898 0.035
0 0.7113653413353338 0.71025 0.030382595648912228 0.0345
0 0.672543135783946 0.644 0.0277569392348087 0.041
0 0.6556639159789948 0.60925 0.03075768942235559 0.0435
0 0.6316579144786196 0.58725 0.03375843960990248 0.0405
0 0.6262190547636909 0.5505 0.029632408102025505 0.044
0 0.6005251312828207 0.45975 0.03375843960990248 0.0425
0 0.6181545386346586 0.473 0.0277569392348087 0.045
0 0.5253188297074268 0.268 0.025881470367591898 0.039
0 0.623218304576144 0.3205 0.03188297074268567 0.047
0 0.6307201800450113 0.296 0.03113278319579895 0.035
0 0.604463615903976 0.35675 0.03188297074268567 0.0445
0 0.6342835708927231 0.35 0.03150787696924231 0.041
0 0.6055888972243061 0.397 0.03338334583645911 0.046
0 0.6207801950487621 0.38775 0.028507126781695424 0.0465
0 0.6506001500375094 0.3675 0.03188297074268567 0.046
0 0.6731057764441111 0.34075 0.03188297074268567 0.0455
0 0.6295948987246812 0.4335 0.03338334583645911 0.045
0 0.6641035258814704 0.43475 0.03188297074268567 0.0445
0 0.6417854463615904 0.47075 0.03075768942235559 0.0405
0 0.6445986496624156 0.5115 0.03188297074268567 0.045
0 0.6646661665416355 0.566 0.033008252063015754 0.045
0 0.6680420105026257 0.519 0.028507126781695424 0.04
0 0.6762940735183796 0.48725 0.03375843960990248 0.0415
0 0.6984246061515379 0.56025 0.02700675168792198 0.0385
0 0.6881095273818455 0.60075 0.032633158289572396 0.0425
0 0.7031132783195799 0.63375 0.029632408102025505 0.0395
0 0.727119279819955 0.6125 0.025131282820705175 0.042
0 0.722430607651913 0.578 0.0277569392348087 0.045
0 0.713615903975994 0.5255 0.032633158289572396 0.039
0 0.7038634658664666 0.49425 0.029632408102025505 0.0425
0 0.6899849962490623 0.4455 0.03113278319579895 0.047
0 0.6794823705926482 0.39825 0.03338334583645911 0.0395
0 0.6899849962490623 0.36925 0.028132033008252063 0.0425
0 0.7138034508627157 0.371 0.0277569392348087 0.043
0 0.7102400600150037 0.414 0.030382595648912228 0.04
0 0.7181170292573144 0.44875 0.028882220555138786 0.0425
0 0.7415603900975244 0.48925 0.030007501875468866 0.0425
0 0.7379969992498124 0.54375 0.029632408102025505 0.0465
0 0.754688672168042 0.585 0.02700675168792198 0.038
0 0.7665041260315079 0.6425 0.029632408102025505 0.037
0 0.7798199549887472 0.612 0.03075768942235559 0.036
0 0.7785071267816954 0.57575 0.02738184546136534 0.0325
0 0.7586271567891973 0.53675 0.025131282820705175 0.0355
0 0.7680045011252813 0.50675 0.028882220555138786 0.0385
0 0.8028882220555139 0.55075 0.028882220555138786 0.0425
0 0.8008252063015754 0.50875 0.0277569392348087 0.0395
0 0.7513128282070518 0.4545 0.029257314328582147 0.035
0 0.7906976744186046 0.47325 0.028507126781695424 0.0445
0 0.8115153788447111 0.46975 0.024381095273818456 0.0425
0 0.7515003750937734 0.426 0.034133533383345835 0.046
0 0.7841335333833458 0.42025 0.025131282820705175 0.0395
0 0.8008252063015754 0.43325 0.024756189047261814 0.0385
0 0.8330832708177044 0.42775 0.030007501875468866 0.0345
0 0.8486496624156039 0.4 0.025131282820705175 0.043
0 0.8094523630907727 0.393 0.0345086271567892 0.042
0 0.7186796699174793 0.32375 0.0277569392348087 0.0465
0 0.7387471867966992 0.3275 0.02663165791447862 0.041
0 0.7348087021755438 0.26675 0.03075768942235559 0.0425
0 0.7591897974493623 0.35775 0.03075768942235559 0.0385
0 0.8023255813953488 0.3575 0.03150787696924231 0.038
0 0.7818829707426856 0.3125 0.030382595648912228 0.042
0 0.8208927231807952 0.32975 0.02738184546136534 0.0415
