0 0.1329707426856714 0.6735 0.04388597149287322 0.067
0 0.1466616654163541 0.57225 0.0450112528132033 0.0585
0 0.17873218304576144 0.655 0.047636909227306824 0.056
0 0.186609152288072 0.70275 0.04988747186796699 0.0585
0 0.23143285821455364 0.73675 0.04801200300075019 0.0595
0 0.18417104276069018 0.6055 0.04276069017254314 0.056
0 0.22618154538634658 0.6215 0.04576144036009002 0.057
0 0.25993998499624904 0.6645 0.0450112528132033 0.054
0 0.3025131282820705 0.719 0.04388597149287322 0.061
0 0.3394598649662416 0.7075 0.0345086271567892 0.054
0 0.3302700675168792 0.6645 0.043135783945986494 0.054
0 0.2659414853713428 0.60275 0.042010502625656414 0.0465
0 0.31470367591897974 0.5955 0.03900975243810953 0.053
0 0.27550637659414856 0.56575 0.052138034508627154 0.0565
0 0.21980495123780946 0.557 0.05476369092273068 0.056
0 0.18604651162790697 0.51625 0.05401350337584396 0.0565
0 0.15941485371342837 0.392 0.04576144036009002 0.061
0 0.1896099024756189 0.3365 0.04688672168042011 0.059
0 0.21511627906976744 0.383 0.04988747186796699 0.059
0 0.23462115528882221 0.3135 0.04388597149287322 0.062
0 0.3013878469617404 0.21875 0.04988747186796699 0.0535
0 0.30288822205551386 0.27725 0.04463615903975994 0.0595
0 0.27344336084021004 0.32825 0.03975993998499625 0.0635
0 0.3372093023255814 0.3225 0.04426106526631658 0.059
0 0.2785071267816954 0.39425 0.043135783945986494 0.0595
0 0.31976744186046513 0.3725 0.04238559639909977 0.056
0 0.35427606901725434 0.20675 0.037134283570892726 0.0625
0 0.36365341335333834 0.2615 0.04838709677419355 0.061
0 0.21717929482370593 0.47 0.05026256564141035 0.06
0 0.2569392348087022 0.498 0.04876219054763691 0.063
0 0.28488372093023256 0.4565 0.047636909227306824 0.057
0 0.3057014253563391 0.5045 0.04276069017254314 0.056
0 0.3210802700675169 0.42725 0.05026256564141035 0.0625
0 0.3531507876969242 0.4805 0.046136534133533386 0.056
0 0.34321080270067517 0.532 0.04876219054763691 0.05
0 0.3584021005251313 0.6115 0.04988747186796699 0.057
0 0.38297074268567144 0.534 0.04051012753188297 0.057
0 0.4081020255063766 0.54575 0.0345086271567892 0.0505
0 0.37284321080270066 0.464 0.03675918979744936 0.048
0 0.3975993998499625 0.59825 0.04051012753188297 0.0585
0 0.3777194298574644 0.64575 0.03675918979744936 0.0555
0 0.40828957239309827 0.6545 0.037134283570892726 0.054
0 0.42760690172543137 0.68725 0.0345086271567892 0.0495
0 0.4071642910727682 0.73025 0.04388597149287322 0.0555
0 0.40960240060015 0.20575 0.04351087771942986 0.0585
0 0.43548387096774194 0.18625 0.037509377344336084 0.0595
0 0.4052888222055514 0.26425 0.041635408852213056 0.0575
0 0.39478619654913727 0.3145 0.03938484621155289 0.053
0 0.36365341335333834 0.358 0.04688672168042011 0.057
0 0.4249812453113278 0.31075 0.04126031507876969 0.0545
0 0.41354088522130533 0.362 0.037134283570892726 0.051
0 0.44317329332333083 0.36075 0.032633158289572396 0.0545
0 0.37509377344336087 0.42025 0.04351087771942986 0.0555
0 0.4069767441860465 0.41225 0.04051012753188297 0.0605
0 0.42666916729182297 0.45825 0.04088522130532633 0.0525
0 0.4484246061515379 0.4135 0.04238559639909977 0.057
0 0.47430607651912976 0.404 0.036384096024006 0.046
0 0.45630157539384847 0.466 0.037134283570892726 0.054
0 0.4212303075768942 0.497 0.03825956489122281 0.049
0 0.45048762190547637 0.503 0.0345086271567892 0.047
0 0.45386346586646664 0.5645 0.04051012753188297 0.048
0 0.42966991747936983 0.6025 0.038634658664666165 0.05
0 0.45330082520630155 0.649 0.03563390847711928 0.046
0 0.46924231057764443 0.693 0.0345086271567892 0.05
0 0.5097524381095274 0.69925 0.03975993998499625 0.0505
0 0.4913728432108027 0.64425 0.035258814703675916 0.0525
0 0.4789947486871718 0.6075 0.04351087771942986 0.046
0 0.5285071267816954 0.65575 0.03075768942235559 0.0525
0 0.521755438859715 0.60975 0.033008252063015754 0.0385
0 0.4971867966991748 0.5865 0.04013503375843961 0.043
0 0.4913728432108027 0.55125 0.03825956489122281 0.0555
0 0.4609902475618905 0.248 0.03900975243810953 0.053
0 0.4838709677419355 0.25925 0.0345086271567892 0.0565
0 0.4808702175543886 0.31025 0.037509377344336084 0.0555
0 0.5105026256564141 0.29125 0.03375843960990248 0.0545
0 0.518192048012003 0.33325 0.030382595648912228 0.0515
0 0.48424606151537886 0.35875 0.03975993998499625 0.0555
0 0.5105026256564141 0.3795 0.033008252063015754 0.058
0 0.5453863465866466 0.353 0.03600900225056264 0.061
0 0.5395723930982745 0.4015 0.03938484621155289 0.056
0 0.490622655663916 0.44525 0.03150787696924231 0.0515
0 0.517066766691673 0.443 0.030382595648912228 0.052
0 0.5487621905476369 0.4505 0.03075768942235559 0.05
0 0.4932483120780195 0.49625 0.03225806451612903 0.0495
0 0.5429482370592649 0.48925 0.03488372093023256 0.0495
0 0.514066016504126 0.535 0.03488372093023256 0.05
0 0.5536384096024006 0.52125 0.03225806451612903 0.0515
0 0.5420105026256564 0.56675 0.03600900225056264 0.0465
0 0.5558889722430608 0.623 0.0345086271567892 0.05
0 0.5710802700675168 0.67875 0.036384096024006 0.0525
0 0.5992123030757689 0.68125 0.03188297074268567 0.0495
0 0.594523630907727 0.6405 0.035258814703675916 0.047
0 0.6183420855213804 0.654 0.02663165791447862 0.044
0 0.6271567891972993 0.622 0.03375843960990248 0.052
0 0.6740435108777194 0.64525 0.03225806451612903 0.0475
0 0.6697299324831207 0.69325 0.03488372093023256 0.0485
0 0.5868342085521381 0.5835 0.038634658664666165 0.05
0 0.5767066766691673 0.536 0.03338334583645911 0.047
0 0.5930232558139535 0.499 0.03225806451612903 0.055
0 0.6153413353338335 0.5235 0.03338334583645911 0.049
0 0.6249062265566392 0.57325 0.03375843960990248 0.0525
0 0.6481620405101275 0.597 0.0277569392348087 0.049
0 0.5907726931732933 0.44625 0.03225806451612903 0.0525
0 0.6149662415603901 0.475 0.034133533383345835 0.061
0 0.5902100525131283 0.378 0.034133533383345835 0.057
0 0.6059639909977494 0.41 0.032633158289572396 0.055
0 0.5435108777194299 0.214 0.03900975243810953 0.068
0 0.5641410352588146 0.27475 0.0345086271567892 0.0625
0 0.5783945986496624 0.23875 0.03600900225056264 0.0545
0 0.6067141785446362 0.2305 0.038634658664666165 0.059
0 0.6093398349587397 0.273 0.037134283570892726 0.05
0 0.6003375843960991 0.30525 0.03563390847711928 0.0575
0 0.621530382595649 0.30175 0.02700675168792198 0.0525
0 0.5965866466616654 0.34475 0.03338334583645911 0.0365
0 0.6290322580645161 0.32875 0.02700675168792198 0.0425
0 0.6198424606151538 0.36725 0.03188297074268567 0.0505
0 0.6522880720180045 0.3925 0.030007501875468866 0.052
0 0.644973743435859 0.442 0.04013503375843961 0.05
0 0.6436609152288072 0.4945 0.035258814703675916 0.05
0 0.6427231807951987 0.531 0.032633158289572396 0.049
0 0.6761065266316579 0.56125 0.034133533383345835 0.0525
0 0.6911102775693924 0.6035 0.03113278319579895 0.043
0 0.6982370592648162 0.64375 0.029632408102025505 0.0445
0 0.7100525131282821 0.68275 0.025506376594148537 0.0485
0 0.7286196549137285 0.688 0.025131282820705175 0.048
0 0.7226181545386346 0.63675 0.03113278319579895 0.0435
0 0.714178544636159 0.60225 0.024756189047261814 0.0435
0 0.7098649662415604 0.567 0.03113278319579895 0.049
0 0.7074268567141786 0.522 0.030007501875468866 0.053
0 0.6886721680420105 0.4935 0.03825956489122281 0.049
0 0.6832333083270817 0.43975 0.03338334583645911 0.0535
0 0.6661665416354089 0.358 0.0345086271567892 0.043
0 0.6845461365341335 0.39325 0.03075768942235559 0.0495
0 0.6612903225806451 0.27375 0.033008252063015754 0.0455
0 0.6695423855963991 0.2995 0.029257314328582147 0.05
0 0.690735183795949 0.274 0.028132033008252063 0.044
0 0.6946736684171043 0.33275 0.03225806451612903 0.0515
0 0.7333083270817704 0.308 0.028507126781695424 0.048
0 0.7156789197299325 0.3545 0.030007501875468866 0.053
0 0.7678169542385597 0.3495 0.0277569392348087 0.043
0 0.7610652663165791 0.38075 0.03375843960990248 0.0525
0 0.7751312828207052 0.39125 0.029632408102025505 0.0435
0 0.7340585146286571 0.4155 0.033008252063015754 0.049
0 0.7308702175543886 0.47925 0.03188297074268567 0.0425
0 0.7460615153788447 0.4485 0.02625656414103526 0.046
0 0.7460615153788447 0.48075 0.024006001500375095 0.0365
0 0.7961365341335334 0.4335 0.028132033008252063 0.047
0 0.832708177044261 0.4545 0.028507126781695424 0.042
0 0.7959489872468117 0.4835 0.02625656414103526 0.047
0 0.7668792198049512 0.51675 0.028132033008252063 0.0465
0 0.8008252063015754 0.51875 0.0345086271567892 0.0375
0 0.7319954988747187 0.5155 0.03113278319579895 0.045
0 0.7507501875468867 0.54975 0.03338334583645911 0.0415
0 0.7522505626406601 0.58725 0.030382595648912228 0.0445
0 0.7666916729182296 0.6285 0.030007501875468866 0.04
0 0.7843210802700675 0.69225 0.030007501875468866 0.0435
0 0.8070142535633908 0.7215 0.030382595648912228 0.042
0 0.8437734433608403 0.719 0.028132033008252063 0.044
0 0.8246436609152288 0.68125 0.03113278319579895 0.0455
0 0.84152288072018 0.676 0.02213053263315829 0.042
0 0.8844711177794449 0.69575 0.02700675168792198 0.0445
0 0.8998499624906227 0.66625 0.02250562640660165 0.0445
0 0.8600900225056264 0.64375 0.02250562640660165 0.0485
0 0.8756564141035259 0.64675 0.017629407351837958 0.0525
0 0.8282070517629407 0.6395 0.02625656414103526 0.046
0 0.786384096024006 0.5975 0.030382595648912228 0.048
0 0.8030757689422355 0.59325 0.02175543885971493 0.0415
0 0.8124531132783196 0.56 0.03075768942235559 0.046
0 0.8358964741185296 0.545 0.028882220555138786 0.048
0 0.8629032258064516 0.50975 0.025131282820705175 0.0525
0 0.9021005251312828 0.502 0.024756189047261814 0.048
0 0.8375843960990248 0.598 0.02175543885971493 0.04
0 0.8555888972243061 0.60025 0.023255813953488372 0.0445
0 0.9082895723930983 0.6255 0.02213053263315829 0.051
0 0.9217929482370593 0.56025 0.028132033008252063 0.0535
0 0.9187921980495124 0.58525 0.028132033008252063 0.0345
