0 0.4781144781144781 0.02675 0.0411522633744856 0.0515
0 0.45454545454545453 0.083 0.04414515525626637 0.045
0 0.466142910587355 0.15325 0.03591470258136925 0.0515
0 0.4221848110737 0.16175 0.036288814066591846 0.0395
0 0.41451552562663674 0.178 0.04040404040404041 0.035
0 0.429105873550318 0.212 0.04264870931537598 0.05
0 0.4509913954358399 0.24925 0.040778151889263 0.0555
0 0.38009726898615787 0.22275 0.04339693228582117 0.0525
0 0.34118967452300786 0.26825 0.04339693228582117 0.0505
0 0.3836513280957725 0.27525 0.03554059109614665 0.0535
0 0.41956603067714177 0.29625 0.03928170594837262 0.0515
0 0.45304900860456415 0.325 0.04040404040404041 0.046
0 0.38009726898615787 0.3235 0.0411522633744856 0.043
0 0.3047138047138047 0.3215 0.03928170594837262 0.045
0 0.3445566778900112 0.33975 0.04414515525626637 0.0425
0 0.41451552562663674 0.35175 0.04414515525626637 0.0445
0 0.45248784137673026 0.378 0.04227459783015339 0.067
0 0.3720538720538721 0.37225 0.04377104377104377 0.0495
0 0.29723157500935277 0.37325 0.046763935652824544 0.0525
0 0.33595211372989153 0.3985 0.03666292555181444 0.058
0 0.46520763187429853 0.443 0.03853348297792742 0.051
0 0.4010475121586233 0.42425 0.04264870931537598 0.0495
0 0.27010849233071454 0.4225 0.03965581743359521 0.05
0 0.304900860456416 0.448 0.04489337822671156 0.051
0 0.3445566778900112 0.47375 0.04040404040404041 0.0545
0 0.37972315750093527 0.486 0.035166479610924055 0.056
0 0.42536475869809204 0.504 0.038159371492704826 0.047
0 0.46352413019079686 0.502 0.041900486344930786 0.059
0 0.3948746726524504 0.5435 0.03928170594837262 0.057
0 0.439768050879162 0.56925 0.04377104377104377 0.0575
0 0.2500935278713057 0.48975 0.040778151889263 0.0545
0 0.21062476618032175 0.5155 0.04339693228582117 0.063
0 0.272914328469884 0.52825 0.04601571268237935 0.0575
0 0.31425364758698093 0.5545 0.04564160119715675 0.056
0 0.3555929667040778 0.564 0.04451926674148896 0.059
0 0.3888888888888889 0.60225 0.04227459783015339 0.0535
0 0.4277964833520389 0.63275 0.050505050505050504 0.0575
0 0.25757575757575757 0.57725 0.04152637485970819 0.0365
0 0.25308641975308643 0.607 0.03853348297792742 0.055
0 0.31163486719042277 0.631 0.04339693228582117 0.062
0 0.26861204638982417 0.67475 0.04489337822671156 0.0635
0 0.2996632996632997 0.69325 0.0411522633744856 0.0635
0 0.345679012345679 0.66125 0.04938271604938271 0.0695
0 0.444818555929667 0.686 0.04564160119715675 0.065
0 0.40366629255518144 0.7085 0.04638982416760194 0.069
0 0.3477366255144033 0.72825 0.046763935652824544 0.0645
0 0.31462775907220353 0.78025 0.0508791619902731 0.0765
0 0.3608305274971942 0.79025 0.04751215862326973 0.0685
0 0.40254395809951365 0.7805 0.04339693228582117 0.074
0 0.45417134306023194 0.7525 0.038159371492704826 0.083
0 0.45809951365506923 0.85325 0.04826038159371493 0.0775
0 0.38140665918443695 0.8545 0.05200149644594089 0.069
0 0.343808454919566 0.88625 0.05013093901982791 0.0835
0 0.2867564534231201 0.878 0.04900860456416012 0.062
0 0.3978675645342312 0.94675 0.04900860456416012 0.0785
0 0.4990647212869435 0.864 0.04414515525626637 0.065
0 0.5793116348671904 0.917 0.04451926674148896 0.078
0 0.6290684624017957 0.902 0.049756827534605315 0.06
0 0.6659184436962214 0.86275 0.04788627010849233 0.0695
0 0.5881032547699214 0.829 0.04564160119715675 0.068
0 0.4990647212869435 0.8 0.048634493078937524 0.067
0 0.5441451552562664 0.7995 0.04302282080059858 0.07
0 0.6533857089412645 0.7885 0.050505050505050504 0.064
0 0.5914702581369248 0.76675 0.05013093901982791 0.0615
0 0.5336700336700336 0.737 0.04751215862326973 0.067
0 0.49364010475121584 0.69125 0.046763935652824544 0.0665
0 0.5723905723905723 0.70625 0.0508791619902731 0.0575
0 0.6285072951739619 0.71525 0.04638982416760194 0.0635
0 0.6866816311260756 0.68825 0.046763935652824544 0.0605
0 0.6445940890385334 0.649 0.04339693228582117 0.06
0 0.6015712682379349 0.66025 0.04264870931537598 0.0635
0 0.5465768799102132 0.65325 0.04788627010849233 0.0625
0 0.47605686494575383 0.63425 0.04227459783015339 0.0595
0 0.511971567527123 0.607 0.04302282080059858 0.058
0 0.4839132061354284 0.5605 0.046763935652824544 0.064
0 0.5293677515899738 0.55725 0.041900486344930786 0.0665
0 0.5662177328843996 0.59525 0.049756827534605315 0.0615
0 0.5084175084175084 0.50675 0.041900486344930786 0.0525
0 0.6131687242798354 0.5975 0.04264870931537598 0.061
0 0.6919191919191919 0.6305 0.04377104377104377 0.057
0 0.6500187055742611 0.566 0.046763935652824544 0.066
0 0.6086793864571642 0.53475 0.04489337822671156 0.0655
0 0.6812570145903479 0.52275 0.04489337822671156 0.0565
0 0.6427235316124205 0.496 0.04264870931537598 0.057
0 0.5028058361391695 0.45475 0.03666292555181444 0.0595
0 0.5422745978301534 0.46575 0.04227459783015339 0.0565
0 0.5847362514029181 0.469 0.04414515525626637 0.054
0 0.6243920688365133 0.4435 0.03666292555181444 0.057
0 0.6883651328095772 0.4505 0.038159371492704826 0.057
0 0.654320987654321 0.40575 0.03965581743359521 0.0525
0 0.4818555929667041 0.3005 0.04339693228582117 0.04
0 0.5127197904975683 0.329 0.04377104377104377 0.054
0 0.5542461653572764 0.3745 0.04526748971193416 0.061
0 0.5918443696221474 0.37975 0.038159371492704826 0.0545
0 0.6943509165731387 0.342 0.03890759446315002 0.045
0 0.6530115974560419 0.311 0.04302282080059858 0.055
0 0.6068088290310513 0.32325 0.04564160119715675 0.0495
0 0.542648709315376 0.301 0.04227459783015339 0.053
0 0.4685746352413019 0.2245 0.036288814066591846 0.055
0 0.5953984287317621 0.276 0.04900860456416012 0.052
0 0.6479610924055369 0.26075 0.04264870931537598 0.0505
0 0.6915450804339693 0.25975 0.034044145155256264 0.0555
0 0.6887392442947998 0.1695 0.03591470258136925 0.05
0 0.6492704826038159 0.1655 0.03554059109614665 0.046
0 0.6384212495323607 0.2095 0.03853348297792742 0.053
0 0.6096146651702207 0.1895 0.037037037037037035 0.047
0 0.581556303778526 0.217 0.040778151889263 0.044
0 0.5447063224841002 0.2075 0.03890759446315002 0.054
0 0.5024317246539469 0.166 0.038159371492704826 0.049
0 0.5001870557426114 0.104 0.04264870931537598 0.045
0 0.542648709315376 0.12075 0.040029928918817806 0.0475
0 0.5776281331836888 0.15825 0.03591470258136925 0.0505
0 0.626075570520015 0.12325 0.036288814066591846 0.0505
0 0.6365506921062477 0.09775 0.03853348297792742 0.0375
0 0.6726524504302283 0.121 0.04339693228582117 0.042
0 0.5686494575383464 0.07425 0.04040404040404041 0.0425
0 0.5520014964459409 0.031 0.040029928918817806 0.044
0 0.5198279087167976 0.0585 0.03554059109614665 0.044
0 0.7444818555929668 0.163 0.0411522633744856 0.049
0 0.7257762813318369 0.22625 0.04564160119715675 0.0395
0 0.7008978675645342 0.38975 0.04826038159371493 0.0495
0 0.730265619154508 0.446 0.04564160119715675 0.054
0 0.767302656191545 0.4345 0.04339693228582117 0.051
0 0.7205387205387206 0.516 0.041900486344930786 0.058
0 0.7562663673774785 0.50625 0.040778151889263 0.0505
0 0.7867564534231201 0.5005 0.029180695847362513 0.047
0 0.8164983164983165 0.5125 0.034044145155256264 0.051
0 0.7005237560793116 0.588 0.046763935652824544 0.054
0 0.7615039281705949 0.55325 0.04751215862326973 0.0475
0 0.7983539094650206 0.5685 0.03741114852225964 0.053
0 0.7736625514403292 0.605 0.020202020202020204 0.036
0 0.7994762439206884 0.63075 0.032173587729143284 0.0595
0 0.7613168724279835 0.61475 0.03965581743359521 0.0605
0 0.7263374485596708 0.65425 0.040778151889263 0.0665
0 0.7755331088664422 0.67125 0.03890759446315002 0.0545
0 0.7360643471754583 0.7195 0.04227459783015339 0.068
0 0.700149644594089 0.75575 0.04451926674148896 0.0625
0 0.7656191545080434 0.78775 0.04377104377104377 0.0695
0 0.7040778151889263 0.82475 0.04938271604938271 0.0725
0 0.5985783763561542 0.0855 0.032173587729143284 0.055
