0 0.14347336834208552 0.24875 0.05738934733683421 0.0735
0 0.23124531132783196 0.23225 0.055138784696174045 0.0725
0 0.30513878469617406 0.20075 0.04388597149287322 0.0775
0 0.28769692423105775 0.28475 0.04951237809452363 0.0675
0 0.36459114778694673 0.25625 0.05251312828207052 0.0715
0 0.4186046511627907 0.2145 0.04801200300075019 0.076
0 0.44579894973743434 0.27925 0.052138034508627154 0.0675
0 0.4118529632408102 0.33025 0.04951237809452363 0.0625
0 0.3582145536384096 0.32375 0.05401350337584396 0.0605
0 0.37865716429107277 0.38225 0.04688672168042011 0.0605
0 0.4212303075768942 0.399 0.04426106526631658 0.073
0 0.29163540885221306 0.359 0.05288822205551388 0.071
0 0.2357464366091523 0.33075 0.05138784696174044 0.0745
0 0.1839834958739685 0.35425 0.04088522130532633 0.0705
0 0.15003750937734434 0.342 0.05026256564141035 0.064
0 0.1532258064516129 0.40625 0.046136534133533386 0.0625
0 0.195423855963991 0.42675 0.04126031507876969 0.0685
0 0.2336834208552138 0.40875 0.03975993998499625 0.0745
0 0.26069017254313576 0.47 0.051762940735183796 0.076
0 0.3023255813953488 0.43225 0.04351087771942986 0.0655
0 0.33289572393098277 0.484 0.04988747186796699 0.063
0 0.37115528882220555 0.46075 0.03563390847711928 0.0665
0 0.39984996249062266 0.52 0.03975993998499625 0.073
0 0.34996249062265566 0.545 0.051762940735183796 0.061
0 0.30101275318829707 0.52125 0.04238559639909977 0.0675
0 0.3058889722430608 0.57875 0.050637659414853715 0.0595
0 0.34246061515378845 0.61825 0.046511627906976744 0.0545
0 0.25637659414853714 0.5675 0.056639159789947484 0.054
0 0.21436609152288072 0.4955 0.047636909227306824 0.069
0 0.09564891222805702 0.48175 0.04876219054763691 0.0635
0 0.14291072768192048 0.488 0.05251312828207052 0.062
0 0.12415603900975244 0.55375 0.04801200300075019 0.0685
0 0.1532258064516129 0.60975 0.04388597149287322 0.0685
0 0.186609152288072 0.546 0.04913728432108027 0.06
0 0.21436609152288072 0.62 0.047636909227306824 0.07
0 0.26894223555888974 0.62825 0.04051012753188297 0.0675
0 0.3034508627156789 0.64525 0.04126031507876969 0.0605
0 0.3507126781695424 0.67625 0.042010502625656414 0.0675
0 0.3970367591897975 0.71675 0.0536384096024006 0.0665
0 0.38822205551387845 0.5905 0.05101275318829707 0.062
0 0.40735183795948987 0.6465 0.03900975243810953 0.067
0 0.4416729182295574 0.63525 0.05588897224306077 0.0625
0 0.49268567141785446 0.6525 0.05738934733683421 0.072
0 0.44804951237809454 0.56425 0.046136534133533386 0.0635
0 0.45255063765941483 0.4905 0.055138784696174045 0.065
0 0.4949362340585146 0.547 0.047636909227306824 0.076
0 0.5300075018754689 0.59225 0.04876219054763691 0.0655
0 0.47186796699174793 0.36775 0.046511627906976744 0.0675
0 0.4973743435858965 0.31625 0.05926481620405101 0.0685
0 0.5596399099774944 0.31925 0.047261815453863466 0.0715
0 0.5688297074268567 0.401 0.04913728432108027 0.077
0 0.6119654913728432 0.426 0.05888972243060765 0.064
0 0.617966991747937 0.35625 0.04988747186796699 0.0715
0 0.5076894223555889 0.3985 0.04838709677419355 0.067
0 0.5268192048012003 0.46225 0.04538634658664666 0.0675
0 0.5678919729932483 0.4755 0.04351087771942986 0.072
0 0.6177794448612153 0.494 0.0555138784696174 0.071
0 0.6716054013503376 0.48075 0.055138784696174045 0.0645
0 0.672543135783946 0.414 0.05926481620405101 0.073
0 0.6671042760690172 0.346 0.052138034508627154 0.066
0 0.7237434358589647 0.38 0.061140285071267814 0.075
0 0.7704426106526632 0.40375 0.04276069017254314 0.0645
0 0.75 0.4655 0.055138784696174045 0.069
0 0.7597524381095274 0.52775 0.046136534133533386 0.0665
0 0.7068642160540135 0.5345 0.055138784696174045 0.069
0 0.6704801200300075 0.25825 0.07314328582145536 0.0785
0 0.5564516129032258 0.5325 0.055138784696174045 0.064
0 0.608589647411853 0.56325 0.052138034508627154 0.0665
0 0.6552888222055514 0.57275 0.047261815453863466 0.0695
0 0.6369092273068268 0.62575 0.047261815453863466 0.0615
0 0.5830832708177044 0.61175 0.0536384096024006 0.0675
0 0.5502625656414104 0.65075 0.04876219054763691 0.0675
0 0.5965866466616654 0.67425 0.0536384096024006 0.0675
0 0.4628657164291073 0.70725 0.05251312828207052 0.0745
0 0.5165041260315079 0.71025 0.04951237809452363 0.0655
0 0.5581395348837209 0.7385 0.05026256564141035 0.07
0 0.6029632408102026 0.7405 0.04463615903975994 0.069
0 0.641972993248312 0.728 0.052138034508627154 0.065
0 0.4838709677419355 0.786 0.05101275318829707 0.059
0 0.5406976744186046 0.787 0.04688672168042011 0.053
0 0.5857089272318079 0.818 0.046136534133533386 0.064
0 0.6406601650412603 0.7905 0.04951237809452363 0.058
0 0.6776069017254314 0.7565 0.05813953488372093 0.063
0 0.6931732933233309 0.69725 0.056264066016504126 0.0705
0 0.7203675918979745 0.80775 0.05813953488372093 0.0655
0 0.7505626406601651 0.7585 0.05251312828207052 0.064
0 0.7441860465116279 0.692 0.05251312828207052 0.063
0 0.800450112528132 0.69025 0.047261815453863466 0.0765
0 0.8576519129782446 0.6905 0.05888972243060765 0.061
0 0.7053638409602401 0.60575 0.059639909977494375 0.0685
0 0.7545011252813203 0.59625 0.0536384096024006 0.0635
0 0.8073893473368342 0.59925 0.05588897224306077 0.0635
0 0.8563390847711928 0.5795 0.05326331582895724 0.07
0 0.8629032258064516 0.497 0.06489122280570142 0.066
0 0.8992873218304576 0.52575 0.0603900975243811 0.0665
0 0.9343585896474118 0.46375 0.06151537884471118 0.0725
0 0.910165041260315 0.411 0.0708927231807952 0.082
0 0.8197674418604651 0.44375 0.055138784696174045 0.0705
0 0.8325206301575394 0.36575 0.06489122280570142 0.0765
0 0.7820705176294074 0.326 0.05701425356339085 0.069
