0 0.06001500375093773 0.58475 0.08027006751687922 0.1115
0 0.06451612903225806 0.665 0.08252063015753938 0.091
0 0.13240810202550637 0.66275 0.08327081770442611 0.0945
0 0.12809452363090773 0.758 0.08664666166541636 0.11
0 0.17404351087771944 0.8775 0.08927231807951988 0.095
0 0.25543885971492875 0.86775 0.08777194298574643 0.1095
0 0.36196549137284323 0.848 0.07426856714178545 0.112
0 0.4279819954988747 0.8195 0.07351837959489872 0.104
0 0.21999249812453114 0.70275 0.08289572393098274 0.0945
0 0.2946361590397599 0.711 0.07914478619654913 0.099
0 0.37190547636909227 0.7445 0.08589647411852963 0.088
0 0.1292198049512378 0.50725 0.09489872468117029 0.0955
0 0.17404351087771944 0.6045 0.09077269317329333 0.113
0 0.2685671417854464 0.62375 0.08027006751687922 0.0955
0 0.3372093023255814 0.63775 0.08177044261065267 0.0955
0 0.4392348087021755 0.69625 0.08552138034508627 0.1115
0 0.5110652663165791 0.707 0.09114778694673668 0.112
0 0.5560765191297824 0.771 0.08664666166541636 0.107
0 0.6288447111777945 0.813 0.08664666166541636 0.11
0 0.705926481620405 0.84175 0.0795198799699925 0.1065
0 0.7807576894223556 0.8345 0.07689422355588897 0.108
0 0.8400225056264066 0.799 0.08289572393098274 0.11
0 0.17423105776444112 0.42475 0.08739684921230308 0.1015
0 0.25543885971492875 0.413 0.08402100525131283 0.102
0 0.32558139534883723 0.43325 0.08402100525131283 0.1035
0 0.25618904726181546 0.53 0.07876969242310577 0.111
0 0.3486496624156039 0.53775 0.07464366091522881 0.1155
0 0.40960240060015 0.46525 0.08177044261065267 0.0915
0 0.42010502625656415 0.57275 0.08402100525131283 0.1075
0 0.2996999249812453 0.29075 0.09527381845461365 0.1085
0 0.390285071267817 0.33275 0.08214553638409602 0.1065
0 0.3945986496624156 0.2305 0.09452363090772693 0.117
0 0.45817704426106526 0.317 0.09039759939984997 0.119
0 0.47580645161290325 0.4195 0.07764441110277569 0.11
0 0.4814328582145536 0.509 0.09114778694673668 0.102
0 0.5581395348837209 0.459 0.08477119279819954 0.106
0 0.5356339084771192 0.34375 0.07351837959489872 0.1165
0 0.5121905476369092 0.20125 0.09264816204051013 0.1265
0 0.5828957239309828 0.257 0.08402100525131283 0.111
0 0.6530382595648913 0.16475 0.10127531882970743 0.1245
0 0.755251312828207 0.18875 0.10690172543135784 0.1235
0 0.8220180045011253 0.234 0.07689422355588897 0.124
0 0.6723555888972244 0.281 0.09264816204051013 0.112
0 0.7597524381095274 0.31 0.08964741185296324 0.112
0 0.6310952738184546 0.36775 0.09114778694673668 0.1065
0 0.6511627906976745 0.45125 0.07876969242310577 0.1145
0 0.5992123030757689 0.53475 0.08664666166541636 0.1015
0 0.5365716429107277 0.59825 0.08214553638409602 0.1055
0 0.581020255063766 0.6695 0.06976744186046512 0.119
0 0.6490997749437359 0.7135 0.08664666166541636 0.105
0 0.6494748687171793 0.6145 0.07689422355588897 0.112
0 0.6952363090772693 0.53175 0.07539384846211553 0.1075
0 0.7469992498124531 0.41375 0.0918979744936234 0.1005
0 0.8351462865716429 0.4165 0.07689422355588897 0.113
0 0.8492123030757689 0.50125 0.07876969242310577 0.1075
0 0.7715678919729932 0.52525 0.08327081770442611 0.1045
0 0.7387471867966992 0.61925 0.07539384846211553 0.1095
0 0.8070142535633908 0.621 0.07689422355588897 0.097
0 0.8921605401350338 0.60225 0.07689422355588897 0.1135
0 0.7303075768942235 0.73675 0.07801950487621906 0.1035
0 0.799324831207802 0.72225 0.07876969242310577 0.1085
0 0.8863465866466617 0.71425 0.08177044261065267 0.0895
