0 0.1609152288072018 0.26775 0.072768192048012 0.0855
0 0.11327831957989497 0.4735 0.07426856714178545 0.083
0 0.10783945986496624 0.56325 0.061140285071267814 0.0765
0 0.2250562640660165 0.17725 0.07051762940735183 0.0945
0 0.18323330832708176 0.34275 0.07614403600900226 0.0925
0 0.10390097524381095 0.66925 0.05701425356339085 0.0765
0 0.20555138784696175 0.41525 0.06301575393848462 0.0715
0 0.24849962490622657 0.2645 0.06489122280570142 0.086
0 0.29763690922730685 0.19 0.06339084771192798 0.087
0 0.3734058514628657 0.12225 0.06789197299324831 0.0915
0 0.3555888972243061 0.21725 0.06451612903225806 0.0915
0 0.4174793698424606 0.23275 0.06601650412603151 0.0935
0 0.4397974493623406 0.161 0.059639909977494375 0.08
0 0.5033758439609902 0.15575 0.06001500375093773 0.0805
0 0.5515753938484621 0.0935 0.0671417854463616 0.08
0 0.6519129782445612 0.1135 0.06451612903225806 0.083
0 0.48105776444111026 0.234 0.061140285071267814 0.077
0 0.44898724681170293 0.3135 0.0555138784696174 0.074
0 0.28394598649662417 0.33925 0.05926481620405101 0.0755
0 0.3184546136534134 0.27075 0.056264066016504126 0.0775
0 0.3709677419354839 0.31075 0.056264066016504126 0.0785
0 0.10896474118529632 0.756 0.06339084771192798 0.07
0 0.145536384096024 0.82825 0.0622655663915979 0.0805
0 0.16916729182295573 0.73975 0.07051762940735183 0.0685
0 0.14403600900225055 0.62425 0.06676669167291822 0.0745
0 0.19954988747186797 0.57375 0.06451612903225806 0.0825
0 0.2078019504876219 0.69175 0.06376594148537135 0.0725
0 0.20536384096024007 0.84975 0.06939234808702176 0.1035
0 0.2700675168792198 0.7205 0.05401350337584396 0.063
0 0.29257314328582146 0.788 0.04951237809452363 0.07
0 0.26294073518379596 0.86175 0.05101275318829707 0.0685
0 0.31357839459864967 0.86725 0.05776444111027757 0.0615
0 0.1980495123780945 0.46175 0.05476369092273068 0.0695
0 0.25056264066016504 0.4705 0.056264066016504126 0.071
0 0.2880720180045011 0.41625 0.06376594148537135 0.0775
0 0.1723555888972243 0.58975 0.03488372093023256 0.0515
0 0.2717554388597149 0.55375 0.07014253563390847 0.0925
0 0.34058514628657166 0.39825 0.06451612903225806 0.0755
0 0.3169542385596399 0.48975 0.0622655663915979 0.0775
0 0.2672543135783946 0.61 0.0641410352588147 0.06
0 0.3158289572393098 0.7345 0.06376594148537135 0.067
0 0.3430232558139535 0.7845 0.05588897224306077 0.061
0 0.36552888222055513 0.882 0.05738934733683421 0.069
0 0.33083270817704424 0.5885 0.051762940735183796 0.072
0 0.31957989497374345 0.641 0.05776444111027757 0.065
0 0.36159039759939987 0.677 0.06001500375093773 0.071
0 0.37696924231057766 0.74025 0.05701425356339085 0.0625
0 0.404351087771943 0.39775 0.056264066016504126 0.0835
0 0.38372093023255816 0.45875 0.05776444111027757 0.0785
0 0.36440360090022506 0.5235 0.05138784696174044 0.069
0 0.3968492123030758 0.596 0.06001500375093773 0.082
0 0.4281695423855964 0.652 0.05288822205551388 0.064
0 0.42966991747936983 0.76825 0.06339084771192798 0.0715
0 0.4214178544636159 0.812 0.05813953488372093 0.057
0 0.4109152288072018 0.53875 0.0708927231807952 0.0715
0 0.4375468867216804 0.4765 0.0603900975243811 0.083
0 0.4654913728432108 0.384 0.051762940735183796 0.072
0 0.4568642160540135 0.585 0.05776444111027757 0.069
0 0.48124531132783194 0.6955 0.056264066016504126 0.069
0 0.4797449362340585 0.76075 0.04876219054763691 0.0655
0 0.5288822205551388 0.7665 0.05026256564141035 0.057
0 0.5371342835708928 0.71675 0.06601650412603151 0.0555
0 0.49793698424606153 0.6255 0.0536384096024006 0.073
0 0.48443360840210054 0.5195 0.055138784696174045 0.072
0 0.5296324081020255 0.55775 0.05701425356339085 0.0835
0 0.508814703675919 0.29875 0.0671417854463616 0.0805
0 0.5602025506376594 0.17975 0.061140285071267814 0.0845
0 0.5620780195048762 0.26125 0.061890472618154536 0.0825
0 0.5723930982745686 0.33525 0.0622655663915979 0.0785
0 0.5161290322580645 0.38175 0.06676669167291822 0.0895
0 0.504688672168042 0.43875 0.05288822205551388 0.0685
0 0.5530757689422355 0.48675 0.05588897224306077 0.0715
0 0.5609527381845462 0.63175 0.059639909977494375 0.0775
0 0.5941485371342836 0.68625 0.051762940735183796 0.0715
0 0.5905851462865717 0.762 0.05588897224306077 0.074
0 0.6035258814703676 0.5055 0.05326331582895724 0.072
0 0.5647036759189797 0.41175 0.05288822205551388 0.0745
0 0.6224681170292573 0.20125 0.06564141035258815 0.0885
0 0.7143660915228808 0.149 0.061140285071267814 0.083
0 0.6999249812453113 0.222 0.0622655663915979 0.091
0 0.6155288822205551 0.28625 0.05476369092273068 0.0775
0 0.6556639159789948 0.3465 0.06526631657914479 0.093
0 0.6290322580645161 0.4255 0.05701425356339085 0.083
0 0.6558514628657164 0.48225 0.05813953488372093 0.0745
0 0.6429107276819205 0.569 0.06376594148537135 0.069
0 0.6468492123030758 0.6515 0.0603900975243811 0.085
0 0.6357839459864967 0.71725 0.05926481620405101 0.0525
0 0.6931732933233309 0.7045 0.05776444111027757 0.089
0 0.6986121530382595 0.54625 0.06339084771192798 0.0755
0 0.6896099024756189 0.615 0.06339084771192798 0.068
0 0.7413728432108027 0.66175 0.05288822205551388 0.0865
0 0.7610652663165791 0.19125 0.06376594148537135 0.0925
0 0.6986121530382595 0.30625 0.06264066016504126 0.0815
0 0.7051762940735183 0.3845 0.06601650412603151 0.077
0 0.718304576144036 0.45825 0.06301575393848462 0.0805
0 0.7385596399099775 0.5115 0.05026256564141035 0.074
0 0.7402475618904726 0.58175 0.05738934733683421 0.0665
0 0.7996999249812453 0.639 0.0622655663915979 0.068
0 0.8049512378094523 0.5625 0.05776444111027757 0.077
0 0.8454613653413353 0.6025 0.05401350337584396 0.068
0 0.7608777194298575 0.391 0.061140285071267814 0.076
0 0.7584396099024756 0.31725 0.058514628657164294 0.0775
0 0.8027006751687922 0.2475 0.06376594148537135 0.077
0 0.859152288072018 0.286 0.05888972243060765 0.083
0 0.8122655663915979 0.34475 0.0603900975243811 0.0785
0 0.8032633158289573 0.47575 0.06339084771192798 0.0845
0 0.8443360840210052 0.41275 0.05476369092273068 0.0835
0 0.9197299324831207 0.351 0.06001500375093773 0.071
0 0.8979744936234059 0.42875 0.05401350337584396 0.0735
0 0.8606526631657915 0.50125 0.05813953488372093 0.0785
0 0.9066016504126031 0.49475 0.05401350337584396 0.0785
0 0.8998499624906227 0.5715 0.06151537884471118 0.081
