0 0.25 0.1295 0.052138034508627154 0.076
0 0.2357464366091523 0.2695 0.05138784696174044 0.072
0 0.28244561140285074 0.2255 0.04876219054763691 0.073
0 0.3175168792198049 0.1715 0.04913728432108027 0.069
0 0.336271567891973 0.23525 0.046136534133533386 0.0715
0 0.3623405851462866 0.1775 0.04951237809452363 0.07
0 0.38540885221305327 0.1355 0.05138784696174044 0.072
0 0.3992873218304576 0.2085 0.04988747186796699 0.071
0 0.4347336834208552 0.0915 0.056264066016504126 0.068
0 0.4341710427606902 0.15875 0.05138784696174044 0.0735
0 0.46211552888222057 0.22725 0.04876219054763691 0.0765
0 0.4789947486871718 0.122 0.0555138784696174 0.08
0 0.5067516879219804 0.18075 0.05251312828207052 0.0705
0 0.5125656414103525 0.245 0.04838709677419355 0.07
0 0.49849962490622657 0.314 0.051762940735183796 0.08
0 0.4435483870967742 0.3195 0.05438859714928732 0.073
0 0.4028507126781695 0.2875 0.05401350337584396 0.067
0 0.3463990997749437 0.293 0.05738934733683421 0.07
0 0.3100150037509377 0.27925 0.043135783945986494 0.0705
0 0.2374343585896474 0.3455 0.05026256564141035 0.069
0 0.2854463615903976 0.36825 0.04876219054763691 0.0735
0 0.32633158289572395 0.38425 0.04801200300075019 0.0655
0 0.3899099774943736 0.3685 0.047636909227306824 0.067
0 0.39403600900225055 0.42275 0.050637659414853715 0.0605
0 0.4476744186046512 0.396 0.04988747186796699 0.067
0 0.4943735933983496 0.3845 0.051762940735183796 0.068
0 0.5527006751687922 0.33775 0.04838709677419355 0.0715
0 0.5067516879219804 0.45175 0.05251312828207052 0.0685
0 0.5465116279069767 0.47125 0.04876219054763691 0.0745
0 0.5712678169542386 0.42425 0.051762940735183796 0.0695
0 0.5575768942235559 0.53675 0.04913728432108027 0.0635
0 0.5241935483870968 0.58225 0.04388597149287322 0.0645
0 0.4782445611402851 0.58125 0.04576144036009002 0.0705
0 0.4602400600150037 0.509 0.04801200300075019 0.058
0 0.4442985746436609 0.4585 0.050637659414853715 0.069
0 0.4180420105026257 0.48975 0.04688672168042011 0.0625
0 0.4291072768192048 0.5475 0.04801200300075019 0.06
0 0.38972243060765194 0.53275 0.03975993998499625 0.0635
0 0.35352588147036756 0.486 0.04463615903975994 0.058
0 0.3467741935483871 0.515 0.04388597149287322 0.055
0 0.2955738934733683 0.56375 0.04876219054763691 0.0565
0 0.3242685671417854 0.62 0.04538634658664666 0.06
0 0.36627906976744184 0.59175 0.04838709677419355 0.0585
0 0.29182295573893474 0.46525 0.0450112528132033 0.0635
0 0.27438109527381843 0.507 0.04388597149287322 0.061
0 0.2558139534883721 0.41675 0.04876219054763691 0.0625
0 0.20442610652663165 0.404 0.04951237809452363 0.06
0 0.19879969992498125 0.4525 0.04351087771942986 0.058
0 0.22243060765191297 0.498 0.042010502625656414 0.062
0 0.14759939984996248 0.4635 0.05138784696174044 0.056
0 0.1839834958739685 0.4975 0.046136534133533386 0.059
0 0.20086271567891972 0.55225 0.04463615903975994 0.0585
0 0.2469992498124531 0.561 0.043135783945986494 0.059
0 0.25 0.606 0.047636909227306824 0.064
0 0.18510877719429858 0.6405 0.04838709677419355 0.053
0 0.20705176294073518 0.6945 0.04576144036009002 0.054
0 0.23499624906226557 0.7325 0.05138784696174044 0.052
0 0.2785071267816954 0.7185 0.04688672168042011 0.056
0 0.2644411102775694 0.666 0.05026256564141035 0.055
0 0.25637659414853714 0.77675 0.04463615903975994 0.0605
0 0.2914478619654914 0.7645 0.04876219054763691 0.048
0 0.28488372093023256 0.81425 0.03938484621155289 0.0525
0 0.31807951987997 0.8095 0.04876219054763691 0.047
0 0.3493998499624906 0.777 0.04088522130532633 0.052
0 0.3531507876969242 0.83925 0.046136534133533386 0.0535
0 0.3055138784696174 0.86975 0.04988747186796699 0.0585
0 0.34508627156789196 0.8955 0.04426106526631658 0.057
0 0.3857839459864966 0.8695 0.04538634658664666 0.05
0 0.3934733683420855 0.8205 0.0450112528132033 0.055
0 0.4291072768192048 0.84175 0.04276069017254314 0.0505
0 0.46830457614403603 0.86675 0.05138784696174044 0.0605
0 0.3929107276819205 0.77075 0.052138034508627154 0.0525
0 0.43267066766691675 0.748 0.043135783945986494 0.068
0 0.4585521380345086 0.7815 0.052138034508627154 0.055
0 0.43023255813953487 0.79525 0.04276069017254314 0.0485
0 0.49287321830457614 0.8135 0.04126031507876969 0.059
0 0.5285071267816954 0.822 0.047261815453863466 0.059
0 0.5570142535633908 0.779 0.04876219054763691 0.048
0 0.5830832708177044 0.80375 0.04838709677419355 0.0525
0 0.5106901725431358 0.756 0.04988747186796699 0.048
0 0.4943735933983496 0.7255 0.047261815453863466 0.053
0 0.4518004501125281 0.6935 0.050637659414853715 0.053
0 0.33964741185296327 0.71975 0.04688672168042011 0.0555
0 0.31976744186046513 0.6685 0.04913728432108027 0.05
0 0.3649662415603901 0.67 0.04576144036009002 0.053
0 0.39497374343585895 0.70375 0.04876219054763691 0.0515
0 0.4118529632408102 0.65675 0.04576144036009002 0.0505
0 0.436046511627907 0.60975 0.04463615903975994 0.0565
0 0.4761815453863466 0.638 0.04238559639909977 0.054
0 0.5247561890472618 0.64275 0.0450112528132033 0.0575
0 0.5331957989497375 0.67775 0.04688672168042011 0.0495
0 0.5684546136534133 0.646 0.05138784696174044 0.063
0 0.5812078019504876 0.58775 0.052138034508627154 0.0595
0 0.581020255063766 0.70975 0.05326331582895724 0.0595
0 0.6262190547636909 0.78025 0.046136534133533386 0.0585
0 0.6629782445611403 0.76425 0.04538634658664666 0.0565
0 0.7034883720930233 0.7775 0.036384096024006 0.058
0 0.7196174043510878 0.7385 0.05288822205551388 0.061
0 0.7458739684921231 0.75675 0.03788447111777944 0.0465
0 0.7436234058514629 0.67075 0.04463615903975994 0.0525
0 0.7061140285071268 0.65875 0.04538634658664666 0.0595
0 0.6196549137284321 0.7065 0.047261815453863466 0.06
0 0.6474118529632408 0.68575 0.05026256564141035 0.0515
0 0.6564141035258815 0.63725 0.05401350337584396 0.0555
0 0.7636909227306826 0.63575 0.05026256564141035 0.0585
0 0.6290322580645161 0.5725 0.04576144036009002 0.06
0 0.6749812453113279 0.5615 0.055138784696174045 0.063
0 0.7184921230307577 0.5885 0.04913728432108027 0.065
0 0.7623780945236309 0.56375 0.050637659414853715 0.0605
0 0.8010127531882971 0.55025 0.046136534133533386 0.0505
0 0.7996999249812453 0.48575 0.05026256564141035 0.0585
0 0.7348087021755438 0.49625 0.04801200300075019 0.0685
0 0.6911102775693924 0.49875 0.04988747186796699 0.0625
0 0.596211552888222 0.48625 0.04688672168042011 0.0585
0 0.6342835708927231 0.514 0.05101275318829707 0.068
0 0.636721680420105 0.44375 0.047636909227306824 0.0655
0 0.691297824456114 0.43275 0.0555138784696174 0.0605
0 0.7370592648162041 0.4225 0.047261815453863466 0.071
0 0.7818829707426856 0.436 0.04538634658664666 0.067
0 0.6108402100525131 0.37575 0.052138034508627154 0.0515
0 0.5963990997749438 0.31825 0.046511627906976744 0.0745
0 0.6397224306076519 0.32275 0.04688672168042011 0.0755
0 0.6785446361590397 0.369 0.05251312828207052 0.072
0 0.7198049512378094 0.32725 0.05701425356339085 0.0675
0 0.758252063015754 0.3255 0.04838709677419355 0.065
0 0.7788822205551388 0.371 0.050637659414853715 0.066
0 0.8143285821455364 0.3915 0.04801200300075019 0.06
0 0.8426481620405101 0.33975 0.05138784696174044 0.0625
0 0.7618154538634658 0.25 0.056264066016504126 0.071
0 0.8229557389347337 0.27175 0.06301575393848462 0.0725
0 0.8079519879969993 0.21125 0.058514628657164294 0.0645
0 0.6869842460615154 0.283 0.0536384096024006 0.072
0 0.7162415603900976 0.22475 0.05438859714928732 0.0735
0 0.7291822955738935 0.13925 0.05326331582895724 0.0785
0 0.7548762190547637 0.18125 0.05288822205551388 0.0785
0 0.6644786196549137 0.1535 0.05738934733683421 0.078
0 0.6104651162790697 0.13925 0.05138784696174044 0.0715
0 0.5549512378094523 0.1615 0.05288822205551388 0.075
0 0.6046511627906976 0.19875 0.06301575393848462 0.0685
0 0.6277194298574643 0.246 0.05738934733683421 0.067
0 0.5654538634658665 0.25075 0.05438859714928732 0.0685
