0 0.12884471117779445 0.78425 0.05138784696174044 0.0705
0 0.16522880720180044 0.83375 0.046136534133533386 0.0645
0 0.18529632408102026 0.76775 0.05476369092273068 0.0705
0 0.22955738934733683 0.795 0.06376594148537135 0.078
0 0.299887471867967 0.72925 0.056639159789947484 0.0635
0 0.3565266316579145 0.759 0.056639159789947484 0.05
0 0.35502625656414105 0.72375 0.04988747186796699 0.0715
0 0.409039759939985 0.72325 0.04838709677419355 0.0745
0 0.4527381845461365 0.702 0.04801200300075019 0.057
0 0.4894973743435859 0.729 0.04576144036009002 0.061
0 0.1264066016504126 0.711 0.05401350337584396 0.078
0 0.14984996249062266 0.6945 0.05588897224306077 0.089
0 0.18323330832708176 0.63125 0.06264066016504126 0.0655
0 0.21211552888222054 0.705 0.05588897224306077 0.063
0 0.2614403600900225 0.62675 0.05926481620405101 0.0675
0 0.3058889722430608 0.65875 0.0536384096024006 0.0725
0 0.36346586646661666 0.6345 0.04951237809452363 0.066
0 0.3141410352588147 0.5845 0.04913728432108027 0.066
0 0.24962490622655664 0.571 0.06489122280570142 0.06
0 0.18248312078019505 0.53725 0.052138034508627154 0.0785
0 0.11552888222055514 0.586 0.06376594148537135 0.076
0 0.12715678919729934 0.62575 0.051762940735183796 0.0485
0 0.12490622655663916 0.496 0.0690172543135784 0.077
0 0.16710427606901726 0.43825 0.07014253563390847 0.0885
0 0.23593398349587397 0.41075 0.0690172543135784 0.0815
0 0.24887471867966993 0.475 0.05588897224306077 0.071
0 0.2991372843210803 0.52025 0.059639909977494375 0.0715
0 0.3285821455363841 0.45225 0.051762940735183796 0.0755
0 0.3049512378094524 0.383 0.0622655663915979 0.078
0 0.20723930982745686 0.319 0.0641410352588147 0.087
0 0.2605026256564141 0.298 0.07614403600900226 0.097
0 0.3090772693173293 0.2335 0.07876969242310577 0.086
0 0.33964741185296327 0.323 0.05738934733683421 0.088
0 0.38297074268567144 0.37425 0.05401350337584396 0.0725
0 0.4069767441860465 0.31425 0.05101275318829707 0.0715
0 0.3765941485371343 0.45525 0.04876219054763691 0.0795
0 0.42610652663165793 0.4075 0.05026256564141035 0.072
0 0.42779444861215304 0.47825 0.04988747186796699 0.0715
0 0.3831582895723931 0.51925 0.056639159789947484 0.0625
0 0.39591147786946734 0.5765 0.05588897224306077 0.058
0 0.41410352588147037 0.64125 0.05476369092273068 0.0645
0 0.45461365341335336 0.58875 0.05251312828207052 0.0555
0 0.5071267816954238 0.58675 0.05401350337584396 0.0655
0 0.4780570142535634 0.64625 0.04538634658664666 0.0615
0 0.5328207051762941 0.71575 0.0536384096024006 0.0735
0 0.5476369092273068 0.62925 0.05101275318829707 0.0625
0 0.5888972243060765 0.679 0.04276069017254314 0.063
0 0.5858964741185296 0.59475 0.04801200300075019 0.0655
0 0.5920855213803451 0.52925 0.04538634658664666 0.0645
0 0.4759939984996249 0.52 0.051762940735183796 0.061
0 0.5193173293323331 0.5235 0.04838709677419355 0.066
0 0.5603900975243811 0.4685 0.051762940735183796 0.072
0 0.4831207801950488 0.44875 0.05101275318829707 0.0585
0 0.5045011252813203 0.39575 0.05026256564141035 0.0625
0 0.5742685671417854 0.40875 0.05701425356339085 0.0805
0 0.6052138034508627 0.4285 0.046136534133533386 0.064
0 0.45986496624156037 0.34375 0.05476369092273068 0.0725
0 0.5211927981995499 0.32975 0.050637659414853715 0.0665
0 0.5885221305326331 0.343 0.05326331582895724 0.071
0 0.42273068267066766 0.213 0.06301575393848462 0.079
0 0.4711177794448612 0.2655 0.0690172543135784 0.092
0 0.49531132783195797 0.17575 0.06639159789947487 0.0855
0 0.5384471117779445 0.23725 0.05738934733683421 0.0835
0 0.5609527381845462 0.1855 0.04988747186796699 0.088
0 0.5618904726181545 0.28225 0.056264066016504126 0.0775
0 0.626781695423856 0.289 0.046511627906976744 0.079
0 0.6663540885221305 0.20475 0.06939234808702176 0.0945
0 0.7012378094523631 0.277 0.050637659414853715 0.075
0 0.7248687171792948 0.30925 0.04688672168042011 0.0745
0 0.7383720930232558 0.23925 0.052138034508627154 0.0585
0 0.763503375843961 0.18125 0.04238559639909977 0.0725
0 0.7974493623405852 0.2315 0.051762940735183796 0.071
0 0.863278319579895 0.201 0.06489122280570142 0.068
0 0.777006751687922 0.306 0.04688672168042011 0.069
0 0.7349962490622656 0.377 0.050637659414853715 0.064
0 0.6663540885221305 0.3915 0.07164291072768192 0.083
0 0.7333083270817704 0.43575 0.042010502625656414 0.0645
0 0.6815453863465867 0.463 0.046511627906976744 0.061
0 0.6370967741935484 0.485 0.055138784696174045 0.067
0 0.6659789947486872 0.5335 0.043135783945986494 0.063
0 0.707801950487622 0.515 0.04426106526631658 0.063
0 0.7586271567891973 0.50625 0.04388597149287322 0.0585
0 0.79576144036009 0.4555 0.04538634658664666 0.057
0 0.6438484621155289 0.58875 0.05138784696174044 0.0575
0 0.6430982745686422 0.64475 0.038634658664666165 0.0565
0 0.6370967741935484 0.6895 0.04013503375843961 0.048
0 0.6794823705926482 0.74825 0.043135783945986494 0.0535
0 0.7158664666166542 0.72975 0.04088522130532633 0.0535
0 0.7548762190547637 0.774 0.04988747186796699 0.054
0 0.8220180045011253 0.76925 0.04463615903975994 0.0645
0 0.859152288072018 0.74725 0.043135783945986494 0.0545
0 0.8205176294073518 0.67775 0.043135783945986494 0.0625
0 0.7327456864216054 0.6645 0.04688672168042011 0.065
0 0.7539384846211553 0.677 0.0450112528132033 0.058
0 0.7304951237809453 0.587 0.04838709677419355 0.062
0 0.7479369842460615 0.61125 0.04126031507876969 0.0515
0 0.7925731432858214 0.5745 0.04126031507876969 0.067
0 0.8463990997749438 0.62225 0.050637659414853715 0.0685
0 0.9242310577644411 0.82525 0.0555138784696174 0.0635
0 0.9311702925731433 0.748 0.04463615903975994 0.076
0 0.885596399099775 0.59425 0.03600900225056264 0.0655
0 0.9073518379594899 0.6305 0.03675918979744936 0.063
0 0.8475243810952738 0.46375 0.04688672168042011 0.0665
0 0.8917854463615904 0.45025 0.047636909227306824 0.0685
0 0.8223930982745686 0.395 0.046136534133533386 0.075
0 0.8752813203300825 0.34775 0.05138784696174044 0.0735
