0 0.11384096024006002 0.411 0.03338334583645911 0.048
0 0.1159039759939985 0.4485 0.03375843960990248 0.037
0 0.1522880720180045 0.42925 0.030007501875468866 0.0435
0 0.15060015003750937 0.46725 0.030382595648912228 0.0415
0 0.1798574643660915 0.47325 0.03113278319579895 0.0385
0 0.20273818454613654 0.5 0.034133533383345835 0.046
0 0.20967741935483872 0.4565 0.03225806451612903 0.043
0 0.1858589647411853 0.413 0.029632408102025505 0.036
0 0.12809452363090773 0.3715 0.02738184546136534 0.043
0 0.1706676669167292 0.3695 0.0277569392348087 0.041
0 0.19767441860465115 0.37325 0.03225806451612903 0.0365
0 0.17123030757689423 0.31775 0.03188297074268567 0.0475
0 0.19579894973743436 0.338 0.03150787696924231 0.038
0 0.22861965491372843 0.345 0.032633158289572396 0.041
0 0.20836459114778694 0.3025 0.03188297074268567 0.039
0 0.23799699924981246 0.3905 0.03488372093023256 0.044
0 0.2115528882220555 0.409 0.028507126781695424 0.047
0 0.23443360840210054 0.43825 0.03225806451612903 0.0435
0 0.23518379594898725 0.48625 0.03375843960990248 0.0485
0 0.15266316579144787 0.5095 0.033008252063015754 0.041
0 0.1140285071267817 0.52525 0.033008252063015754 0.0445
0 0.1436609152288072 0.549 0.033008252063015754 0.048
0 0.1704801200300075 0.5625 0.034133533383345835 0.039
0 0.19298574643660915 0.592 0.03488372093023256 0.038
0 0.1639159789947487 0.59025 0.03375843960990248 0.0325
0 0.1168417104276069 0.59225 0.029632408102025505 0.0445
0 0.1774193548387097 0.6395 0.03675918979744936 0.039
0 0.2117404351087772 0.6575 0.03188297074268567 0.039
0 0.23930982745686422 0.649 0.0345086271567892 0.038
0 0.2653788447111778 0.66675 0.034133533383345835 0.0435
0 0.26894223555888974 0.62475 0.03375843960990248 0.0435
0 0.29444861215303825 0.646 0.0345086271567892 0.044
0 0.31189047261815456 0.674 0.030382595648912228 0.036
0 0.30963990997749435 0.61375 0.032633158289572396 0.0335
0 0.2843210802700675 0.59 0.024006001500375095 0.038
0 0.2308702175543886 0.61175 0.02738184546136534 0.0365
0 0.2280570142535634 0.56375 0.03225806451612903 0.0265
0 0.2423105776444111 0.588 0.0345086271567892 0.044
0 0.195423855963991 0.5395 0.03375843960990248 0.047
0 0.23012003000750186 0.52825 0.03188297074268567 0.0425
0 0.25787696924231057 0.551 0.03188297074268567 0.036
0 0.27438109527381843 0.50175 0.03113278319579895 0.0445
0 0.29576144036009 0.55525 0.02738184546136534 0.0395
0 0.31357839459864967 0.566 0.029257314328582147 0.044
0 0.34658664666166544 0.5935 0.033008252063015754 0.038
0 0.36946736684171044 0.5755 0.0277569392348087 0.043
0 0.3471492873218305 0.555 0.028882220555138786 0.035
0 0.3285821455363841 0.5295 0.02250562640660165 0.029
0 0.2996999249812453 0.5165 0.029257314328582147 0.045
0 0.2856339084771193 0.463 0.03338334583645911 0.034
0 0.3175168792198049 0.46975 0.03563390847711928 0.0395
0 0.32539384846211555 0.503 0.02663165791447862 0.034
0 0.34621155288822203 0.5185 0.0277569392348087 0.039
0 0.3765941485371343 0.5205 0.03150787696924231 0.043
0 0.3554013503375844 0.48025 0.03488372093023256 0.0415
0 0.382033008252063 0.484 0.028132033008252063 0.042
0 0.33645911477869467 0.6445 0.03150787696924231 0.043
0 0.35783945986496624 0.636 0.03075768942235559 0.044
0 0.3430232558139535 0.68675 0.032633158289572396 0.0465
0 0.31957989497374345 0.7175 0.030007501875468866 0.039
0 0.29669917479369845 0.737 0.02625656414103526 0.048
0 0.26387846961740435 0.744 0.03788447111777944 0.048
0 0.24981245311327832 0.779 0.03075768942235559 0.042
0 0.2413728432108027 0.7115 0.03188297074268567 0.035
0 0.19748687171792947 0.718 0.03788447111777944 0.046
0 0.29013503375843963 0.7845 0.03188297074268567 0.047
0 0.3036384096024006 0.8135 0.036384096024006 0.049
0 0.3216429107276819 0.843 0.037134283570892726 0.04
0 0.32614403600900227 0.76225 0.029632408102025505 0.0425
0 0.3420855213803451 0.74575 0.03150787696924231 0.0375
0 0.3524006001500375 0.7965 0.03113278319579895 0.045
0 0.36834208552138037 0.77575 0.03225806451612903 0.0425
0 0.36609152288072017 0.71825 0.033008252063015754 0.0425
0 0.3794073518379595 0.814 0.034133533383345835 0.042
0 0.4064141035258815 0.82475 0.025131282820705175 0.0385
0 0.40660165041260315 0.84425 0.03150787696924231 0.0285
0 0.436609152288072 0.86375 0.035258814703675916 0.0435
0 0.4611777944486122 0.8255 0.023630907726931733 0.037
0 0.4214178544636159 0.7895 0.023630907726931733 0.048
0 0.39572393098274566 0.7735 0.0277569392348087 0.047
0 0.39722430607651915 0.7355 0.03075768942235559 0.044
0 0.43717179294823705 0.74425 0.032633158289572396 0.0405
0 0.44711177794448614 0.79225 0.0277569392348087 0.0475
0 0.47355588897224304 0.7685 0.03188297074268567 0.047
0 0.481807951987997 0.8165 0.03113278319579895 0.038
0 0.42516879219804954 0.7065 0.028882220555138786 0.043
0 0.40003750937734434 0.68925 0.03113278319579895 0.0415
0 0.37959489872468116 0.6655 0.03150787696924231 0.037
0 0.4086646661665416 0.659 0.028882220555138786 0.042
0 0.4013503375843961 0.61575 0.033008252063015754 0.0395
0 0.4234808702175544 0.59175 0.03225806451612903 0.0435
0 0.44111027756939236 0.62925 0.025506376594148537 0.0375
0 0.44711177794448614 0.67475 0.035258814703675916 0.0445
0 0.4694298574643661 0.721 0.032633158289572396 0.05
0 0.41260315078769694 0.5575 0.033008252063015754 0.039
0 0.4060390097524381 0.5185 0.028132033008252063 0.038
0 0.43885971492873216 0.54075 0.030007501875468866 0.0395
0 0.4611777944486122 0.51 0.03488372093023256 0.044
0 0.47749437359339836 0.54575 0.033008252063015754 0.0465
0 0.4146661665416354 0.47675 0.03188297074268567 0.0445
0 0.2678169542385596 0.425 0.030007501875468866 0.036
0 0.2920105026256564 0.4265 0.02738184546136534 0.039
0 0.2608777194298575 0.36375 0.025881470367591898 0.0385
0 0.28863465866466614 0.38875 0.03188297074268567 0.0385
0 0.31714178544636157 0.3965 0.03338334583645911 0.039
0 0.34077269317329334 0.425 0.03188297074268567 0.04
0 0.20086271567891972 0.26725 0.02663165791447862 0.0415
0 0.21999249812453114 0.234 0.028882220555138786 0.047
0 0.24756189047261815 0.265 0.030007501875468866 0.04
0 0.2785071267816954 0.279 0.029632408102025505 0.036
0 0.2636909227306827 0.32325 0.023255813953488372 0.0425
0 0.2891972993248312 0.3515 0.03375843960990248 0.037
0 0.313390847711928 0.32 0.028132033008252063 0.042
0 0.33233308327081773 0.365 0.03600900225056264 0.045
0 0.30776444111027756 0.2675 0.032633158289572396 0.043
0 0.33739684921230306 0.2875 0.030382595648912228 0.041
0 0.34846211552888223 0.32725 0.03225806451612903 0.0415
0 0.36440360090022506 0.35875 0.032633158289572396 0.0425
0 0.3756564141035259 0.4145 0.03488372093023256 0.049
0 0.3705926481620405 0.2865 0.03150787696924231 0.037
0 0.3962865716429107 0.309 0.032633158289572396 0.03
0 0.39309827456864216 0.348 0.03150787696924231 0.041
0 0.4206676669167292 0.35475 0.02738184546136534 0.0365
0 0.4373593398349587 0.37275 0.028507126781695424 0.0385
0 0.39309827456864216 0.3875 0.03225806451612903 0.035
0 0.4157914478619655 0.38875 0.02138034508627157 0.0385
0 0.43042010502625655 0.40875 0.03113278319579895 0.0375
0 0.4028507126781695 0.424 0.03075768942235559 0.044
0 0.45648912228057015 0.447 0.0345086271567892 0.044
0 0.481807951987997 0.47075 0.03338334583645911 0.0425
0 0.5093773443360841 0.50125 0.0277569392348087 0.0435
0 0.4939984996249062 0.521 0.024756189047261814 0.036
0 0.45986496624156037 0.404 0.03075768942235559 0.04
0 0.49174793698424607 0.41175 0.03375843960990248 0.0405
0 0.514066016504126 0.4435 0.03113278319579895 0.041
0 0.4831207801950488 0.3685 0.028507126781695424 0.037
0 0.44804951237809454 0.33425 0.032633158289572396 0.0395
0 0.4315453863465866 0.30925 0.025131282820705175 0.0405
0 0.4587396849212303 0.29625 0.029257314328582147 0.0415
0 0.48499624906226557 0.3325 0.025506376594148537 0.039
0 0.4915603900975244 0.29575 0.025881470367591898 0.0395
0 0.5142535633908477 0.30125 0.024756189047261814 0.0395
0 0.5136909227306826 0.34375 0.028132033008252063 0.0385
0 0.5166916729182296 0.388 0.028132033008252063 0.04
0 0.5378844711177795 0.411 0.03075768942235559 0.046
0 0.5480120030007501 0.361 0.03375843960990248 0.046
0 0.5418229557389347 0.32575 0.02663165791447862 0.0415
0 0.5660165041260315 0.30275 0.03225806451612903 0.0405
0 0.568642160540135 0.35275 0.025506376594148537 0.0385
0 0.5071267816954238 0.5605 0.030007501875468866 0.035
0 0.5226931732933233 0.601 0.036384096024006 0.043
0 0.5367591897974494 0.5695 0.03075768942235559 0.041
0 0.5491372843210802 0.60525 0.02625656414103526 0.0405
0 0.4529257314328582 0.60275 0.03188297074268567 0.0335
0 0.4701800450112528 0.6345 0.03563390847711928 0.038
0 0.5065641410352588 0.637 0.03188297074268567 0.041
0 0.5393848462115529 0.64525 0.03150787696924231 0.0395
0 0.4759939984996249 0.674 0.03150787696924231 0.044
0 0.4949362340585146 0.6975 0.03113278319579895 0.037
0 0.504688672168042 0.72875 0.03488372093023256 0.0445
0 0.49549887471867965 0.7635 0.02175543885971493 0.043
0 0.5290697674418605 0.76225 0.028882220555138786 0.0365
0 0.5241935483870968 0.693 0.028132033008252063 0.052
0 0.5543885971492873 0.72425 0.030007501875468866 0.0395
0 0.5084396099024756 0.8035 0.028132033008252063 0.041
0 0.5508252063015754 0.7865 0.04013503375843961 0.045
0 0.5845836459114778 0.78925 0.034133533383345835 0.0325
0 0.6256564141035259 0.779 0.03150787696924231 0.036
0 0.5660165041260315 0.7425 0.033008252063015754 0.041
0 0.578019504876219 0.71275 0.0277569392348087 0.0425
0 0.6016504126031508 0.74275 0.03150787696924231 0.0395
0 0.6483495873968492 0.74675 0.032633158289572396 0.0375
0 0.6280945236309077 0.71675 0.028132033008252063 0.0385
0 0.5731432858214554 0.6715 0.029257314328582147 0.034
0 0.5975243810952738 0.6795 0.03075768942235559 0.033
0 0.6470367591897974 0.683 0.037509377344336084 0.04
0 0.6695423855963991 0.716 0.03975993998499625 0.042
0 0.6770442610652663 0.67125 0.029257314328582147 0.0405
0 0.6076519129782446 0.64725 0.03150787696924231 0.0335
0 0.5798949737434359 0.637 0.0345086271567892 0.036
0 0.5952738184546137 0.60875 0.03375843960990248 0.0395
0 0.5823330832708177 0.57325 0.04013503375843961 0.0435
0 0.5496999249812453 0.53475 0.028882220555138786 0.0415
0 0.5828957239309828 0.5365 0.03600900225056264 0.039
0 0.6190922730682671 0.5815 0.028882220555138786 0.043
0 0.6399099774943736 0.58975 0.030007501875468866 0.0465
0 0.6492873218304576 0.62625 0.03225806451612903 0.0475
0 0.6710427606901725 0.62025 0.02700675168792198 0.0475
0 0.5427606901725431 0.49275 0.033008252063015754 0.0405
0 0.5532633158289573 0.4555 0.03825956489122281 0.039
0 0.5783945986496624 0.4645 0.03075768942235559 0.041
0 0.5782070517629407 0.502 0.034133533383345835 0.04
0 0.6104651162790697 0.504 0.03338334583645911 0.042
0 0.6434733683420856 0.50775 0.037134283570892726 0.0445
0 0.6189047261815454 0.53975 0.033008252063015754 0.0285
0 0.6479744936234059 0.55475 0.032633158289572396 0.0415
0 0.6577269317329333 0.52325 0.025881470367591898 0.0355
0 0.5935858964741185 0.30975 0.029632408102025505 0.0465
0 0.6046511627906976 0.3445 0.02700675168792198 0.04
0 0.594523630907727 0.375 0.03075768942235559 0.029
0 0.5693923480870218 0.388 0.03075768942235559 0.039
0 0.5656414103525882 0.42575 0.030007501875468866 0.0385
0 0.5969617404351087 0.411 0.028882220555138786 0.038
0 0.5995873968492123 0.44675 0.03338334583645911 0.0445
0 0.6237809452363091 0.42575 0.02700675168792198 0.0385
0 0.6357839459864967 0.4595 0.035258814703675916 0.042
0 0.6265941485371342 0.3815 0.03563390847711928 0.039
0 0.6329707426856714 0.3365 0.03113278319579895 0.039
0 0.6301575393848462 0.305 0.030007501875468866 0.03
0 0.6614778694673669 0.33325 0.02738184546136534 0.0385
0 0.6757314328582146 0.30125 0.02663165791447862 0.0365
0 0.6882970742685671 0.34525 0.02625656414103526 0.0465
0 0.6534133533383346 0.36925 0.029257314328582147 0.0375
0 0.6839834958739685 0.3825 0.029632408102025505 0.036
0 0.6507876969242311 0.40875 0.035258814703675916 0.0385
0 0.681357839459865 0.41775 0.03113278319579895 0.0415
0 0.653788447111778 0.44725 0.030007501875468866 0.0445
0 0.6708552138034508 0.48575 0.03338334583645911 0.0425
0 0.6807951987997 0.45875 0.0277569392348087 0.0335
0 0.7033008252063015 0.485 0.029257314328582147 0.038
0 0.700675168792198 0.527 0.03975993998499625 0.04
0 0.7061140285071268 0.566 0.03188297074268567 0.041
0 0.6729182295573893 0.58225 0.028507126781695424 0.0385
0 0.6911102775693924 0.59775 0.03113278319579895 0.0455
0 0.7201800450112528 0.61825 0.03150787696924231 0.0355
0 0.7115528882220555 0.65175 0.03225806451612903 0.0405
0 0.7134283570892723 0.7135 0.03900975243810953 0.049
0 0.7366841710427607 0.68475 0.030007501875468866 0.0425
0 0.7560015003750937 0.69625 0.03188297074268567 0.0375
0 0.7788822205551388 0.6745 0.028132033008252063 0.045
0 0.7426856714178545 0.6415 0.03600900225056264 0.043
0 0.7824456114028507 0.63625 0.0277569392348087 0.0395
0 0.7475618904726181 0.60175 0.029257314328582147 0.0425
0 0.8158289572393098 0.6405 0.03075768942235559 0.041
0 0.799324831207802 0.6075 0.023255813953488372 0.037
0 0.8297074268567142 0.60975 0.03600900225056264 0.0345
0 0.7916354088522131 0.57825 0.028882220555138786 0.0445
0 0.8259564891222806 0.5735 0.04051012753188297 0.043
0 0.8546511627906976 0.58375 0.024381095273818456 0.0435
0 0.7605026256564141 0.5525 0.03563390847711928 0.038
0 0.7295573893473368 0.5455 0.029257314328582147 0.043
0 0.735933983495874 0.50275 0.03075768942235559 0.0455
0 0.77344336084021 0.51825 0.029257314328582147 0.0445
0 0.7807576894223556 0.49575 0.029632408102025505 0.0305
0 0.808702175543886 0.514 0.03225806451612903 0.039
0 0.799324831207802 0.548 0.03075768942235559 0.046
0 0.8338334583645911 0.5445 0.028507126781695424 0.044
0 0.7891972993248312 0.4615 0.030007501875468866 0.043
0 0.7548762190547637 0.463 0.029632408102025505 0.038
0 0.7233683420855214 0.4405 0.03188297074268567 0.041
0 0.7293698424606152 0.4625 0.028882220555138786 0.037
0 0.7387471867966992 0.421 0.03338334583645911 0.03
0 0.7610652663165791 0.4155 0.03075768942235559 0.033
0 0.718304576144036 0.3945 0.024756189047261814 0.048
0 0.7454988747186797 0.3845 0.03563390847711928 0.034
0 0.7284321080270068 0.32825 0.030007501875468866 0.0455
0 0.7445611402850713 0.33375 0.021005251312828207 0.0345
0 0.7584396099024756 0.3505 0.028507126781695424 0.035
0 0.8013878469617405 0.3645 0.02738184546136534 0.037
0 0.791072768192048 0.39175 0.029257314328582147 0.0405
0 0.8304576144036009 0.38 0.024006001500375095 0.04
0 0.8278319579894974 0.42025 0.0277569392348087 0.0385
0 0.8507126781695424 0.4225 0.030007501875468866 0.039
0 0.8734058514628658 0.44525 0.030382595648912228 0.0395
0 0.8561515378844711 0.46625 0.03113278319579895 0.0455
0 0.876781695423856 0.50125 0.03113278319579895 0.0415
0 0.8735933983495874 0.564 0.03075768942235559 0.041
0 0.0995873968492123 0.48975 0.024381095273818456 0.0505
