0 0.12659414853713427 0.31975 0.0536384096024006 0.0775
0 0.16166541635408851 0.27275 0.05476369092273068 0.0705
0 0.22168042010502625 0.303 0.04876219054763691 0.077
0 0.2721305326331583 0.27675 0.06264066016504126 0.0675
0 0.31451612903225806 0.3145 0.059639909977494375 0.078
0 0.29932483120780196 0.21475 0.05401350337584396 0.0825
0 0.3387096774193548 0.1785 0.06451612903225806 0.082
0 0.36459114778694673 0.27475 0.060765191297824456 0.0775
0 0.37115528882220555 0.352 0.0603900975243811 0.066
0 0.42010502625656415 0.319 0.0450112528132033 0.074
0 0.2854463615903976 0.388 0.05326331582895724 0.071
0 0.18454613653413354 0.3535 0.05101275318829707 0.062
0 0.19654913728432108 0.4245 0.060765191297824456 0.075
0 0.06470367591897974 0.44275 0.050637659414853715 0.0765
0 0.11140285071267816 0.50275 0.047261815453863466 0.0665
0 0.15022505626406601 0.4895 0.04688672168042011 0.073
0 0.11477869467366841 0.56525 0.05401350337584396 0.0615
0 0.1562265566391598 0.55575 0.05288822205551388 0.0705
0 0.19861215303825958 0.5555 0.06264066016504126 0.079
0 0.254126031507877 0.4905 0.04913728432108027 0.069
0 0.29932483120780196 0.5225 0.03900975243810953 0.073
0 0.3287696924231058 0.46875 0.04988747186796699 0.0715
0 0.3666541635408852 0.41975 0.05738934733683421 0.0695
0 0.3790322580645161 0.50025 0.061890472618154536 0.0745
0 0.2623780945236309 0.59075 0.04988747186796699 0.0655
0 0.1592273068267067 0.61775 0.04913728432108027 0.0645
0 0.07633158289572393 0.6715 0.056639159789947484 0.07
0 0.15172543135783945 0.68725 0.0536384096024006 0.0655
0 0.2040510127531883 0.65425 0.058514628657164294 0.0705
0 0.2357464366091523 0.7 0.056639159789947484 0.069
0 0.18435858964741186 0.77575 0.05588897224306077 0.0615
0 0.23218304576144036 0.7845 0.04876219054763691 0.065
0 0.30682670667666917 0.725 0.05476369092273068 0.069
0 0.33383345836459116 0.74125 0.042010502625656414 0.0565
0 0.36702925731432856 0.6975 0.05738934733683421 0.066
0 0.36552888222055513 0.78925 0.03938484621155289 0.0635
0 0.4109152288072018 0.63075 0.04838709677419355 0.0715
0 0.41766691672918227 0.69 0.05288822205551388 0.063
0 0.30795198799699924 0.62225 0.046511627906976744 0.0655
0 0.363278319579895 0.5885 0.047636909227306824 0.061
0 0.4127906976744186 0.565 0.05288822205551388 0.069
0 0.4465491372843211 0.49675 0.046136534133533386 0.0655
0 0.42779444861215304 0.42775 0.041635408852213056 0.0685
0 0.4608027006751688 0.3755 0.05138784696174044 0.067
0 0.4763690922730683 0.44375 0.04801200300075019 0.0675
0 0.48537134283570893 0.5655 0.0450112528132033 0.061
0 0.49099774943735935 0.6155 0.04126031507876969 0.065
0 0.5168792198049512 0.63925 0.042010502625656414 0.0655
0 0.5255063765941486 0.5805 0.05026256564141035 0.064
0 0.517066766691673 0.51375 0.046136534133533386 0.0695
0 0.40753938484621155 0.2315 0.04913728432108027 0.076
0 0.45817704426106526 0.2185 0.0603900975243811 0.075
0 0.46492873218304576 0.3085 0.0536384096024006 0.067
0 0.5080645161290323 0.19475 0.050637659414853715 0.0715
0 0.5225056264066017 0.2785 0.04801200300075019 0.081
0 0.5180045011252813 0.355 0.05326331582895724 0.07
0 0.5530757689422355 0.22875 0.056639159789947484 0.0775
0 0.5598274568642161 0.3175 0.05438859714928732 0.077
0 0.5573893473368342 0.3905 0.04576144036009002 0.07
0 0.5367591897974494 0.44875 0.05026256564141035 0.0605
0 0.5903975993998499 0.49725 0.04801200300075019 0.0665
0 0.568642160540135 0.55225 0.04876219054763691 0.0555
0 0.5731432858214554 0.60125 0.05101275318829707 0.0575
0 0.6219054763690923 0.63275 0.05326331582895724 0.0655
0 0.6378469617404351 0.569 0.04688672168042011 0.07
0 0.6787321830457614 0.57775 0.04988747186796699 0.0575
0 0.6376594148537135 0.49775 0.047261815453863466 0.0675
0 0.681357839459865 0.5135 0.04838709677419355 0.06
0 0.6063390847711928 0.407 0.05138784696174044 0.067
0 0.6697299324831207 0.4335 0.050637659414853715 0.062
0 0.6717929482370593 0.367 0.051762940735183796 0.059
0 0.6160915228807202 0.33525 0.04838709677419355 0.0675
0 0.6087771942985747 0.27275 0.05026256564141035 0.0755
0 0.6513503375843961 0.28775 0.04688672168042011 0.0715
0 0.5992123030757689 0.19275 0.04988747186796699 0.0705
0 0.6577269317329333 0.20275 0.052138034508627154 0.0605
0 0.7186796699174793 0.2125 0.05101275318829707 0.059
0 0.7633158289572393 0.2315 0.04276069017254314 0.068
0 0.72655663915979 0.27525 0.05476369092273068 0.0675
0 0.714178544636159 0.33875 0.05101275318829707 0.0695
0 0.740060015003751 0.396 0.05251312828207052 0.059
0 0.7850712678169542 0.29575 0.046511627906976744 0.0755
0 0.8287696924231058 0.26775 0.05438859714928732 0.0685
0 0.8709677419354839 0.32525 0.05251312828207052 0.0725
0 0.8818454613653414 0.36975 0.04351087771942986 0.0565
0 0.8008252063015754 0.3655 0.05326331582895724 0.067
0 0.8707801950487621 0.4215 0.05138784696174044 0.075
0 0.9097899474868717 0.43975 0.05138784696174044 0.0735
0 0.7850712678169542 0.45425 0.05026256564141035 0.0695
0 0.7175543885971493 0.4645 0.05026256564141035 0.067
0 0.7490622655663915 0.506 0.046511627906976744 0.059
0 0.8276444111027756 0.501 0.050637659414853715 0.062
0 0.8610277569392348 0.484 0.04238559639909977 0.064
0 0.7846961740435109 0.54675 0.04876219054763691 0.0625
0 0.8105776444111028 0.5475 0.03975993998499625 0.06
0 0.7348087021755438 0.563 0.047261815453863466 0.062
0 0.7233683420855214 0.636 0.04538634658664666 0.062
0 0.7216804201050263 0.6805 0.046511627906976744 0.051
0 0.6674793698424606 0.6555 0.04013503375843961 0.065
0 0.7021755438859715 0.73225 0.04951237809452363 0.0615
0 0.6247186796699175 0.697 0.04463615903975994 0.064
0 0.7661290322580645 0.61925 0.04838709677419355 0.0565
0 0.763503375843961 0.6805 0.04013503375843961 0.058
0 0.8137659414853713 0.667 0.037134283570892726 0.068
0 0.8088897224306076 0.609 0.04388597149287322 0.054
0 0.8557764441110277 0.617 0.04538634658664666 0.05
0 0.8790322580645161 0.5815 0.043135783945986494 0.06
0 0.9105401350337584 0.60675 0.05288822205551388 0.0575
