0 0.11271567891972993 0.4395 0.07164291072768192 0.099
0 0.159039759939985 0.52725 0.06376594148537135 0.0965
0 0.2098649662415604 0.573 0.061890472618154536 0.083
0 0.25787696924231057 0.54425 0.06939234808702176 0.0805
0 0.29069767441860467 0.62925 0.07126781695423856 0.0955
0 0.21042760690172543 0.4525 0.07801950487621906 0.102
0 0.16204051012753187 0.377 0.06676669167291822 0.095
0 0.21942985746436608 0.30525 0.07801950487621906 0.0845
0 0.2695048762190548 0.38075 0.07239309827456865 0.0955
0 0.29669917479369845 0.298 0.0690172543135784 0.103
0 0.34902475618904727 0.39275 0.07689422355588897 0.0895
0 0.39216054013503376 0.31 0.07614403600900226 0.102
0 0.42441860465116277 0.39675 0.06489122280570142 0.0915
0 0.2996999249812453 0.46625 0.07426856714178545 0.0965
0 0.3724681170292573 0.478 0.07501875468867217 0.089
0 0.32801950487621906 0.558 0.06939234808702176 0.094
0 0.39647411852963244 0.56475 0.06451612903225806 0.1025
0 0.36365341335333834 0.633 0.06339084771192798 0.086
0 0.39591147786946734 0.70975 0.07239309827456865 0.0885
0 0.4686796699174794 0.76025 0.06489122280570142 0.0845
0 0.43454613653413354 0.6305 0.07164291072768192 0.078
0 0.49118529632408103 0.668 0.06864216054013503 0.089
0 0.459489872468117 0.5485 0.0690172543135784 0.092
0 0.5136909227306826 0.59125 0.07314328582145536 0.0885
0 0.5656414103525882 0.658 0.07501875468867217 0.093
0 0.5390097524381096 0.71825 0.07351837959489872 0.0825
0 0.563953488372093 0.8045 0.06339084771192798 0.09
0 0.47430607651912976 0.46325 0.06789197299324831 0.0875
0 0.481807951987997 0.367 0.07239309827456865 0.099
0 0.48124531132783194 0.27275 0.0690172543135784 0.1005
0 0.5481995498874719 0.33075 0.07164291072768192 0.1025
0 0.6099024756189048 0.35875 0.07351837959489872 0.0985
0 0.5594523630907727 0.42775 0.06939234808702176 0.0915
0 0.6239684921230307 0.45575 0.06489122280570142 0.0995
0 0.541072768192048 0.51025 0.07389347336834208 0.0865
0 0.5924606151537885 0.55575 0.07014253563390847 0.0885
0 0.617966991747937 0.247 0.07764441110277569 0.106
0 0.6665416354088523 0.2945 0.07051762940735183 0.098
0 0.6783570892723181 0.396 0.07014253563390847 0.1
0 0.7374343585896475 0.30225 0.06676669167291822 0.1005
0 0.7846961740435109 0.358 0.08252063015753938 0.097
0 0.831582895723931 0.28775 0.072768192048012 0.1025
0 0.871530382595649 0.381 0.07839459864966242 0.096
0 0.7421230307576894 0.423 0.06789197299324831 0.091
0 0.75 0.514 0.06639159789947487 0.095
0 0.8075768942235559 0.461 0.06826706676669167 0.095
0 0.8981620405101275 0.464 0.07689422355588897 0.092
0 0.9122280570142536 0.5595 0.07801950487621906 0.097
0 0.8113278319579895 0.55775 0.07876969242310577 0.0965
0 0.6627906976744186 0.53875 0.07201800450112528 0.0865
0 0.631470367591898 0.61825 0.07164291072768192 0.0805
0 0.7061140285071268 0.6035 0.07314328582145536 0.096
0 0.6764816204051013 0.6855 0.07764441110277569 0.092
0 0.6140285071267817 0.74375 0.07351837959489872 0.0825
0 0.7786946736684172 0.6525 0.07351837959489872 0.089
0 0.8520255063765941 0.65725 0.07389347336834208 0.0845
0 0.8032633158289573 0.72325 0.06939234808702176 0.0785
0 0.7406226556639159 0.72975 0.06864216054013503 0.0895
0 0.6768567141785446 0.75475 0.06564141035258815 0.0795
0 0.7301200300075019 0.806 0.07014253563390847 0.087
0 0.6845461365341335 0.8535 0.06751687921980495 0.099
0 0.6245311327831958 0.82725 0.06751687921980495 0.0895
