0 0.13636363636363635 0.231 0.03479236812570146 0.053
0 0.132996632996633 0.27675 0.03554059109614665 0.0445
0 0.14739992517770295 0.32075 0.03292181069958848 0.0475
0 0.12607557052001497 0.35925 0.03741114852225964 0.0435
0 0.1303778526000748 0.40175 0.033295922184811075 0.0385
0 0.15824915824915825 0.41275 0.03591470258136925 0.0465
0 0.1440329218106996 0.44175 0.035166479610924055 0.0355
0 0.18462401795735128 0.447 0.02955480733258511 0.041
0 0.15787504676393566 0.488 0.032173587729143284 0.041
0 0.18462401795735128 0.511 0.028058361391694726 0.04
0 0.20632248410026188 0.48725 0.031051253273475497 0.0445
0 0.21642349420127197 0.5275 0.033295922184811075 0.039
0 0.24616535727646838 0.55775 0.034418256640478866 0.0375
0 0.26019453797231573 0.5225 0.03254769921436588 0.04
0 0.2442947998503554 0.48075 0.02843247287691732 0.0385
0 0.2134306023194912 0.446 0.03254769921436588 0.043
0 0.25271230826786384 0.4475 0.03179947624392069 0.041
0 0.27104377104377103 0.47675 0.03254769921436588 0.0385
0 0.30246913580246915 0.491 0.031051253273475497 0.042
0 0.30321735877291434 0.53075 0.03479236812570146 0.0375
0 0.335016835016835 0.56325 0.031051253273475497 0.0375
0 0.335016835016835 0.50675 0.031051253273475497 0.0425
0 0.3222970445192667 0.468 0.033295922184811075 0.038
0 0.28077066965955855 0.43675 0.033295922184811075 0.0455
0 0.2557052001496446 0.40575 0.030303030303030304 0.0495
0 0.22820800598578375 0.40375 0.0306771417882529 0.0445
0 0.1947250280583614 0.39875 0.03179947624392069 0.0405
0 0.16666666666666666 0.36125 0.03179947624392069 0.0445
0 0.1947250280583614 0.33825 0.03479236812570146 0.0455
0 0.22652450430228208 0.3635 0.02955480733258511 0.04
0 0.2549569771791994 0.35175 0.033295922184811075 0.0405
0 0.2890011223344557 0.39275 0.03778526000748223 0.0415
0 0.31911709689487466 0.4235 0.034418256640478866 0.04
0 0.3481107369996259 0.42225 0.034044145155256264 0.0495
0 0.3179947624392069 0.3825 0.03666292555181444 0.039
0 0.28656939768050876 0.3535 0.03741114852225964 0.046
0 0.25346053123830903 0.3055 0.033295922184811075 0.053
0 0.20950243172465394 0.30175 0.03591470258136925 0.0415
0 0.1728395061728395 0.2955 0.034418256640478866 0.042
0 0.18125701459034793 0.26325 0.03554059109614665 0.0495
0 0.16591844369622147 0.20125 0.03479236812570146 0.0535
0 0.2055742611298167 0.22625 0.03479236812570146 0.0535
0 0.2244668911335578 0.2675 0.03367003367003367 0.047
0 0.21960344182566405 0.17725 0.034418256640478866 0.0505
0 0.24242424242424243 0.2245 0.034418256640478866 0.048
0 0.2663673774784886 0.26625 0.035166479610924055 0.0445
0 0.29723157500935277 0.26525 0.02955480733258511 0.0505
0 0.2931163486719042 0.29925 0.03479236812570146 0.0365
0 0.3267863823419379 0.29575 0.03853348297792742 0.0435
0 0.3267863823419379 0.33075 0.034044145155256264 0.0345
0 0.3555929667040778 0.32175 0.034044145155256264 0.0495
0 0.3761690983913206 0.3015 0.030303030303030304 0.059
0 0.3546576879910213 0.2605 0.03741114852225964 0.043
0 0.24859708193041527 0.1675 0.037037037037037035 0.056
0 0.29031051253273477 0.17225 0.03741114852225964 0.0495
0 0.28208005985783763 0.213 0.03367003367003367 0.043
0 0.3176206509539843 0.231 0.034418256640478866 0.053
0 0.3286569397680509 0.1795 0.036288814066591846 0.056
0 0.3561541339319117 0.211 0.04264870931537598 0.055
0 0.3778526000748223 0.163 0.03666292555181444 0.051
0 0.3988028432472877 0.208 0.03741114852225964 0.055
0 0.41937897493453047 0.1885 0.03666292555181444 0.053
0 0.4079685746352413 0.27 0.03479236812570146 0.05
0 0.44182566404788626 0.2725 0.03666292555181444 0.057
0 0.4171343060231949 0.32475 0.038159371492704826 0.0455
0 0.38514777403666295 0.3565 0.033295922184811075 0.052
0 0.3492330714552937 0.37925 0.03554059109614665 0.0445
0 0.38159371492704824 0.39775 0.03591470258136925 0.0365
0 0.4175084175084175 0.4215 0.03591470258136925 0.046
0 0.4229330340441452 0.37625 0.03853348297792742 0.0485
0 0.3954358398802843 0.45325 0.034418256640478866 0.0495
0 0.3604564160119716 0.47875 0.036288814066591846 0.0365
0 0.3937523381967826 0.5075 0.037037037037037035 0.041
0 0.37055742611298165 0.5295 0.03179947624392069 0.037
0 0.3945005611672278 0.56175 0.033295922184811075 0.0415
0 0.41358024691358025 0.54475 0.03254769921436588 0.0385
0 0.4281705948372615 0.57175 0.030303030303030304 0.0335
0 0.45454545454545453 0.5765 0.029928918817807706 0.035
0 0.450430228208006 0.53325 0.0306771417882529 0.0375
0 0.48110736999625886 0.55275 0.031425364758698095 0.0415
0 0.4906472128694351 0.58975 0.030303030303030304 0.0415
0 0.5095398428731762 0.56825 0.029928918817807706 0.0365
0 0.5222596333707444 0.60125 0.031425364758698095 0.0395
0 0.4668911335578002 0.50825 0.029180695847362513 0.0435
0 0.43658810325476993 0.48375 0.03367003367003367 0.0405
0 0.4487467265245043 0.43925 0.03179947624392069 0.0445
0 0.4766180321735877 0.46475 0.03292181069958848 0.0445
0 0.4571642349420127 0.40225 0.03367003367003367 0.0395
0 0.4895248784137673 0.41875 0.031051253273475497 0.0405
0 0.5172091283202395 0.44475 0.031051253273475497 0.0435
0 0.5256266367377479 0.48775 0.034418256640478866 0.0395
0 0.501870557426113 0.51275 0.031051253273475497 0.0425
0 0.5359147025813692 0.528 0.031051253273475497 0.044
0 0.5635989524878414 0.5125 0.033295922184811075 0.045
0 0.5675271230826786 0.544 0.029928918817807706 0.038
0 0.5424616535727647 0.567 0.032173587729143284 0.035
0 0.5559296670407782 0.61525 0.031425364758698095 0.0345
0 0.587167976056865 0.62425 0.030303030303030304 0.0435
0 0.5869809203142536 0.5815 0.031425364758698095 0.039
0 0.4549195660306771 0.22275 0.03367003367003367 0.0505
0 0.4726898615787505 0.18825 0.040029928918817806 0.0595
0 0.512532734754957 0.174 0.04414515525626637 0.053
0 0.5366629255518145 0.227 0.03254769921436588 0.059
0 0.5050505050505051 0.25425 0.035166479610924055 0.0535
0 0.47493453049008605 0.29825 0.037037037037037035 0.0525
0 0.5220725776281332 0.30375 0.034044145155256264 0.0505
0 0.5557426112981668 0.27825 0.037037037037037035 0.0475
0 0.5742611298166854 0.229 0.03965581743359521 0.051
0 0.5607931163486719 0.1765 0.034418256640478866 0.058
0 0.601010101010101 0.1745 0.04451926674148896 0.052
0 0.609801720912832 0.22575 0.03741114852225964 0.0525
0 0.5929667040778152 0.27925 0.03741114852225964 0.0495
0 0.5512532734754957 0.3295 0.030303030303030304 0.048
0 0.5187055742611298 0.355 0.03479236812570146 0.052
0 0.45342312008978675 0.324 0.038159371492704826 0.047
0 0.47343808454919567 0.36225 0.040029928918817806 0.0455
0 0.5278713056490835 0.4015 0.03965581743359521 0.042
0 0.5591096146651702 0.42175 0.03254769921436588 0.0445
0 0.570894126449682 0.37375 0.03367003367003367 0.0495
0 0.5525626636737748 0.46325 0.03367003367003367 0.0355
0 0.5879161990273102 0.4535 0.03254769921436588 0.051
0 0.6030677141788253 0.40925 0.032173587729143284 0.0485
0 0.6253273475495698 0.45675 0.03479236812570146 0.0385
0 0.5961466517022073 0.33125 0.03479236812570146 0.0515
0 0.6270108492330715 0.37075 0.03591470258136925 0.0505
0 0.6047512158623269 0.49525 0.036288814066591846 0.0425
0 0.6000748222970446 0.53575 0.031425364758698095 0.0445
0 0.6238309016086794 0.6165 0.03254769921436588 0.032
0 0.622334455667789 0.57975 0.03179947624392069 0.0395
0 0.6337448559670782 0.542 0.03292181069958848 0.036
0 0.6584362139917695 0.6255 0.031425364758698095 0.04
0 0.6965955854844744 0.5985 0.03591470258136925 0.037
0 0.6582491582491582 0.57125 0.03479236812570146 0.0405
0 0.6939768050879161 0.55975 0.03292181069958848 0.0395
0 0.7325102880658436 0.5735 0.035166479610924055 0.048
0 0.6690983913206136 0.52875 0.03853348297792742 0.0385
0 0.7053872053872053 0.518 0.037037037037037035 0.046
0 0.755331088664422 0.52925 0.03367003367003367 0.0455
0 0.6391694725028059 0.49725 0.031051253273475497 0.0425
0 0.6734006734006734 0.47125 0.03741114852225964 0.0405
0 0.6612420501309391 0.43725 0.03928170594837262 0.0425
0 0.7130564908342686 0.47275 0.04040404040404041 0.0405
0 0.7528993640104751 0.47625 0.040778151889263 0.0475
0 0.7029554807332585 0.426 0.035166479610924055 0.044
0 0.7375607931163487 0.42875 0.03554059109614665 0.0385
0 0.7848858959970071 0.43775 0.03741114852225964 0.0475
0 0.7396184062850729 0.38725 0.03666292555181444 0.0525
0 0.7727272727272727 0.4 0.04152637485970819 0.044
0 0.7818930041152263 0.3495 0.03367003367003367 0.052
0 0.693228582117471 0.38525 0.03591470258136925 0.0505
0 0.654320987654321 0.38725 0.035166479610924055 0.0425
0 0.6344930789375234 0.31225 0.03741114852225964 0.0505
0 0.6683501683501684 0.3495 0.04152637485970819 0.043
0 0.7167976056864945 0.3385 0.04040404040404041 0.047
0 0.6855592966704078 0.3045 0.034044145155256264 0.05
0 0.7517770295548073 0.30475 0.03853348297792742 0.0535
0 0.6507669285447063 0.18625 0.03928170594837262 0.0595
0 0.6786382341937898 0.22875 0.03890759446315002 0.0545
0 0.7074448185559297 0.25625 0.041900486344930786 0.0495
0 0.6485222596333707 0.26475 0.03853348297792742 0.0515
