0 0.23162040510127532 0.7475 0.04238559639909977 0.065
0 0.23255813953488372 0.62325 0.04426106526631658 0.0605
0 0.2678169542385596 0.63 0.04426106526631658 0.069
0 0.31301575393848463 0.67375 0.04238559639909977 0.0555
0 0.34752438109527384 0.62875 0.046136534133533386 0.0515
0 0.36271567891972994 0.68025 0.04426106526631658 0.0625
0 0.3537134283570893 0.735 0.03900975243810953 0.054
0 0.3970367591897975 0.72475 0.04238559639909977 0.0555
0 0.41504126031507876 0.803 0.037134283570892726 0.065
0 0.44486121530382594 0.8405 0.03975993998499625 0.048
0 0.4045386346586647 0.9055 0.04088522130532633 0.06
0 0.44711177794448614 0.75675 0.04426106526631658 0.0495
0 0.4883720930232558 0.798 0.04276069017254314 0.053
0 0.4883720930232558 0.7465 0.04426106526631658 0.053
0 0.5273818454613654 0.7795 0.04051012753188297 0.057
0 0.5708927231807952 0.7945 0.04051012753188297 0.053
0 0.5273818454613654 0.8385 0.04051012753188297 0.057
0 0.5123780945236309 0.69 0.047261815453863466 0.059
0 0.5481995498874719 0.71975 0.04088522130532633 0.0605
0 0.5905851462865717 0.73175 0.04088522130532633 0.0575
0 0.6301575393848462 0.754 0.03975993998499625 0.057
0 0.40172543135783945 0.66025 0.04051012753188297 0.0495
0 0.27325581395348836 0.531 0.04238559639909977 0.064
0 0.24249812453113279 0.466 0.046136534133533386 0.066
0 0.29088522130532635 0.437 0.04688672168042011 0.064
0 0.3225806451612903 0.478 0.047261815453863466 0.054
0 0.36946736684171044 0.488 0.04876219054763691 0.058
0 0.38147036759189795 0.54925 0.03975993998499625 0.0615
0 0.3495873968492123 0.57475 0.03975993998499625 0.0545
0 0.41072768192048015 0.59925 0.04426106526631658 0.0555
0 0.43960990247561893 0.63275 0.04276069017254314 0.0545
0 0.48593398349587397 0.64075 0.04088522130532633 0.0615
0 0.52231807951988 0.6165 0.03788447111777944 0.059
0 0.5641410352588146 0.636 0.03975993998499625 0.059
0 0.6087771942985747 0.6275 0.03900975243810953 0.062
0 0.6209677419354839 0.6805 0.041635408852213056 0.057
0 0.6457239309827457 0.65125 0.04238559639909977 0.0555
0 0.6802325581395349 0.70425 0.04463615903975994 0.0505
0 0.7213053263315828 0.71675 0.03975993998499625 0.0565
0 0.707801950487622 0.65475 0.03975993998499625 0.0555
0 0.7674418604651163 0.6795 0.047261815453863466 0.047
0 0.4416729182295574 0.56275 0.038634658664666165 0.0605
0 0.48424606151537886 0.579 0.04426106526631658 0.052
0 0.45573893473368343 0.51375 0.04126031507876969 0.0515
0 0.4951237809452363 0.52425 0.03975993998499625 0.0545
0 0.5303825956489122 0.56 0.04126031507876969 0.055
0 0.7689422355588897 0.72825 0.04351087771942986 0.0515
0 0.800450112528132 0.7125 0.03375843960990248 0.059
0 0.8184546136534133 0.6625 0.04051012753188297 0.058
0 0.8548387096774194 0.7275 0.046511627906976744 0.064
0 0.7790697674418605 0.61725 0.042010502625656414 0.0605
0 0.8589647411852963 0.66175 0.042010502625656414 0.0545
0 0.7970742685671418 0.55475 0.03825956489122281 0.0595
0 0.8257689422355589 0.5845 0.04463615903975994 0.051
0 0.6654163540885222 0.57325 0.03825956489122281 0.0575
0 0.6867966991747937 0.6 0.04276069017254314 0.054
0 0.5746436609152288 0.547 0.04276069017254314 0.049
0 0.609714928732183 0.56225 0.04388597149287322 0.0575
0 0.5502625656414104 0.5035 0.04276069017254314 0.058
0 0.5999624906226556 0.4965 0.04538634658664666 0.062
0 0.6475993998499625 0.51575 0.04088522130532633 0.0555
0 0.6849212303075769 0.47925 0.04426106526631658 0.0625
0 0.7057389347336834 0.518 0.04088522130532633 0.054
0 0.640285071267817 0.461 0.037509377344336084 0.06
0 0.5926481620405101 0.43 0.0450112528132033 0.06
0 0.5361965491372843 0.42875 0.04913728432108027 0.0595
0 0.5161290322580645 0.472 0.04126031507876969 0.058
0 0.47168042010502625 0.4635 0.04388597149287322 0.051
0 0.4291072768192048 0.44 0.042010502625656414 0.054
0 0.37959489872468116 0.42675 0.04351087771942986 0.0555
0 0.32633158289572395 0.42075 0.04576144036009002 0.0655
0 0.28000750187546886 0.3615 0.04013503375843961 0.065
0 0.32220555138784696 0.353 0.05101275318829707 0.06
0 0.354463615903976 0.2985 0.042010502625656414 0.063
0 0.37884471117779445 0.37025 0.04351087771942986 0.0555
0 0.4163540885221305 0.3845 0.04576144036009002 0.055
0 0.4647411852963241 0.4085 0.046511627906976744 0.063
0 0.43210802700675166 0.307 0.0450112528132033 0.068
0 0.4626781695423856 0.26725 0.041635408852213056 0.0725
0 0.5138784696174044 0.21125 0.0555138784696174 0.0795
0 0.5607651912978244 0.2515 0.047261815453863466 0.057
0 0.6022130532633159 0.27675 0.04988747186796699 0.0605
0 0.531695423855964 0.30475 0.052138034508627154 0.0555
0 0.5697674418604651 0.334 0.04426106526631658 0.057
0 0.5345086271567892 0.36525 0.04951237809452363 0.0625
0 0.49212303075768943 0.34525 0.04876219054763691 0.0575
0 0.6136534133533383 0.359 0.05101275318829707 0.068
0 0.6686046511627907 0.31825 0.04913728432108027 0.0705
0 0.581582895723931 0.17325 0.050637659414853715 0.0715
0 0.6241560390097525 0.1995 0.04276069017254314 0.063
0 0.6669167291822956 0.20375 0.05101275318829707 0.0655
0 0.7027381845461366 0.3615 0.041635408852213056 0.063
0 0.6798574643660915 0.41725 0.04688672168042011 0.0585
0 0.7443735933983496 0.4445 0.047636909227306824 0.064
0 0.7556264066016504 0.38675 0.04988747186796699 0.0485
0 0.7537509377344336 0.304 0.04838709677419355 0.067
0 0.7972618154538634 0.3125 0.04013503375843961 0.062
0 0.8349587396849212 0.30225 0.03600900225056264 0.0605
0 0.8013878469617405 0.4365 0.037134283570892726 0.069
0 0.832145536384096 0.47375 0.03938484621155289 0.0615
0 0.8576519129782446 0.50125 0.03788447111777944 0.0585
0 0.8531507876969242 0.416 0.04988747186796699 0.058
0 0.9079144786196549 0.42225 0.04463615903975994 0.0625
0 0.9167291822955739 0.497 0.04051012753188297 0.062
0 0.9561140285071268 0.496 0.03825956489122281 0.061
0 0.8869092273068268 0.561 0.046136534133533386 0.062
0 0.9304201050262566 0.56825 0.04463615903975994 0.0595
0 0.9744936234058514 0.564 0.03825956489122281 0.053
0 0.9819954988747187 0.61125 0.035258814703675916 0.0505
0 0.8975993998499625 0.67825 0.04276069017254314 0.0495
