0 0.4144786196549137 0.154 0.07576894223555888 0.108
0 0.3524006001500375 0.2485 0.07764441110277569 0.111
0 0.42366841710427605 0.26125 0.07914478619654913 0.1125
0 0.35577644411102777 0.367 0.07614403600900226 0.086
0 0.30513878469617406 0.40075 0.07389347336834208 0.0925
0 0.26462865716429107 0.50175 0.07614403600900226 0.0945
0 0.1888597149287322 0.55725 0.07314328582145536 0.0935
0 0.18417104276069018 0.6325 0.06676669167291822 0.085
0 0.23630907726931732 0.62775 0.06526631657914479 0.0915
0 0.16804201050262565 0.71675 0.06526631657914479 0.0795
0 0.21999249812453114 0.7335 0.07164291072768192 0.079
0 0.19898724681170293 0.78925 0.06639159789947487 0.0805
0 0.24381095273818454 0.88625 0.06826706676669167 0.0825
0 0.3094523630907727 0.86075 0.06676669167291822 0.0755
0 0.3775318829707427 0.872 0.0708927231807952 0.08
0 0.445423855963991 0.845 0.06789197299324831 0.074
0 0.27906976744186046 0.769 0.07351837959489872 0.083
0 0.3411477869467367 0.74425 0.07614403600900226 0.0905
0 0.3900975243810953 0.789 0.058514628657164294 0.084
0 0.2888222055513878 0.692 0.072768192048012 0.082
0 0.3085146286571643 0.5965 0.07839459864966242 0.092
0 0.3649662415603901 0.6555 0.07876969242310577 0.081
0 0.41597899474868716 0.7045 0.06676669167291822 0.084
0 0.34583645911477867 0.45875 0.06751687921980495 0.0945
0 0.37696924231057766 0.56075 0.07501875468867217 0.0955
0 0.5196924231057765 0.834 0.06639159789947487 0.08
0 0.48518379594898725 0.7745 0.0641410352588147 0.081
0 0.47168042010502625 0.6385 0.07614403600900226 0.087
0 0.4559264816204051 0.55275 0.07389347336834208 0.0915
0 0.44954988747186797 0.47275 0.07989497374343586 0.0885
0 0.43285821455363843 0.37 0.07651912978244561 0.103
0 0.558702175543886 0.16575 0.08139534883720931 0.1025
0 0.5174418604651163 0.3125 0.07764441110277569 0.107
0 0.6001500375093773 0.28675 0.07801950487621906 0.0845
0 0.6661665416354089 0.24225 0.06451612903225806 0.1115
0 0.5202550637659414 0.412 0.07726931732933233 0.101
0 0.5225056264066017 0.5135 0.07651912978244561 0.083
0 0.5279444861215303 0.6025 0.0708927231807952 0.084
0 0.5558889722430608 0.6835 0.072768192048012 0.087
0 0.562828207051763 0.77525 0.07164291072768192 0.0755
0 0.6069017254313578 0.81625 0.07126781695423856 0.0725
0 0.6372843210802701 0.752 0.06976744186046512 0.08
0 0.677794448612153 0.81375 0.06301575393848462 0.0845
0 0.741185296324081 0.8235 0.06376594148537135 0.082
0 0.7336834208552138 0.747 0.072768192048012 0.085
0 0.8122655663915979 0.76175 0.0671417854463616 0.0795
0 0.6986121530382595 0.69025 0.06864216054013503 0.0945
0 0.768192048012003 0.656 0.07051762940735183 0.091
0 0.8357089272318079 0.67875 0.07051762940735183 0.0995
0 0.6344711177794449 0.634 0.08364591147786947 0.093
0 0.699549887471868 0.593 0.0690172543135784 0.094
0 0.7591897974493623 0.5575 0.07201800450112528 0.086
0 0.8478994748687172 0.585 0.0708927231807952 0.093
0 0.5881470367591898 0.55175 0.06451612903225806 0.1005
0 0.6029632408102026 0.462 0.07389347336834208 0.092
0 0.7108027006751688 0.479 0.0690172543135784 0.09
0 0.7595648912228057 0.415 0.07801950487621906 0.097
0 0.7614403600900225 0.45625 0.042010502625656414 0.0515
0 0.8148912228057015 0.37175 0.07239309827456865 0.0965
0 0.6400975243810952 0.373 0.07839459864966242 0.097
0 0.7074268567141786 0.32825 0.07426856714178545 0.1015
0 0.840960240060015 0.2845 0.08102025506376594 0.105
