0 0.1445986496624156 0.31975 0.04463615903975994 0.0605
0 0.1389722430607652 0.38775 0.050637659414853715 0.0595
0 0.16354088522130533 0.44425 0.05251312828207052 0.0665
0 0.20067516879219804 0.507 0.046511627906976744 0.053
0 0.22936984246061515 0.43325 0.05138784696174044 0.0575
0 0.25431357839459867 0.485 0.04351087771942986 0.056
0 0.23987246811702925 0.55675 0.046136534133533386 0.0525
0 0.2730682670667667 0.60275 0.046511627906976744 0.0465
0 0.3150787696924231 0.60425 0.04126031507876969 0.0575
0 0.31470367591897974 0.66425 0.051762940735183796 0.0575
0 0.3480870217554389 0.69125 0.04276069017254314 0.0435
0 0.3842835708927232 0.7125 0.038634658664666165 0.046
0 0.38972243060765194 0.679 0.03825956489122281 0.052
0 0.36440360090022506 0.63275 0.04238559639909977 0.0515
0 0.4144786196549137 0.6545 0.04126031507876969 0.05
0 0.4291072768192048 0.6845 0.03075768942235559 0.038
0 0.4274193548387097 0.75875 0.041635408852213056 0.0535
0 0.45048762190547637 0.76425 0.02175543885971493 0.0465
0 0.46774193548387094 0.7095 0.03900975243810953 0.044
0 0.45348837209302323 0.6775 0.03675918979744936 0.051
0 0.4924981245311328 0.715 0.024006001500375095 0.044
0 0.48893473368342083 0.81075 0.04088522130532633 0.0525
0 0.5241935483870968 0.781 0.034133533383345835 0.053
0 0.5260690172543135 0.7285 0.04088522130532633 0.047
0 0.5613278319579895 0.7775 0.03188297074268567 0.044
0 0.5570142535633908 0.81725 0.037509377344336084 0.0465
0 0.5617029257314329 0.73625 0.03938484621155289 0.0435
0 0.5105026256564141 0.6785 0.024006001500375095 0.04
0 0.4883720930232558 0.648 0.0277569392348087 0.04
0 0.5258814703675919 0.67025 0.037509377344336084 0.0425
0 0.5101275318829708 0.63825 0.04126031507876969 0.0535
0 0.4722430607651913 0.61425 0.04576144036009002 0.0505
0 0.4351087771942986 0.60225 0.04351087771942986 0.0585
0 0.39797449362340587 0.587 0.04051012753188297 0.049
0 0.3572768192048012 0.57775 0.04688672168042011 0.0495
0 0.3225806451612903 0.5505 0.04126031507876969 0.058
0 0.2843210802700675 0.5325 0.04276069017254314 0.061
0 0.3006376594148537 0.49075 0.052138034508627154 0.0575
0 0.2788822205551388 0.44125 0.04988747186796699 0.0585
0 0.22168042010502625 0.38125 0.056264066016504126 0.0585
0 0.2794448612153038 0.37775 0.04876219054763691 0.0655
0 0.2213053263315829 0.304 0.04876219054763691 0.059
0 0.18173293323330833 0.241 0.05138784696174044 0.063
0 0.22824456114028507 0.1995 0.04688672168042011 0.06
0 0.23968492123030757 0.25475 0.051762940735183796 0.0625
0 0.2616279069767442 0.3155 0.04838709677419355 0.069
0 0.2991372843210803 0.32925 0.050637659414853715 0.0735
0 0.2970742685671418 0.194 0.0450112528132033 0.064
0 0.2843210802700675 0.25175 0.05101275318829707 0.0675
0 0.3300825206301575 0.38225 0.04876219054763691 0.0575
0 0.3295198799699925 0.44525 0.04688672168042011 0.0615
0 0.367966991747937 0.4595 0.04951237809452363 0.062
0 0.3522130532633158 0.506 0.03675918979744936 0.057
0 0.3938484621155289 0.5405 0.04276069017254314 0.06
0 0.4081020255063766 0.49275 0.03900975243810953 0.0625
0 0.4426106526631658 0.5275 0.037509377344336084 0.054
0 0.45630157539384847 0.4885 0.047636909227306824 0.06
0 0.4264816204051013 0.43975 0.04801200300075019 0.0575
0 0.3741560390097524 0.39025 0.04688672168042011 0.0625
0 0.42273068267066766 0.363 0.04801200300075019 0.064
0 0.4611777944486122 0.38425 0.043135783945986494 0.0615
0 0.48537134283570893 0.44025 0.04576144036009002 0.0535
0 0.5065641410352588 0.484 0.041635408852213056 0.058
0 0.4846211552888222 0.53825 0.042010502625656414 0.0625
0 0.518754688672168 0.56725 0.04876219054763691 0.0595
0 0.5558889722430608 0.60725 0.03900975243810953 0.0565
0 0.5500750187546887 0.695 0.03113278319579895 0.054
0 0.5708927231807952 0.6875 0.04351087771942986 0.056
0 0.5947111777944486 0.70025 0.03113278319579895 0.0465
0 0.608027006751688 0.736 0.04426106526631658 0.049
0 0.609714928732183 0.796 0.04088522130532633 0.041
0 0.5928357089272318 0.81875 0.03113278319579895 0.0415
0 0.6200300075018754 0.82425 0.02175543885971493 0.0475
0 0.636721680420105 0.8235 0.037134283570892726 0.049
0 0.6522880720180045 0.85025 0.03600900225056264 0.0395
0 0.668417104276069 0.806 0.04126031507876969 0.051
0 0.6972993248312078 0.8365 0.035258814703675916 0.048
0 0.7220555138784697 0.82 0.03375843960990248 0.051
0 0.7430607651912978 0.80375 0.03225806451612903 0.0435
0 0.7861965491372843 0.809 0.033008252063015754 0.043
0 0.7674418604651163 0.76775 0.033008252063015754 0.0445
0 0.735933983495874 0.7795 0.04126031507876969 0.04
0 0.6974868717179294 0.76875 0.043135783945986494 0.0265
0 0.6511627906976745 0.7405 0.03600900225056264 0.05
0 0.6952363090772693 0.7435 0.036384096024006 0.046
0 0.7254313578394599 0.74225 0.033008252063015754 0.0515
0 0.7537509377344336 0.7385 0.03188297074268567 0.049
0 0.7818829707426856 0.72025 0.03938484621155289 0.0525
0 0.8025131282820706 0.75525 0.03563390847711928 0.0475
0 0.6496624156039009 0.69775 0.03900975243810953 0.0515
0 0.6052138034508627 0.6575 0.041635408852213056 0.044
0 0.6254688672168042 0.6685 0.03188297074268567 0.044
0 0.5932108027006752 0.6305 0.038634658664666165 0.053
0 0.5585146286571643 0.54475 0.042010502625656414 0.0525
0 0.5395723930982745 0.50125 0.04388597149287322 0.0485
0 0.5954613653413353 0.57875 0.04463615903975994 0.0635
0 0.6222805701425357 0.5955 0.03600900225056264 0.05
0 0.641972993248312 0.6275 0.04538634658664666 0.046
0 0.6665416354088523 0.665 0.03900975243810953 0.045
0 0.6933608402100525 0.6895 0.03488372093023256 0.045
0 0.7346211552888222 0.701 0.04088522130532633 0.051
0 0.37959489872468116 0.2 0.04951237809452363 0.06
0 0.3529632408102025 0.265 0.04951237809452363 0.066
0 0.3885971492873218 0.3065 0.051762940735183796 0.057
0 0.4011627906976744 0.257 0.043135783945986494 0.068
0 0.42760690172543137 0.2095 0.04876219054763691 0.058
0 0.4512378094523631 0.158 0.0450112528132033 0.064
0 0.45142535633908476 0.25125 0.0536384096024006 0.0685
0 0.5414478619654913 0.122 0.04388597149287322 0.067
0 0.5245686421605401 0.20625 0.046136534133533386 0.0585
0 0.4966241560390098 0.24675 0.04426106526631658 0.0605
0 0.5 0.307 0.0450112528132033 0.055
0 0.4553638409602401 0.33 0.042010502625656414 0.056
0 0.5003750937734434 0.3595 0.04351087771942986 0.055
0 0.5365716429107277 0.331 0.046136534133533386 0.061
0 0.5373218304576144 0.3935 0.04688672168042011 0.061
0 0.5386346586646662 0.4495 0.042010502625656414 0.065
0 0.5843960990247562 0.51725 0.042010502625656414 0.0635
0 0.5737059264816204 0.4365 0.04088522130532633 0.056
0 0.5752063015753939 0.351 0.038634658664666165 0.064
0 0.5738934733683421 0.297 0.0450112528132033 0.055
0 0.5716429107276819 0.243 0.042010502625656414 0.067
0 0.5752063015753939 0.181 0.046136534133533386 0.065
0 0.6112153038259565 0.16 0.04388597149287322 0.06
0 0.6018379594898725 0.219 0.038634658664666165 0.056
0 0.6104651162790697 0.272 0.04688672168042011 0.058
0 0.6037134283570893 0.3265 0.043135783945986494 0.049
0 0.6070892723180795 0.386 0.047636909227306824 0.072
0 0.6130907726931732 0.4475 0.03788447111777944 0.06
0 0.623218304576144 0.50825 0.04013503375843961 0.0555
0 0.6380345086271568 0.5605 0.03975993998499625 0.057
0 0.6641035258814704 0.5195 0.04013503375843961 0.052
0 0.6830457614403601 0.5625 0.042010502625656414 0.051
0 0.6646661665416355 0.59275 0.037509377344336084 0.0515
0 0.6931732933233309 0.608 0.03675918979744936 0.048
0 0.6989872468117029 0.64525 0.036384096024006 0.0485
0 0.854463615903976 0.80725 0.03900975243810953 0.0505
0 0.8207051762940735 0.72525 0.03825956489122281 0.0495
0 0.854463615903976 0.715 0.03825956489122281 0.041
0 0.8554013503375844 0.6855 0.04013503375843961 0.052
0 0.8098274568642161 0.6795 0.03600900225056264 0.048
0 0.7749437359339835 0.678 0.04951237809452363 0.048
0 0.7409977494373593 0.65175 0.04013503375843961 0.0395
0 0.7301200300075019 0.617 0.04388597149287322 0.056
0 0.7696924231057765 0.61925 0.04126031507876969 0.0475
0 0.812828207051763 0.63375 0.04351087771942986 0.0485
0 0.8490247561890473 0.62325 0.046136534133533386 0.0465
0 0.705926481620405 0.56525 0.03225806451612903 0.0555
0 0.7370592648162041 0.568 0.03975993998499625 0.056
0 0.7773818454613654 0.57925 0.04088522130532633 0.0525
0 0.8178919729932483 0.577 0.041635408852213056 0.048
0 0.8614028507126782 0.577 0.043135783945986494 0.052
0 0.8441485371342836 0.54 0.04238559639909977 0.056
0 0.795198799699925 0.53475 0.0450112528132033 0.0505
0 0.758252063015754 0.52775 0.043135783945986494 0.0515
0 0.7184921230307577 0.51825 0.037134283570892726 0.0495
0 0.6957989497374344 0.49675 0.03900975243810953 0.0625
0 0.640285071267817 0.447 0.03375843960990248 0.053
0 0.6466616654163541 0.39025 0.03675918979744936 0.0575
0 0.681357839459865 0.43075 0.04013503375843961 0.0575
0 0.7220555138784697 0.455 0.04126031507876969 0.054
0 0.7434358589647412 0.4835 0.046511627906976744 0.05
0 0.7968867216804201 0.4845 0.03788447111777944 0.05
0 0.8347711927981996 0.47575 0.04388597149287322 0.0475
0 0.8133908477119279 0.44075 0.04238559639909977 0.0575
0 0.7755063765941486 0.44525 0.04688672168042011 0.0585
0 0.7526256564141035 0.417 0.04463615903975994 0.049
0 0.694298574643661 0.38325 0.04426106526631658 0.0545
0 0.6569767441860465 0.33 0.04838709677419355 0.056
0 0.7222430607651913 0.33975 0.046136534133533386 0.0595
0 0.7623780945236309 0.361 0.04538634658664666 0.057
0 0.7845086271567892 0.38575 0.043135783945986494 0.0525
0 0.7835708927231808 0.327 0.03675918979744936 0.06
0 0.7537509377344336 0.29825 0.04688672168042011 0.0595
0 0.6969242310577645 0.2945 0.04951237809452363 0.052
0 0.6496624156039009 0.2705 0.04351087771942986 0.052
0 0.6509752438109527 0.22175 0.046136534133533386 0.0645
0 0.6937359339834959 0.23425 0.04538634658664666 0.0625
0 0.7419354838709677 0.25525 0.051762940735183796 0.0635
0 0.536946736684171 0.2695 0.04388597149287322 0.068
