0 0.18529632408102026 0.263 0.05326331582895724 0.069
0 0.13053263315828958 0.347 0.04576144036009002 0.06
0 0.09077269317329333 0.39125 0.047261815453863466 0.0565
0 0.08158289572393099 0.449 0.04238559639909977 0.058
0 0.12790697674418605 0.48225 0.04876219054763691 0.0545
0 0.11327831957989497 0.538 0.04951237809452363 0.067
0 0.16129032258064516 0.535 0.04276069017254314 0.058
0 0.18098274568642161 0.48825 0.04463615903975994 0.0545
0 0.20930232558139536 0.449 0.04276069017254314 0.058
0 0.24737434358589647 0.46225 0.04988747186796699 0.0655
0 0.21886721680420104 0.503 0.04388597149287322 0.057
0 0.20386346586646661 0.55625 0.04988747186796699 0.0625
0 0.24512378094523632 0.55125 0.04538634658664666 0.0635
0 0.2700675168792198 0.5175 0.04801200300075019 0.062
0 0.3117029257314329 0.54025 0.0450112528132033 0.0575
0 0.2940735183795949 0.5845 0.042010502625656414 0.06
0 0.2539384846211553 0.626 0.05026256564141035 0.066
0 0.218304576144036 0.6145 0.046511627906976744 0.067
0 0.2394973743435859 0.6665 0.04538634658664666 0.055
0 0.21211552888222054 0.7175 0.04088522130532633 0.055
0 0.25468867216804203 0.7285 0.03675918979744936 0.047
0 0.2738184546136534 0.7095 0.046511627906976744 0.051
0 0.2873218304576144 0.7435 0.030007501875468866 0.037
0 0.3124531132783196 0.7385 0.047261815453863466 0.06
0 0.34658664666166544 0.79 0.04951237809452363 0.062
0 0.34921230307576895 0.71975 0.04801200300075019 0.0565
0 0.3915978994748687 0.7305 0.047261815453863466 0.067
0 0.3983495873968492 0.76975 0.0450112528132033 0.0535
0 0.43792198049512376 0.77375 0.04538634658664666 0.0585
0 0.48593398349587397 0.81975 0.04463615903975994 0.0655
0 0.5356339084771192 0.819 0.04951237809452363 0.054
0 0.4088522130532633 0.6745 0.04351087771942986 0.06
0 0.4409227306826707 0.70625 0.04538634658664666 0.0545
0 0.4848087021755439 0.7005 0.046136534133533386 0.052
0 0.518754688672168 0.74825 0.05251312828207052 0.0625
0 0.5536384096024006 0.76175 0.03825956489122281 0.0625
0 0.4493623405851463 0.64875 0.04801200300075019 0.0605
0 0.3267066766691673 0.63475 0.0555138784696174 0.0545
0 0.34152288072018006 0.58675 0.04538634658664666 0.0595
0 0.3743435858964741 0.63175 0.04351087771942986 0.0605
0 0.3945986496624156 0.59775 0.046511627906976744 0.0625
0 0.3630907726931733 0.54225 0.04351087771942986 0.0615
0 0.3977869467366842 0.53175 0.047636909227306824 0.0645
0 0.3724681170292573 0.48975 0.04951237809452363 0.0595
0 0.32633158289572395 0.4785 0.04276069017254314 0.064
0 0.12996999249812452 0.42525 0.04463615903975994 0.0615
0 0.1599774943735934 0.39825 0.04688672168042011 0.0655
0 0.20048762190547637 0.38325 0.05438859714928732 0.0555
0 0.20742685671417854 0.3315 0.046511627906976744 0.045
0 0.22786946736684172 0.3045 0.05288822205551388 0.063
0 0.26125281320330085 0.33925 0.046136534133533386 0.0645
0 0.24868717179294825 0.379 0.05251312828207052 0.059
0 0.31057764441110275 0.329 0.05101275318829707 0.065
0 0.24174793698424607 0.24075 0.05438859714928732 0.0645
0 0.3115153788447112 0.227 0.05138784696174044 0.066
0 0.3756564141035259 0.2525 0.04838709677419355 0.071
0 0.3642160540135034 0.29925 0.04276069017254314 0.0635
0 0.34152288072018006 0.3745 0.04388597149287322 0.062
0 0.29857464366091524 0.4205 0.04426106526631658 0.062
0 0.3505251312828207 0.4335 0.04388597149287322 0.064
0 0.3842835708927232 0.4015 0.05288822205551388 0.065
0 0.41260315078769694 0.44825 0.047261815453863466 0.0665
0 0.4157914478619655 0.355 0.04688672168042011 0.067
0 0.42291822955738934 0.2905 0.0536384096024006 0.059
0 0.41841710427606904 0.225 0.0536384096024006 0.069
0 0.4759939984996249 0.204 0.05251312828207052 0.073
0 0.490622655663916 0.2665 0.04876219054763691 0.069
0 0.4662415603900975 0.32925 0.04576144036009002 0.0765
0 0.4759939984996249 0.38925 0.047261815453863466 0.0675
0 0.5236309077269318 0.365 0.05476369092273068 0.065
0 0.5215678919729932 0.31 0.04688672168042011 0.064
0 0.5247561890472618 0.2255 0.05026256564141035 0.068
0 0.5617029257314329 0.2415 0.061890472618154536 0.075
0 0.5703300825206301 0.318 0.04838709677419355 0.07
0 0.43904726181545384 0.50075 0.05438859714928732 0.0655
0 0.47749437359339836 0.45875 0.04951237809452363 0.0625
0 0.5185671417854464 0.43375 0.043135783945986494 0.0645
0 0.5618904726181545 0.4305 0.051762940735183796 0.073
0 0.5412603150787697 0.4985 0.051762940735183796 0.073
0 0.5003750937734434 0.50775 0.04276069017254314 0.0615
0 0.4578019504876219 0.55775 0.05888972243060765 0.0725
0 0.44786196549137286 0.59375 0.047261815453863466 0.0495
0 0.48930982745686424 0.62375 0.046136534133533386 0.0665
0 0.5208177044261065 0.66325 0.038634658664666165 0.0605
0 0.5605776444111028 0.644 0.04913728432108027 0.059
0 0.544073518379595 0.58375 0.04463615903975994 0.0645
0 0.5033758439609902 0.56625 0.04576144036009002 0.0535
0 0.5902100525131283 0.74725 0.043135783945986494 0.0585
0 0.6117779444861215 0.7875 0.05251312828207052 0.059
0 0.6616654163540885 0.7625 0.05101275318829707 0.061
0 0.6228432108027007 0.71675 0.04838709677419355 0.0655
0 0.5761440360090022 0.69375 0.047261815453863466 0.0585
0 0.6042760690172543 0.65 0.04951237809452363 0.056
0 0.6466616654163541 0.66575 0.046511627906976744 0.0675
0 0.6927981995498874 0.69625 0.051762940735183796 0.0655
0 0.6836084021005251 0.63275 0.04913728432108027 0.0655
0 0.7233683420855214 0.664 0.047636909227306824 0.059
0 0.7389347336834209 0.71175 0.04576144036009002 0.0535
0 0.7719429857464366 0.66625 0.04801200300075019 0.0665
0 0.7989497374343586 0.70275 0.05101275318829707 0.0595
0 0.7151162790697675 0.58125 0.04988747186796699 0.0665
0 0.5902100525131283 0.59575 0.04838709677419355 0.0605
0 0.5797074268567142 0.53775 0.041635408852213056 0.0595
0 0.5883345836459115 0.4775 0.0536384096024006 0.064
0 0.6404726181545386 0.4925 0.04988747186796699 0.067
0 0.6247186796699175 0.55075 0.0536384096024006 0.0695
0 0.6489122280570142 0.5905 0.047261815453863466 0.056
0 0.6639159789947486 0.535 0.04801200300075019 0.061
0 0.6926106526631658 0.48625 0.05438859714928732 0.0705
0 0.722430607651913 0.5305 0.05101275318829707 0.069
0 0.5963990997749438 0.38525 0.05251312828207052 0.0695
0 0.6415978994748687 0.36775 0.05288822205551388 0.0685
0 0.6665416354088523 0.41525 0.051762940735183796 0.0645
0 0.7064891222805701 0.4165 0.046136534133533386 0.069
0 0.6939234808702176 0.362 0.0555138784696174 0.069
0 0.6134658664666166 0.31475 0.047636909227306824 0.0665
0 0.6329707426856714 0.24075 0.04688672168042011 0.0695
0 0.6901725431357839 0.29675 0.05026256564141035 0.0665
0 0.7381845461365342 0.34225 0.04351087771942986 0.0655
0 0.7524381095273819 0.2855 0.056264066016504126 0.063
0 0.7556264066016504 0.40775 0.04838709677419355 0.0725
0 0.7903225806451613 0.39125 0.04951237809452363 0.0665
0 0.7929482370592649 0.4495 0.04276069017254314 0.066
0 0.7511252813203301 0.46775 0.0536384096024006 0.0645
0 0.764066016504126 0.522 0.051762940735183796 0.075
0 0.799324831207802 0.5745 0.05401350337584396 0.068
0 0.8162040510127532 0.63825 0.04576144036009002 0.0705
0 0.8465866466616654 0.729 0.03900975243810953 0.041
0 0.8493998499624906 0.6875 0.046136534133533386 0.061
0 0.8777194298574643 0.65025 0.05026256564141035 0.0675
0 0.8840960240060015 0.68875 0.03150787696924231 0.0385
0 0.9390472618154538 0.63725 0.046136534133533386 0.0645
0 0.8966616654163541 0.598 0.04838709677419355 0.063
0 0.9131657914478619 0.53175 0.04988747186796699 0.0665
0 0.9221680420105026 0.56825 0.04463615903975994 0.0495
0 0.8443360840210052 0.55175 0.05251312828207052 0.0585
0 0.8248312078019505 0.50175 0.04801200300075019 0.0645
0 0.8340210052513128 0.444 0.047636909227306824 0.063
0 0.8636534133533383 0.49675 0.04388597149287322 0.0715
0 0.8739684921230307 0.434 0.046511627906976744 0.064
0 0.8977869467366841 0.4605 0.046136534133533386 0.066
0 0.8306451612903226 0.36775 0.047636909227306824 0.0675
0 0.2890097524381095 0.6675 0.04538634658664666 0.055
