0 0.0555138784696174 0.376 0.05476369092273068 0.07
0 0.08702175543885972 0.3345 0.06001500375093773 0.068
0 0.11740435108777195 0.40025 0.05101275318829707 0.0705
0 0.10502625656414104 0.4285 0.05476369092273068 0.064
0 0.16166541635408851 0.444 0.05476369092273068 0.066
0 0.21192798199549887 0.47325 0.05701425356339085 0.0665
0 0.22111777944486122 0.397 0.05588897224306077 0.072
0 0.27344336084021004 0.446 0.0555138784696174 0.07
0 0.15941485371342837 0.3565 0.0555138784696174 0.079
0 0.19617404351087772 0.32175 0.060765191297824456 0.0695
0 0.15003750937734434 0.25175 0.0622655663915979 0.0785
0 0.18192048012003 0.17125 0.06151537884471118 0.0945
0 0.26650412603150786 0.1985 0.055138784696174045 0.085
0 0.32333083270817703 0.2475 0.060765191297824456 0.072
0 0.3516504126031508 0.171 0.0603900975243811 0.088
0 0.40585146286571644 0.233 0.06301575393848462 0.082
0 0.4118529632408102 0.15875 0.06001500375093773 0.0875
0 0.4696174043510878 0.205 0.05776444111027757 0.085
0 0.4549887471867967 0.282 0.05401350337584396 0.073
0 0.49849962490622657 0.3265 0.05251312828207052 0.069
0 0.3790322580645161 0.29825 0.05588897224306077 0.0715
0 0.4255438859714929 0.35525 0.05738934733683421 0.0805
0 0.3345836459114779 0.34825 0.05401350337584396 0.0785
0 0.27063015753938485 0.35575 0.061140285071267814 0.0645
0 0.31807951987997 0.39675 0.04801200300075019 0.0685
0 0.377344336084021 0.3925 0.05401350337584396 0.066
0 0.4279819954988747 0.422 0.05326331582895724 0.059
0 0.48255813953488375 0.41025 0.05438859714928732 0.0645
0 0.4686796699174794 0.4575 0.04913728432108027 0.061
0 0.4197299324831208 0.4845 0.05251312828207052 0.065
0 0.3675918979744936 0.452 0.05326331582895724 0.065
0 0.31957989497374345 0.4715 0.05701425356339085 0.062
0 0.2704426106526632 0.52675 0.056264066016504126 0.0605
0 0.22186796699174793 0.53475 0.04988747186796699 0.0635
0 0.19092273068267065 0.5385 0.04426106526631658 0.064
0 0.13822205551387848 0.51325 0.05288822205551388 0.0575
0 0.13634658664666166 0.54175 0.056639159789947484 0.0415
0 0.17854463615903976 0.58975 0.047261815453863466 0.0585
0 0.22468117029257315 0.6005 0.04276069017254314 0.062
0 0.2586271567891973 0.568 0.05138784696174044 0.057
0 0.2828207051762941 0.6075 0.04801200300075019 0.053
0 0.27156789197299325 0.64325 0.04801200300075019 0.0495
0 0.3218304576144036 0.59625 0.05026256564141035 0.0475
0 0.32239309827456863 0.661 0.04988747186796699 0.042
0 0.36027756939234806 0.6365 0.04913728432108027 0.052
0 0.38278319579894976 0.677 0.04538634658664666 0.053
0 0.4156039009752438 0.65575 0.051762940735183796 0.0475
0 0.4279819954988747 0.69125 0.0450112528132033 0.0425
0 0.4722430607651913 0.69775 0.046511627906976744 0.0535
0 0.45630157539384847 0.6445 0.04838709677419355 0.059
0 0.40828957239309827 0.60975 0.04988747186796699 0.0555
0 0.36552888222055513 0.57925 0.050637659414853715 0.0495
0 0.3210802700675169 0.55075 0.05101275318829707 0.0555
0 0.36196549137284323 0.52975 0.051762940735183796 0.0615
0 0.4139159789947487 0.544 0.04838709677419355 0.05
0 0.458927231807952 0.5785 0.050637659414853715 0.06
0 0.5178169542385597 0.6715 0.04988747186796699 0.058
0 0.530570142535634 0.60125 0.046136534133533386 0.0585
0 0.5118154538634658 0.557 0.050637659414853715 0.057
0 0.4846211552888222 0.51975 0.046511627906976744 0.0685
0 0.5313203300825207 0.4995 0.04988747186796699 0.071
0 0.5611402850712678 0.542 0.04576144036009002 0.063
0 0.5813953488372093 0.57875 0.05476369092273068 0.0385
0 0.5553263315828957 0.2105 0.06339084771192798 0.079
0 0.5583270817704427 0.28825 0.05813953488372093 0.0835
0 0.563953488372093 0.35275 0.055138784696174045 0.0645
0 0.6205926481620405 0.341 0.04838709677419355 0.073
0 0.6603525881470368 0.3685 0.04538634658664666 0.075
0 0.6260315078769693 0.25375 0.05401350337584396 0.0805
0 0.6076519129782446 0.1695 0.058514628657164294 0.074
0 0.6845461365341335 0.208 0.06751687921980495 0.075
0 0.7336834208552138 0.244 0.05926481620405101 0.08
0 0.7121155288822205 0.319 0.05738934733683421 0.078
0 0.5643285821455364 0.41725 0.05588897224306077 0.0625
0 0.5789572393098275 0.475 0.05438859714928732 0.063
0 0.6260315078769693 0.44075 0.05026256564141035 0.0635
0 0.6250937734433608 0.4945 0.04838709677419355 0.06
0 0.6481620405101275 0.54025 0.046511627906976744 0.0575
0 0.6704801200300075 0.483 0.052138034508627154 0.066
0 0.7239309827456865 0.49775 0.06001500375093773 0.0565
0 0.691297824456114 0.41675 0.05251312828207052 0.0685
0 0.7344336084021005 0.442 0.051762940735183796 0.063
0 0.7398724681170292 0.37925 0.059639909977494375 0.0635
0 0.7801950487621906 0.39775 0.05476369092273068 0.0705
0 0.77344336084021 0.468 0.04801200300075019 0.069
0 0.8184546136534133 0.47525 0.05776444111027757 0.0585
0 0.8293323330832708 0.42525 0.05326331582895724 0.0615
0 0.8349587396849212 0.36775 0.05776444111027757 0.0675
0 0.7597524381095274 0.3035 0.05738934733683421 0.068
0 0.7850712678169542 0.24 0.05401350337584396 0.082
0 0.8207051762940735 0.29275 0.05926481620405101 0.0625
0 0.781695423855964 0.1415 0.0795198799699925 0.088
0 0.8728432108027007 0.1965 0.06526631657914479 0.085
0 0.9381095273818455 0.2695 0.07426856714178545 0.096
0 0.39816204051012755 0.7495 0.047636909227306824 0.054
