0 0.4416729182295574 0.06925 0.047636909227306824 0.0635
0 0.4036009002250563 0.085 0.05251312828207052 0.073
0 0.34039759939985 0.11075 0.047636909227306824 0.0705
0 0.3313953488372093 0.1685 0.0536384096024006 0.064
0 0.37696924231057766 0.16425 0.05101275318829707 0.0715
0 0.4789947486871718 0.12275 0.05101275318829707 0.0745
0 0.3285821455363841 0.24475 0.05701425356339085 0.0735
0 0.29744936234058517 0.304 0.04801200300075019 0.067
0 0.291072768192048 0.3595 0.05701425356339085 0.074
0 0.254126031507877 0.40075 0.05438859714928732 0.0695
0 0.299887471867967 0.42925 0.05813953488372093 0.0725
0 0.263503375843961 0.50825 0.050637659414853715 0.0655
0 0.31207801950487624 0.49375 0.051762940735183796 0.0655
0 0.29351087771942985 0.567 0.050637659414853715 0.071
0 0.3390847711927982 0.34125 0.05251312828207052 0.0665
0 0.3454613653413353 0.402 0.047261815453863466 0.074
0 0.3555888972243061 0.49175 0.0555138784696174 0.0685
0 0.37040510127531884 0.54975 0.05588897224306077 0.0705
0 0.34246061515378845 0.61525 0.051762940735183796 0.0635
0 0.4172918229557389 0.20675 0.04388597149287322 0.0745
0 0.3840960240060015 0.2385 0.046511627906976744 0.069
0 0.3765941485371343 0.30525 0.05326331582895724 0.0645
0 0.38484621155288823 0.361 0.05026256564141035 0.064
0 0.38540885221305327 0.443 0.050637659414853715 0.065
0 0.40003750937734434 0.5075 0.04688672168042011 0.065
0 0.36084021005251316 0.65975 0.04951237809452363 0.0705
0 0.3584021005251313 0.718 0.050637659414853715 0.063
0 0.3934733683420855 0.69225 0.047261815453863466 0.0655
0 0.4212303075768942 0.63625 0.04801200300075019 0.0665
0 0.41766691672918227 0.57125 0.04538634658664666 0.0705
0 0.43210802700675166 0.7885 0.0450112528132033 0.069
0 0.463615903975994 0.803 0.030007501875468866 0.046
0 0.4626781695423856 0.7465 0.04913728432108027 0.065
0 0.45161290322580644 0.68825 0.04276069017254314 0.0665
0 0.4894973743435859 0.682 0.04801200300075019 0.064
0 0.5213803450862715 0.7555 0.04801200300075019 0.061
0 0.5320705176294074 0.7065 0.043135783945986494 0.065
0 0.46811702925731435 0.6095 0.05251312828207052 0.069
0 0.4737434358589647 0.55 0.047261815453863466 0.069
0 0.5142535633908477 0.588 0.046511627906976744 0.063
0 0.4382970742685671 0.4715 0.047636909227306824 0.065
0 0.47430607651912976 0.495 0.05138784696174044 0.063
0 0.423105776444111 0.41 0.04276069017254314 0.07
0 0.47580645161290325 0.434 0.04463615903975994 0.065
0 0.5189422355588897 0.52575 0.04688672168042011 0.0685
0 0.4347336834208552 0.3355 0.05026256564141035 0.067
0 0.4247936984246061 0.2795 0.04988747186796699 0.077
0 0.4654913728432108 0.262 0.047261815453863466 0.069
0 0.4739309827456864 0.1925 0.046136534133533386 0.062
0 0.5129407351837959 0.17575 0.04463615903975994 0.0615
0 0.5118154538634658 0.255 0.047636909227306824 0.068
0 0.5632033008252063 0.2245 0.04538634658664666 0.061
0 0.5645161290322581 0.29325 0.04951237809452363 0.0545
0 0.5106901725431358 0.32675 0.04913728432108027 0.0645
0 0.47505626406601653 0.3685 0.050637659414853715 0.07
0 0.5118154538634658 0.381 0.047636909227306824 0.065
0 0.5527006751687922 0.34575 0.047636909227306824 0.0665
0 0.6024006001500375 0.32 0.047261815453863466 0.069
0 0.5770817704426107 0.3785 0.05438859714928732 0.063
0 0.5136909227306826 0.4475 0.04538634658664666 0.061
0 0.5585146286571643 0.44125 0.046511627906976744 0.0645
0 0.6110277569392348 0.444 0.05026256564141035 0.07
0 0.6175918979744937 0.39125 0.046136534133533386 0.0595
0 0.6551012753188297 0.431 0.04538634658664666 0.063
0 0.6858589647411854 0.45325 0.04463615903975994 0.0665
0 0.6451612903225806 0.48425 0.04801200300075019 0.0625
0 0.6059639909977494 0.50525 0.04463615903975994 0.0595
0 0.5618904726181545 0.5135 0.04876219054763691 0.063
0 0.5553263315828957 0.58225 0.04013503375843961 0.0625
0 0.544073518379595 0.6435 0.04463615903975994 0.064
0 0.5817704426106527 0.62025 0.04876219054763691 0.0615
0 0.6162790697674418 0.5765 0.047261815453863466 0.06
0 0.6430982745686422 0.55325 0.04988747186796699 0.0575
0 0.6851087771942985 0.516 0.04463615903975994 0.066
0 0.7252438109527382 0.49425 0.043135783945986494 0.0635
0 0.722993248312078 0.548 0.043135783945986494 0.061
0 0.6873593398349588 0.57375 0.04538634658664666 0.0605
0 0.6504126031507877 0.608 0.05026256564141035 0.06
0 0.6256564141035259 0.655 0.04276069017254314 0.063
0 0.5832708177044261 0.684 0.04801200300075019 0.058
0 0.522880720180045 0.8705 0.051762940735183796 0.067
0 0.5371342835708928 0.8915 0.03975993998499625 0.063
0 0.5442610652663166 0.8095 0.046511627906976744 0.062
0 0.5755813953488372 0.86225 0.04538634658664666 0.0645
0 0.5969617404351087 0.911 0.04463615903975994 0.055
0 0.6387846961740435 0.93725 0.0450112528132033 0.0655
0 0.6854838709677419 0.953 0.04838709677419355 0.062
0 0.7349962490622656 0.952 0.04688672168042011 0.07
0 0.7730682670667667 0.9205 0.05026256564141035 0.06
0 0.5864591147786947 0.8035 0.046136534133533386 0.062
0 0.6277194298574643 0.8415 0.046136534133533386 0.065
0 0.6612903225806451 0.88175 0.04351087771942986 0.0585
0 0.7083645911477869 0.888 0.046136534133533386 0.054
0 0.7518754688672168 0.858 0.050637659414853715 0.067
0 0.8253938484621155 0.8475 0.04913728432108027 0.066
0 0.7884471117779445 0.82625 0.046511627906976744 0.0455
0 0.7458739684921231 0.80775 0.04838709677419355 0.0605
0 0.6997374343585896 0.81075 0.04388597149287322 0.0595
0 0.6539759939984996 0.81075 0.04088522130532633 0.0615
0 0.6307201800450113 0.7785 0.04388597149287322 0.063
0 0.59152288072018 0.75225 0.046511627906976744 0.0595
0 0.6292198049512379 0.71725 0.04538634658664666 0.0645
0 0.6731057764441111 0.7545 0.04688672168042011 0.058
0 0.7154913728432108 0.7535 0.04838709677419355 0.062
0 0.7633158289572393 0.7505 0.04351087771942986 0.065
0 0.8010127531882971 0.7665 0.041635408852213056 0.063
0 0.844523630907727 0.787 0.04538634658664666 0.061
0 0.6571642910727682 0.6795 0.04351087771942986 0.06
0 0.7010502625656414 0.6925 0.046511627906976744 0.061
0 0.7085521380345087 0.64025 0.04276069017254314 0.0625
0 0.7481245311327832 0.6705 0.04913728432108027 0.063
0 0.7914478619654913 0.71025 0.04276069017254314 0.0575
0 0.8392723180795199 0.69825 0.046136534133533386 0.0585
0 0.831582895723931 0.65525 0.04126031507876969 0.0605
0 0.7923855963990998 0.64975 0.03938484621155289 0.0665
0 0.7445611402850713 0.6105 0.047261815453863466 0.057
0 0.799324831207802 0.58725 0.04576144036009002 0.0615
0 0.7766316579144786 0.55225 0.04088522130532633 0.0645
