0 0.10352588147036759 0.4065 0.07501875468867217 0.085
0 0.1714178544636159 0.397 0.06976744186046512 0.088
0 0.22918229557389347 0.348 0.07726931732933233 0.09
0 0.29163540885221306 0.30175 0.07389347336834208 0.1015
0 0.2730682670667667 0.3995 0.07351837959489872 0.095
0 0.34433608402100524 0.382 0.07801950487621906 0.1
0 0.3287696924231058 0.4645 0.07239309827456865 0.091
0 0.26556639159789946 0.4845 0.058514628657164294 0.093
0 0.2385596399099775 0.53175 0.05401350337584396 0.0805
0 0.2777569392348087 0.5985 0.05888972243060765 0.081
0 0.31095273818454616 0.55325 0.06151537884471118 0.0915
0 0.3825956489122281 0.522 0.06001500375093773 0.094
0 0.3642160540135034 0.602 0.07126781695423856 0.082
0 0.31357839459864967 0.65925 0.06976744186046512 0.0785
0 0.3709677419354839 0.6955 0.05926481620405101 0.079
0 0.1445986496624156 0.484 0.07614403600900226 0.086
0 0.15153788447111777 0.55975 0.06601650412603151 0.0735
0 0.41166541635408854 0.3285 0.06789197299324831 0.105
0 0.46324081020255065 0.38125 0.07576894223555888 0.0925
0 0.4030382595648912 0.43725 0.06864216054013503 0.0865
0 0.4769317329332333 0.46775 0.06639159789947487 0.0935
0 0.463615903975994 0.561 0.06301575393848462 0.086
0 0.4291072768192048 0.6365 0.06601650412603151 0.083
0 0.42854463615903976 0.743 0.05738934733683421 0.084
0 0.47749437359339836 0.7865 0.05926481620405101 0.079
0 0.5360090022505627 0.74925 0.06676669167291822 0.0735
0 0.48199549887471865 0.6975 0.06001500375093773 0.085
0 0.4939984996249062 0.629 0.06826706676669167 0.079
0 0.5525131282820706 0.669 0.05776444111027757 0.084
0 0.5365716429107277 0.54925 0.06939234808702176 0.0885
0 0.5427606901725431 0.46925 0.060765191297824456 0.0905
0 0.5110652663165791 0.30025 0.06339084771192798 0.0925
0 0.5617029257314329 0.36275 0.06939234808702176 0.0895
0 0.5761440360090022 0.26725 0.07501875468867217 0.1015
0 0.6235933983495874 0.3295 0.06564141035258815 0.093
0 0.6905476369092273 0.293 0.072768192048012 0.1
0 0.6946736684171043 0.39925 0.08252063015753938 0.0895
0 0.7620030007501876 0.361 0.07314328582145536 0.093
0 0.6136534133533383 0.437 0.06976744186046512 0.095
0 0.5965866466616654 0.515 0.06339084771192798 0.086
0 0.6507876969242311 0.563 0.07126781695423856 0.094
0 0.6976744186046512 0.4895 0.07126781695423856 0.083
0 0.7753188297074268 0.4745 0.07426856714178545 0.097
0 0.8432108027006752 0.41975 0.07051762940735183 0.0995
0 0.8702175543885972 0.49025 0.07501875468867217 0.0945
0 0.8036384096024006 0.5375 0.07164291072768192 0.087
0 0.7378094523630908 0.5675 0.0795198799699925 0.097
0 0.7876969242310577 0.63175 0.0690172543135784 0.0885
0 0.878469617404351 0.586 0.07501875468867217 0.086
0 0.9504876219054764 0.53225 0.07651912978244561 0.0955
0 0.9638034508627157 0.61375 0.06789197299324831 0.0945
0 0.8850337584396099 0.67425 0.06939234808702176 0.0875
0 0.9516129032258065 0.71125 0.07876969242310577 0.0895
0 0.891972993248312 0.756 0.06826706676669167 0.094
0 0.8223930982745686 0.781 0.061890472618154536 0.084
0 0.8118904726181545 0.6995 0.05813953488372093 0.095
0 0.7526256564141035 0.75475 0.061140285071267814 0.0835
0 0.6609152288072018 0.66175 0.06751687921980495 0.0955
0 0.6826706676669168 0.75 0.07126781695423856 0.082
0 0.6114028507126782 0.71375 0.06601650412603151 0.0835
0 0.596211552888222 0.619 0.06939234808702176 0.077
