0 0.1417854463615904 0.28225 0.07051762940735183 0.0745
0 0.14253563390847712 0.3685 0.06676669167291822 0.076
0 0.20142535633908476 0.369 0.0690172543135784 0.089
0 0.16710427606901726 0.44775 0.06864216054013503 0.0785
0 0.1406601650412603 0.5125 0.06676669167291822 0.075
0 0.16072768192048012 0.59325 0.05813953488372093 0.0865
0 0.1339084771192798 0.65075 0.05326331582895724 0.0855
0 0.17329332333083272 0.71725 0.07051762940735183 0.0725
0 0.2511252813203301 0.72975 0.06339084771192798 0.0675
0 0.21492873218304576 0.64625 0.06526631657914479 0.0745
0 0.2642535633908477 0.6655 0.06264066016504126 0.072
0 0.24343585896474118 0.5955 0.06601650412603151 0.072
0 0.21530382595648911 0.52275 0.07351837959489872 0.0785
0 0.2591897974493623 0.44125 0.06526631657914479 0.0845
0 0.2826331582895724 0.51525 0.06489122280570142 0.0735
0 0.28507126781695424 0.3665 0.06976744186046512 0.092
0 0.3143285821455364 0.26125 0.06151537884471118 0.0955
0 0.3696549137284321 0.31175 0.06864216054013503 0.0925
0 0.35952738184546135 0.384 0.05813953488372093 0.076
0 0.32801950487621906 0.4555 0.06489122280570142 0.082
0 0.35015003750937734 0.534 0.05888972243060765 0.077
0 0.3094523630907727 0.6165 0.06601650412603151 0.088
0 0.3377719429857464 0.6925 0.06489122280570142 0.086
0 0.31807951987997 0.72875 0.056264066016504126 0.0665
0 0.3803450862715679 0.72875 0.04876219054763691 0.0685
0 0.3925356339084771 0.663 0.0603900975243811 0.075
0 0.43942235558889725 0.71075 0.059639909977494375 0.0685
0 0.5016879219804952 0.734 0.05588897224306077 0.06
0 0.3994748687171793 0.5895 0.06151537884471118 0.063
0 0.44954988747186797 0.61125 0.04238559639909977 0.0695
0 0.3927231807951988 0.48725 0.05701425356339085 0.0775
0 0.4279819954988747 0.4325 0.06976744186046512 0.093
0 0.436046511627907 0.3605 0.06789197299324831 0.084
0 0.39909977494373594 0.228 0.07351837959489872 0.084
0 0.4482370592648162 0.2725 0.06526631657914479 0.089
0 0.44223555888972244 0.181 0.0622655663915979 0.088
0 0.6145911477869468 0.2095 0.0671417854463616 0.094
0 0.554576144036009 0.269 0.07464366091522881 0.089
0 0.6123405851462865 0.281 0.06264066016504126 0.082
0 0.5828957239309828 0.36 0.05776444111027757 0.088
0 0.5131282820705176 0.37075 0.060765191297824456 0.0905
0 0.5558889722430608 0.42075 0.05401350337584396 0.0845
0 0.49174793698424607 0.44325 0.05401350337584396 0.0735
0 0.531695423855964 0.49775 0.055138784696174045 0.0775
0 0.45555138784696175 0.5255 0.05588897224306077 0.082
0 0.4949362340585146 0.5595 0.056639159789947484 0.075
0 0.5553263315828957 0.56725 0.055138784696174045 0.0765
0 0.6046511627906976 0.60775 0.05776444111027757 0.0695
0 0.5232558139534884 0.65175 0.05776444111027757 0.0755
0 0.5731432858214554 0.6745 0.05326331582895724 0.076
0 0.5652663165791448 0.7475 0.056264066016504126 0.064
0 0.6243435858964741 0.79325 0.05288822205551388 0.0695
0 0.6747936984246061 0.82675 0.05026256564141035 0.0635
0 0.6991747936984246 0.77825 0.056264066016504126 0.0685
0 0.7214928732183046 0.7985 0.046136534133533386 0.062
0 0.7738184546136534 0.8015 0.046511627906976744 0.072
0 0.622093023255814 0.70525 0.05438859714928732 0.0605
0 0.635596399099775 0.64925 0.05438859714928732 0.0635
0 0.677794448612153 0.68625 0.0555138784696174 0.0635
0 0.5842085521380345 0.51125 0.05813953488372093 0.0795
0 0.632033008252063 0.55525 0.05326331582895724 0.0695
0 0.6676669167291823 0.58375 0.0555138784696174 0.0715
0 0.6052138034508627 0.42325 0.05438859714928732 0.0715
0 0.6489122280570142 0.471 0.05776444111027757 0.076
0 0.6858589647411854 0.51275 0.05588897224306077 0.0715
0 0.6569767441860465 0.39575 0.055138784696174045 0.0705
0 0.7025506376594148 0.44775 0.0555138784696174 0.0805
0 0.6779819954988747 0.32675 0.056639159789947484 0.0715
0 0.7342460615153789 0.37875 0.05813953488372093 0.0615
0 0.7803825956489122 0.44575 0.05888972243060765 0.0975
0 0.7503750937734434 0.492 0.05813953488372093 0.075
0 0.8163915978994749 0.48125 0.05588897224306077 0.0795
0 0.8017629407351838 0.5615 0.052138034508627154 0.082
0 0.7303075768942235 0.5935 0.06376594148537135 0.061
0 0.7595648912228057 0.66625 0.060765191297824456 0.0705
0 0.7839459864966242 0.7035 0.0555138784696174 0.056
0 0.7972618154538634 0.62625 0.05888972243060765 0.0715
0 0.7530007501875469 0.73525 0.052138034508627154 0.0635
0 0.8158289572393098 0.7525 0.060765191297824456 0.06
0 0.8582145536384096 0.71525 0.05776444111027757 0.0715
0 0.728244561140285 0.88525 0.05138784696174044 0.0685
0 0.8563390847711928 0.633 0.04801200300075019 0.077
0 0.8878469617404351 0.57375 0.05401350337584396 0.0895
0 0.8780945236309077 0.48325 0.05101275318829707 0.0715
0 0.8308327081770442 0.36675 0.0555138784696174 0.0675
0 0.6918604651162791 0.22475 0.06489122280570142 0.0965
0 0.7291822955738935 0.16475 0.06601650412603151 0.0955
0 0.7606901725431358 0.2035 0.05101275318829707 0.083
0 0.7758814703675919 0.2835 0.0536384096024006 0.084
0 0.8088897224306076 0.302 0.056639159789947484 0.079
0 0.8334583645911477 0.2245 0.06001500375093773 0.096
0 0.8859714928732183 0.2555 0.06001500375093773 0.098
0 0.8797824456114028 0.3275 0.04913728432108027 0.077
