0 0.42610652663165793 0.195 0.07651912978244561 0.092
0 0.49681170292573146 0.2145 0.07539384846211553 0.101
0 0.5613278319579895 0.22925 0.07839459864966242 0.1045
0 0.28319579894973745 0.29575 0.07726931732933233 0.0955
0 0.35108777194298574 0.25775 0.07201800450112528 0.1065
0 0.42198049512378094 0.3035 0.0690172543135784 0.104
0 0.5129407351837959 0.29925 0.06564141035258815 0.0945
0 0.618529632408102 0.282 0.07126781695423856 0.088
0 0.6802325581395349 0.27 0.06564141035258815 0.096
0 0.19073518379594898 0.4015 0.07689422355588897 0.097
0 0.2758814703675919 0.4015 0.0708927231807952 0.089
0 0.36159039759939987 0.36475 0.07051762940735183 0.0895
0 0.3343960990247562 0.444 0.07389347336834208 0.092
0 0.4264816204051013 0.39825 0.07201800450112528 0.1035
0 0.5268192048012003 0.4 0.061890472618154536 0.088
0 0.5920855213803451 0.36225 0.05888972243060765 0.0915
0 0.6864216054013503 0.36625 0.07201800450112528 0.0915
0 0.7665041260315079 0.371 0.06489122280570142 0.104
0 0.8300825206301575 0.388 0.05926481620405101 0.092
0 0.1436609152288072 0.46725 0.072768192048012 0.1015
0 0.2394973743435859 0.48125 0.06864216054013503 0.0945
0 0.390285071267817 0.49825 0.07464366091522881 0.0965
0 0.4866841710427607 0.47025 0.06489122280570142 0.0855
0 0.5470742685671418 0.4785 0.06789197299324831 0.095
0 0.6331582895723931 0.43975 0.06751687921980495 0.0755
0 0.7239309827456865 0.4435 0.06676669167291822 0.087
0 0.7959489872468117 0.463 0.06301575393848462 0.08
0 0.8884096024006002 0.4345 0.05888972243060765 0.089
0 0.07689422355588897 0.58475 0.08027006751687922 0.0795
0 0.13784696174043512 0.61175 0.07689422355588897 0.0935
0 0.1946736684171043 0.54475 0.072768192048012 0.0805
0 0.26744186046511625 0.5715 0.06526631657914479 0.099
0 0.3220180045011253 0.53725 0.07164291072768192 0.0885
0 0.45480120030007504 0.551 0.061890472618154536 0.088
0 0.5116279069767442 0.55025 0.06001500375093773 0.0785
0 0.6123405851462865 0.52625 0.05888972243060765 0.0795
0 0.6686046511627907 0.51025 0.059639909977494375 0.0875
0 0.8469617404351087 0.50925 0.0555138784696174 0.0775
0 0.0939609902475619 0.6535 0.07614403600900226 0.071
0 0.2108027006751688 0.6435 0.07501875468867217 0.076
0 0.3075768942235559 0.6445 0.07201800450112528 0.085
0 0.37134283570892723 0.595 0.06676669167291822 0.084
0 0.427231807951988 0.62775 0.06526631657914479 0.0855
0 0.4904351087771943 0.6465 0.06789197299324831 0.087
0 0.5622655663915979 0.6115 0.06826706676669167 0.097
0 0.653788447111778 0.594 0.06826706676669167 0.088
0 0.7389347336834209 0.54675 0.06151537884471118 0.0855
0 0.7878844711177795 0.57 0.06264066016504126 0.096
0 0.7361215303825956 0.621 0.06339084771192798 0.092
0 0.6950487621905477 0.68925 0.06976744186046512 0.0925
0 0.6160915228807202 0.67175 0.07014253563390847 0.0805
0 0.5225056264066017 0.709 0.06526631657914479 0.088
0 0.4609902475618905 0.73425 0.0622655663915979 0.0885
0 0.382033008252063 0.7055 0.06939234808702176 0.079
0 0.3132033008252063 0.742 0.07126781695423856 0.086
0 0.245311327831958 0.72275 0.06601650412603151 0.0905
0 0.16354088522130533 0.69025 0.0795198799699925 0.0775
0 0.1380345086271568 0.7435 0.0690172543135784 0.087
0 0.19673668417104276 0.79425 0.07539384846211553 0.0765
0 0.2946361590397599 0.81525 0.0641410352588147 0.0735
0 0.3735933983495874 0.78375 0.06151537884471118 0.0875
0 0.43342085521380347 0.81675 0.07389347336834208 0.0785
0 0.5031882970742686 0.8095 0.06864216054013503 0.087
0 0.5598274568642161 0.764 0.055138784696174045 0.078
0 0.6222805701425357 0.7535 0.06601650412603151 0.085
0 0.23499624906226557 0.8235 0.05738934733683421 0.081
0 0.2798199549887472 0.8845 0.06451612903225806 0.083
0 0.3674043510877719 0.8465 0.06489122280570142 0.067
0 0.35858964741185295 0.8995 0.06451612903225806 0.071
0 0.40735183795948987 0.86025 0.05776444111027757 0.0655
0 0.48124531132783194 0.89225 0.05776444111027757 0.0705
0 0.532258064516129 0.86525 0.05926481620405101 0.0725
0 0.5693923480870218 0.891 0.05776444111027757 0.073
