0 0.11927981995498875 0.8125 0.06601650412603151 0.087
0 0.1723555888972243 0.85 0.06489122280570142 0.077
0 0.2108027006751688 0.92 0.0622655663915979 0.087
0 0.2576894223555889 0.8565 0.06526631657914479 0.086
0 0.28019504876219054 0.9025 0.0555138784696174 0.076
0 0.3336459114778695 0.8625 0.05738934733683421 0.07
0 0.31732933233308325 0.8055 0.05101275318829707 0.073
0 0.22824456114028507 0.791 0.0641410352588147 0.076
0 0.26481620405101275 0.73025 0.05326331582895724 0.0775
0 0.3237059264816204 0.73875 0.0622655663915979 0.0855
0 0.37284321080270066 0.70575 0.051762940735183796 0.0715
0 0.1447861965491373 0.72075 0.06151537884471118 0.0785
0 0.16691672918229558 0.632 0.06301575393848462 0.086
0 0.20817704426106526 0.696 0.05701425356339085 0.078
0 0.22618154538634658 0.58125 0.05476369092273068 0.0785
0 0.2524381095273818 0.6455 0.060765191297824456 0.08
0 0.25900225056264065 0.5205 0.05438859714928732 0.074
0 0.2955738934733683 0.582 0.06001500375093773 0.07
0 0.3265191297824456 0.65475 0.05438859714928732 0.0745
0 0.3801575393848462 0.631 0.04913728432108027 0.07
0 0.3548387096774194 0.56625 0.05326331582895724 0.0735
0 0.33308327081770445 0.51425 0.0555138784696174 0.0705
0 0.33983495873968494 0.4315 0.05026256564141035 0.076
0 0.4127906976744186 0.3605 0.05438859714928732 0.074
0 0.44129782445611404 0.3095 0.052138034508627154 0.07
0 0.4872468117029257 0.275 0.05026256564141035 0.07
0 0.47505626406601653 0.36875 0.055138784696174045 0.0775
0 0.42516879219804954 0.43275 0.05813953488372093 0.0635
0 0.39328582145536384 0.48725 0.04988747186796699 0.0755
0 0.4392348087021755 0.49875 0.04801200300075019 0.0775
0 0.40660165041260315 0.551 0.05476369092273068 0.071
0 0.4300450112528132 0.61 0.05288822205551388 0.069
0 0.47505626406601653 0.57875 0.04088522130532633 0.0675
0 0.4876219054763691 0.44425 0.04876219054763691 0.0825
0 0.5001875468867217 0.51525 0.047636909227306824 0.0765
0 0.4399849962490623 0.683 0.05401350337584396 0.074
0 0.3777194298574644 0.80325 0.0555138784696174 0.0795
0 0.42291822955738934 0.85525 0.05588897224306077 0.0845
0 0.42873218304576144 0.764 0.05401350337584396 0.078
0 0.4840585146286572 0.77675 0.05588897224306077 0.0735
0 0.5003750937734434 0.70825 0.04801200300075019 0.0695
0 0.5337584396099024 0.75075 0.04351087771942986 0.0695
0 0.5714553638409603 0.7025 0.047636909227306824 0.074
0 0.6042760690172543 0.76 0.04351087771942986 0.071
0 0.6462865716429107 0.78175 0.047261815453863466 0.0695
0 0.6858589647411854 0.7935 0.046136534133533386 0.064
0 0.5043135783945987 0.648 0.0536384096024006 0.061
0 0.5243810952738185 0.58 0.04951237809452363 0.066
0 0.5527006751687922 0.642 0.050637659414853715 0.069
0 0.5785821455363841 0.59675 0.052138034508627154 0.0645
0 0.6159039759939985 0.648 0.046511627906976744 0.063
0 0.6243435858964741 0.699 0.04838709677419355 0.059
0 0.6654163540885222 0.72175 0.042010502625656414 0.0625
0 0.6654163540885222 0.66275 0.04876219054763691 0.0665
0 0.6372843210802701 0.59075 0.05101275318829707 0.0615
0 0.5427606901725431 0.51825 0.04576144036009002 0.0715
0 0.5840210052513128 0.5355 0.047261815453863466 0.069
0 0.5474493623405852 0.4545 0.052138034508627154 0.063
0 0.5213803450862715 0.4015 0.051762940735183796 0.074
0 0.5682670667666917 0.3445 0.05326331582895724 0.077
0 0.614403600900225 0.39475 0.05251312828207052 0.0615
0 0.6018379594898725 0.46475 0.04538634658664666 0.0655
0 0.5622655663915979 0.231 0.0622655663915979 0.082
0 0.6005251312828207 0.26625 0.05251312828207052 0.0725
0 0.6384096024006002 0.31575 0.04351087771942986 0.0755
0 0.626781695423856 0.21775 0.04951237809452363 0.0695
0 0.6817329332333083 0.189 0.04988747186796699 0.069
0 0.6858589647411854 0.2665 0.046136534133533386 0.064
0 0.6847336834208552 0.34075 0.04088522130532633 0.0565
0 0.659039759939985 0.3855 0.0450112528132033 0.074
0 0.7046136534133534 0.4045 0.04088522130532633 0.07
0 0.6609152288072018 0.46375 0.04801200300075019 0.0625
0 0.7104276069017255 0.4735 0.046511627906976744 0.059
0 0.653788447111778 0.52625 0.046511627906976744 0.0615
0 0.6905476369092273 0.5315 0.0450112528132033 0.066
0 0.7003000750187547 0.5995 0.05026256564141035 0.071
0 0.7100525131282821 0.66425 0.04426106526631658 0.0595
0 0.7188672168042011 0.73225 0.04388597149287322 0.0625
0 0.7408102025506377 0.80025 0.046511627906976744 0.0685
0 0.7820705176294074 0.80325 0.0450112528132033 0.0675
0 0.7725056264066017 0.7185 0.04013503375843961 0.057
0 0.8135783945986497 0.7515 0.042010502625656414 0.062
0 0.8587771942985747 0.7045 0.04088522130532633 0.067
0 0.8207051762940735 0.6645 0.03975993998499625 0.065
0 0.758252063015754 0.64775 0.04013503375843961 0.0605
0 0.7314328582145536 0.60425 0.033008252063015754 0.0645
0 0.7755063765941486 0.57225 0.043135783945986494 0.0605
0 0.81807951987997 0.601 0.042010502625656414 0.059
0 0.8368342085521381 0.63425 0.03675918979744936 0.0575
0 0.8747186796699175 0.64125 0.03825956489122281 0.0505
0 0.8906601650412603 0.59025 0.036384096024006 0.0605
0 0.8499624906226556 0.567 0.04051012753188297 0.059
0 0.7983870967741935 0.51975 0.047636909227306824 0.0605
0 0.7415603900975244 0.502 0.04126031507876969 0.055
0 0.753563390847712 0.43575 0.04576144036009002 0.0755
0 0.7856339084771192 0.4605 0.04388597149287322 0.062
0 0.8220180045011253 0.436 0.04013503375843961 0.061
0 0.8525881470367592 0.5055 0.047261815453863466 0.061
0 0.8822205551387847 0.51625 0.04276069017254314 0.0595
0 0.8936609152288072 0.4595 0.041635408852213056 0.065
0 0.859714928732183 0.40925 0.042010502625656414 0.0585
0 0.7906976744186046 0.3915 0.04876219054763691 0.061
0 0.7454988747186797 0.35575 0.050637659414853715 0.0595
0 0.7241185296324081 0.29075 0.04388597149287322 0.0665
0 0.7415603900975244 0.3215 0.04576144036009002 0.058
0 0.7333083270817704 0.19825 0.04276069017254314 0.0705
0 0.780570142535634 0.23875 0.046511627906976744 0.0615
0 0.7929482370592649 0.293 0.04426106526631658 0.054
0 0.8135783945986497 0.345 0.03675918979744936 0.072
0 0.8465866466616654 0.35325 0.042010502625656414 0.0605
