0 0.07389347336834208 0.556 0.046511627906976744 0.073
0 0.08627156789197299 0.61275 0.04426106526631658 0.0585
0 0.11834208552138034 0.55275 0.04238559639909977 0.0705
0 0.09358589647411852 0.43725 0.05438859714928732 0.0715
0 0.12115528882220555 0.489 0.056264066016504126 0.056
0 0.16485371342835708 0.44575 0.05813953488372093 0.0695
0 0.19411102775693923 0.5025 0.05588897224306077 0.066
0 0.19129782445611404 0.574 0.05401350337584396 0.065
0 0.16429107276819205 0.61475 0.04951237809452363 0.0665
0 0.1121530382595649 0.685 0.051762940735183796 0.069
0 0.16279069767441862 0.70925 0.0450112528132033 0.0645
0 0.20798949737434358 0.6705 0.047636909227306824 0.068
0 0.21417854463615904 0.7375 0.046511627906976744 0.059
0 0.25618904726181546 0.72925 0.046511627906976744 0.0695
0 0.2653788447111778 0.665 0.04688672168042011 0.063
0 0.2469992498124531 0.60925 0.04838709677419355 0.0655
0 0.2376219054763691 0.5485 0.041635408852213056 0.065
0 0.28075768942235557 0.56375 0.05438859714928732 0.0625
0 0.2507501875468867 0.482 0.04838709677419355 0.074
0 0.29744936234058517 0.5055 0.04801200300075019 0.068
0 0.3148912228057014 0.4575 0.05288822205551388 0.073
0 0.2614403600900225 0.4275 0.05776444111027757 0.07
0 0.2259939984996249 0.4085 0.04538634658664666 0.063
0 0.17160540135033758 0.3795 0.047636909227306824 0.069
0 0.17460615153788447 0.31275 0.056639159789947484 0.0715
0 0.23893473368342086 0.28125 0.0555138784696174 0.0715
0 0.28488372093023256 0.24625 0.05588897224306077 0.0885
0 0.33233308327081773 0.211 0.05701425356339085 0.086
0 0.29838709677419356 0.31475 0.05438859714928732 0.0715
0 0.3531507876969242 0.31275 0.04988747186796699 0.0665
0 0.25806451612903225 0.35925 0.047261815453863466 0.0735
0 0.3055138784696174 0.39175 0.04538634658664666 0.0715
0 0.3488372093023256 0.3795 0.05326331582895724 0.069
0 0.4021005251312828 0.34725 0.04876219054763691 0.0755
0 0.40660165041260315 0.25275 0.051762940735183796 0.0695
0 0.4519879969992498 0.32125 0.05101275318829707 0.0745
0 0.47336834208552137 0.2325 0.051762940735183796 0.07
0 0.49681170292573146 0.29675 0.05438859714928732 0.0805
0 0.5208177044261065 0.234 0.0536384096024006 0.078
0 0.49868717179294825 0.368 0.050637659414853715 0.074
0 0.4619279819954989 0.4185 0.05138784696174044 0.075
0 0.40416354088522133 0.44025 0.052138034508627154 0.0725
0 0.3690922730682671 0.46475 0.046511627906976744 0.0625
0 0.4062265566391598 0.5 0.047261815453863466 0.064
0 0.3388972243060765 0.532 0.05138784696174044 0.07
0 0.3546511627906977 0.59825 0.05288822205551388 0.0635
0 0.38972243060765194 0.55475 0.0555138784696174 0.0625
0 0.40247561890472616 0.62525 0.0450112528132033 0.0695
0 0.3008252063015754 0.62975 0.04801200300075019 0.0675
0 0.322768192048012 0.6855 0.04538634658664666 0.06
0 0.3582145536384096 0.67025 0.04276069017254314 0.0645
0 0.3572768192048012 0.72475 0.04913728432108027 0.0565
0 0.3066391597899475 0.75975 0.050637659414853715 0.0605
0 0.3531507876969242 0.79475 0.04388597149287322 0.0525
0 0.39141035258814705 0.81675 0.046136534133533386 0.0605
0 0.4337959489872468 0.8305 0.04988747186796699 0.06
0 0.3945986496624156 0.75425 0.04576144036009002 0.0615
0 0.4032258064516129 0.69375 0.047261815453863466 0.0615
0 0.4540510127531883 0.70475 0.04838709677419355 0.0585
0 0.4397974493623406 0.73625 0.04013503375843961 0.0455
0 0.48330832708177046 0.73925 0.056639159789947484 0.0645
0 0.48537134283570893 0.79175 0.04876219054763691 0.0495
0 0.4789947486871718 0.856 0.05251312828207052 0.064
0 0.5296324081020255 0.829 0.04576144036009002 0.064
0 0.4896849212303076 0.67875 0.055138784696174045 0.0685
0 0.5273818454613654 0.7005 0.04951237809452363 0.067
0 0.4519879969992498 0.62975 0.05026256564141035 0.0675
0 0.4508627156789197 0.56425 0.05026256564141035 0.0675
0 0.4949362340585146 0.58475 0.047636909227306824 0.0765
0 0.508814703675919 0.51025 0.047636909227306824 0.0715
0 0.4566766691672918 0.49575 0.050637659414853715 0.0695
0 0.5071267816954238 0.43975 0.05251312828207052 0.0695
0 0.5350712678169542 0.13025 0.056639159789947484 0.0775
0 0.5742685671417854 0.1865 0.06301575393848462 0.074
0 0.6252813203300825 0.17575 0.05326331582895724 0.0775
0 0.613278319579895 0.10775 0.0622655663915979 0.0755
0 0.7025506376594148 0.10425 0.06826706676669167 0.0805
0 0.7636909227306826 0.14 0.058514628657164294 0.077
0 0.6914853713428357 0.22275 0.059639909977494375 0.0705
0 0.6412228057014253 0.25625 0.05438859714928732 0.0725
0 0.576331582895724 0.2715 0.059639909977494375 0.084
0 0.6155288822205551 0.30625 0.05251312828207052 0.0795
0 0.544073518379595 0.33425 0.0536384096024006 0.0855
0 0.5714553638409603 0.393 0.055138784696174045 0.075
0 0.640285071267817 0.374 0.0555138784696174 0.074
0 0.6757314328582146 0.313 0.061890472618154536 0.074
0 0.6929857464366092 0.37425 0.05288822205551388 0.0655
0 0.7162415603900976 0.274 0.05813953488372093 0.077
0 0.7445611402850713 0.33875 0.05401350337584396 0.0765
0 0.7644411102775694 0.23175 0.06301575393848462 0.0755
0 0.7955738934733684 0.29125 0.051762940735183796 0.0705
0 0.8529632408102026 0.232 0.05926481620405101 0.089
0 0.8458364591147787 0.32725 0.05701425356339085 0.0705
0 0.8096399099774944 0.37975 0.05738934733683421 0.0835
0 0.8788447111777945 0.38475 0.056264066016504126 0.0725
0 0.845648912228057 0.46925 0.05438859714928732 0.0745
0 0.7668792198049512 0.42775 0.0603900975243811 0.0665
0 0.7890097524381096 0.5 0.052138034508627154 0.072
0 0.7025506376594148 0.43625 0.0555138784696174 0.0695
0 0.7430607651912978 0.51075 0.05401350337584396 0.0705
0 0.622093023255814 0.461 0.05813953488372093 0.065
0 0.6633533383345837 0.4845 0.05288822205551388 0.065
0 0.5605776444111028 0.47675 0.05588897224306077 0.0795
0 0.5883345836459115 0.51525 0.0536384096024006 0.0675
0 0.5466991747936985 0.571 0.050637659414853715 0.07
0 0.6339084771192798 0.56 0.05326331582895724 0.066
0 0.7068642160540135 0.57775 0.0536384096024006 0.0655
0 0.6704801200300075 0.6245 0.055138784696174045 0.071
0 0.5947111777944486 0.6 0.047636909227306824 0.071
0 0.6207801950487621 0.637 0.04951237809452363 0.061
0 0.5361965491372843 0.618 0.050637659414853715 0.062
0 0.567516879219805 0.6665 0.047261815453863466 0.061
0 0.6037134283570893 0.69475 0.04988747186796699 0.0625
0 0.5442610652663166 0.76625 0.04951237809452363 0.0545
