0 0.3218304576144036 0.81475 0.047261815453863466 0.0595
0 0.3705926481620405 0.77925 0.04276069017254314 0.0505
0 0.4154163540885221 0.79225 0.04838709677419355 0.0575
0 0.45723930982745686 0.78475 0.046511627906976744 0.0535
0 0.52231807951988 0.76525 0.047636909227306824 0.0585
0 0.5669542385596399 0.74025 0.043135783945986494 0.0615
0 0.6134658664666166 0.74275 0.04388597149287322 0.0545
0 0.6102775693923481 0.70275 0.04951237809452363 0.0585
0 0.5354463615903976 0.71525 0.04238559639909977 0.0585
0 0.4804951237809452 0.7395 0.04576144036009002 0.055
0 0.43454613653413354 0.73575 0.04913728432108027 0.0555
0 0.3835333833458365 0.74125 0.04688672168042011 0.0535
0 0.33495873968492124 0.754 0.04876219054763691 0.058
0 0.2895723930982746 0.76425 0.05326331582895724 0.0595
0 0.24587396849212304 0.74225 0.04838709677419355 0.0575
0 0.20123780945236308 0.7165 0.043135783945986494 0.062
0 0.15528882220555137 0.67575 0.05101275318829707 0.0675
0 0.11534133533383346 0.6455 0.04013503375843961 0.061
0 0.07801950487621906 0.593 0.046511627906976744 0.062
0 0.04932483120780195 0.52725 0.04988747186796699 0.0695
0 0.13034508627156788 0.52325 0.05438859714928732 0.0625
0 0.10465116279069768 0.485 0.04801200300075019 0.058
0 0.13953488372093023 0.575 0.046511627906976744 0.05
0 0.1695423855963991 0.609 0.04801200300075019 0.064
0 0.2003000750187547 0.645 0.05026256564141035 0.059
0 0.2471867966991748 0.67825 0.04576144036009002 0.0625
0 0.2873218304576144 0.705 0.051762940735183796 0.078
0 0.3439609902475619 0.6965 0.04951237809452363 0.061
0 0.3985371342835709 0.68825 0.04988747186796699 0.0585
0 0.4386721680420105 0.66625 0.041635408852213056 0.0565
0 0.4846211552888222 0.655 0.04351087771942986 0.059
0 0.5328207051762941 0.65525 0.04913728432108027 0.0595
0 0.578019504876219 0.65125 0.04351087771942986 0.0625
0 0.613278319579895 0.6245 0.04876219054763691 0.06
0 0.6174043510877719 0.56725 0.04576144036009002 0.0615
0 0.6052138034508627 0.48525 0.047636909227306824 0.0635
0 0.5665791447861965 0.48 0.04838709677419355 0.063
0 0.5515753938484621 0.5365 0.04538634658664666 0.059
0 0.5716429107276819 0.592 0.04351087771942986 0.058
0 0.527006751687922 0.5985 0.04876219054763691 0.057
0 0.5024381095273819 0.54875 0.04463615903975994 0.0595
0 0.4701800450112528 0.59525 0.04538634658664666 0.0615
0 0.413165791447862 0.55275 0.052138034508627154 0.0615
0 0.42610652663165793 0.6095 0.056264066016504126 0.065
0 0.37865716429107277 0.6445 0.046136534133533386 0.059
0 0.3216429107276819 0.635 0.05138784696174044 0.06
0 0.277006751687922 0.60925 0.04913728432108027 0.0655
0 0.2241185296324081 0.586 0.047636909227306824 0.065
0 0.1849212303075769 0.55825 0.04801200300075019 0.0625
0 0.11740435108777195 0.44125 0.04951237809452363 0.0645
0 0.159039759939985 0.47525 0.06301575393848462 0.0665
0 0.20817704426106526 0.516 0.04876219054763691 0.066
0 0.2524381095273818 0.544 0.04576144036009002 0.073
0 0.3100150037509377 0.55725 0.04838709677419355 0.0625
0 0.34827456864216055 0.58175 0.04688672168042011 0.0595
0 0.4634283570892723 0.5245 0.047636909227306824 0.053
0 0.5148162040510128 0.4825 0.04988747186796699 0.067
0 0.6031507876969242 0.428 0.04876219054763691 0.063
0 0.5588897224306076 0.4035 0.04951237809452363 0.069
0 0.5900225056264066 0.34725 0.05401350337584396 0.0655
0 0.5076894223555889 0.42875 0.047636909227306824 0.0585
0 0.4662415603900975 0.47125 0.05101275318829707 0.0655
0 0.42085521380345087 0.484 0.04276069017254314 0.062
0 0.3674043510877719 0.5165 0.04838709677419355 0.069
0 0.30420105026256566 0.5015 0.05101275318829707 0.056
0 0.23293323330832708 0.48225 0.04801200300075019 0.0665
0 0.15641410352588148 0.39525 0.04426106526631658 0.0675
0 0.19973743435858965 0.41725 0.04838709677419355 0.0715
0 0.19523630907726933 0.3455 0.05288822205551388 0.066
0 0.24962490622655664 0.34125 0.046136534133533386 0.0605
0 0.2614403600900225 0.4015 0.04876219054763691 0.065
0 0.2931357839459865 0.43725 0.0536384096024006 0.0605
0 0.34058514628657166 0.463 0.05251312828207052 0.065
0 0.39047261815453865 0.43775 0.04876219054763691 0.0675
0 0.45236309077269315 0.384 0.04876219054763691 0.051
0 0.5283195798949737 0.35125 0.04838709677419355 0.0655
0 0.5594523630907727 0.29525 0.055138784696174045 0.0715
0 0.4782445611402851 0.325 0.04876219054763691 0.076
0 0.4317329332333083 0.32025 0.05026256564141035 0.0675
0 0.37378094523630906 0.375 0.04838709677419355 0.069
0 0.34058514628657166 0.39925 0.05251312828207052 0.0715
0 0.3381470367591898 0.33 0.04838709677419355 0.067
0 0.30420105026256566 0.3635 0.05026256564141035 0.07
0 0.6556639159789948 0.30475 0.04876219054763691 0.0635
0 0.6742310577644411 0.34575 0.05138784696174044 0.0645
0 0.736496624156039 0.3045 0.052138034508627154 0.072
0 0.8017629407351838 0.31975 0.05138784696174044 0.0745
0 0.8201425356339085 0.38125 0.04838709677419355 0.0665
0 0.7316204051012754 0.40125 0.0536384096024006 0.0665
0 0.6297824456114028 0.38 0.04801200300075019 0.065
0 0.6485371342835708 0.45525 0.04876219054763691 0.0625
0 0.7068642160540135 0.49975 0.046136534133533386 0.0635
0 0.7747561890472618 0.46075 0.05138784696174044 0.0575
0 0.8225806451612904 0.465 0.04876219054763691 0.072
0 0.8640285071267817 0.4335 0.052138034508627154 0.072
0 0.8771567891972993 0.489 0.04538634658664666 0.068
0 0.9176669167291823 0.5145 0.041635408852213056 0.069
0 0.6474118529632408 0.57625 0.035258814703675916 0.0625
0 0.694298574643661 0.55975 0.04876219054763691 0.0645
0 0.6633533383345837 0.52225 0.04238559639909977 0.0615
0 0.7306826706676669 0.52825 0.04876219054763691 0.0545
0 0.6483495873968492 0.66275 0.047636909227306824 0.0595
0 0.6566016504126031 0.7255 0.05438859714928732 0.057
0 0.7072393098274569 0.64875 0.04838709677419355 0.0565
0 0.6984246061515379 0.69775 0.04351087771942986 0.0545
0 0.7301200300075019 0.606 0.04913728432108027 0.061
0 0.7798199549887472 0.58225 0.046511627906976744 0.0635
0 0.7597524381095274 0.63475 0.04688672168042011 0.0585
0 0.7479369842460615 0.701 0.04351087771942986 0.056
0 0.7931357839459865 0.6825 0.04838709677419355 0.064
0 0.8212678169542386 0.631 0.04838709677419355 0.068
0 0.8428357089272318 0.68825 0.0450112528132033 0.0585
0 0.8518379594898725 0.58825 0.04576144036009002 0.0575
0 0.8848462115528882 0.655 0.046511627906976744 0.063
0 0.8957239309827457 0.5775 0.04276069017254314 0.07
