0 0.4341710427606902 0.28625 0.03563390847711928 0.0465
0 0.2633158289572393 0.35375 0.03600900225056264 0.0425
0 0.07783195798949738 0.65675 0.03788447111777944 0.0465
0 0.09171042760690172 0.59625 0.03788447111777944 0.0475
0 0.13240810202550637 0.6045 0.03150787696924231 0.051
0 0.12003000750187547 0.63475 0.03825956489122281 0.0455
0 0.1352213053263316 0.68775 0.03338334583645911 0.0505
0 0.0995873968492123 0.70175 0.037134283570892726 0.0485
0 0.13203300825206302 0.73725 0.03975993998499625 0.0465
0 0.15022505626406601 0.77725 0.041635408852213056 0.0505
0 0.1706676669167292 0.72175 0.03375843960990248 0.0405
0 0.19036009002250562 0.6835 0.03563390847711928 0.051
0 0.17291822955738934 0.6445 0.03675918979744936 0.045
0 0.18979744936234058 0.796 0.037509377344336084 0.049
0 0.19992498124531133 0.735 0.035258814703675916 0.044
0 0.2241185296324081 0.69925 0.034133533383345835 0.0455
0 0.21567891972993247 0.64925 0.03375843960990248 0.0485
0 0.17760690172543137 0.58825 0.043135783945986494 0.0465
0 0.21136534133533383 0.60125 0.03488372093023256 0.0475
0 0.15078769692423105 0.5525 0.03975993998499625 0.048
0 0.10952738184546136 0.52675 0.03900975243810953 0.0505
0 0.12678169542385595 0.479 0.03375843960990248 0.042
0 0.1511627906976744 0.4425 0.035258814703675916 0.047
0 0.15978994748687173 0.5035 0.03825956489122281 0.043
0 0.18060765191297826 0.45525 0.03488372093023256 0.0475
0 0.17366841710427608 0.40475 0.03825956489122281 0.0455
0 0.2106151537884471 0.416 0.03563390847711928 0.042
0 0.23049512378094525 0.3755 0.03488372093023256 0.036
0 0.26556639159789946 0.40675 0.03375843960990248 0.0415
0 0.23462115528882221 0.442 0.03788447111777944 0.046
0 0.2297449362340585 0.4965 0.03338334583645911 0.047
0 0.19186046511627908 0.5255 0.03488372093023256 0.048
0 0.2259939984996249 0.552 0.03338334583645911 0.043
0 0.29163540885221306 0.39475 0.03563390847711928 0.0405
0 0.2779444861215304 0.44975 0.0345086271567892 0.0475
0 0.26650412603150786 0.49525 0.03563390847711928 0.0485
0 0.2623780945236309 0.5475 0.03188297074268567 0.043
0 0.24362340585146286 0.5915 0.03488372093023256 0.045
0 0.2854463615903976 0.601 0.03825956489122281 0.037
0 0.2576894223555889 0.646 0.03225806451612903 0.044
0 0.29426106526631657 0.65625 0.036384096024006 0.0405
0 0.2659414853713428 0.691 0.03675918979744936 0.042
0 0.3113278319579895 0.70225 0.0345086271567892 0.0455
0 0.25543885971492875 0.733 0.0345086271567892 0.042
0 0.22730682670667668 0.76325 0.03600900225056264 0.0445
0 0.22074268567141786 0.82725 0.03788447111777944 0.0495
0 0.2535633908477119 0.85825 0.028507126781695424 0.0345
0 0.2710052513128282 0.828 0.036384096024006 0.04
0 0.2738184546136534 0.77425 0.03375843960990248 0.0445
0 0.304013503375844 0.80875 0.03563390847711928 0.0475
0 0.30626406601650413 0.75675 0.03488372093023256 0.0485
0 0.3377719429857464 0.81475 0.03488372093023256 0.0445
0 0.3467741935483871 0.7595 0.03188297074268567 0.037
0 0.3507126781695424 0.709 0.035258814703675916 0.045
0 0.3666541635408852 0.671 0.03338334583645911 0.041
0 0.3300825206301575 0.6645 0.03375843960990248 0.043
0 0.34227306826706677 0.61725 0.03488372093023256 0.0465
0 0.3784696174043511 0.61675 0.03900975243810953 0.0425
0 0.3199549887471868 0.588 0.03600900225056264 0.047
0 0.36046511627906974 0.57 0.03600900225056264 0.041
0 0.3027006751687922 0.525 0.035258814703675916 0.049
0 0.3388972243060765 0.5395 0.034133533383345835 0.044
0 0.37190547636909227 0.526 0.036384096024006 0.041
0 0.32558139534883723 0.4975 0.03600900225056264 0.044
0 0.37378094523630906 0.4805 0.032633158289572396 0.04
0 0.31807951987997 0.4445 0.03675918979744936 0.041
0 0.3563390847711928 0.44375 0.033008252063015754 0.0375
0 0.3313953488372093 0.397 0.03488372093023256 0.04
0 0.3681545386346587 0.38575 0.032633158289572396 0.0445
0 0.37809452363090773 0.356 0.03075768942235559 0.041
0 0.4118529632408102 0.33675 0.033008252063015754 0.0435
0 0.43435858964741186 0.37725 0.033008252063015754 0.0485
0 0.390285071267817 0.42775 0.034133533383345835 0.0445
0 0.43810952738184544 0.43375 0.035258814703675916 0.0385
0 0.4086646661665416 0.47225 0.032633158289572396 0.0425
0 0.4467366841710428 0.478 0.0345086271567892 0.04
0 0.41147786946736686 0.53 0.03600900225056264 0.038
0 0.45836459114778694 0.5195 0.03600900225056264 0.036
0 0.43210802700675166 0.55925 0.030007501875468866 0.0495
0 0.4705551387846962 0.56325 0.03188297074268567 0.0445
0 0.41935483870967744 0.61 0.03150787696924231 0.043
0 0.4549887471867967 0.6015 0.03225806451612903 0.041
0 0.40341335333833456 0.65625 0.037134283570892726 0.0395
0 0.4694298574643661 0.64475 0.03488372093023256 0.0445
0 0.3885971492873218 0.70725 0.033008252063015754 0.0485
0 0.4240435108777194 0.69525 0.036384096024006 0.0395
0 0.4626781695423856 0.696 0.03188297074268567 0.045
0 0.38540885221305327 0.76325 0.03488372093023256 0.0445
0 0.4167291822955739 0.74825 0.033008252063015754 0.0465
0 0.45573893473368343 0.7575 0.0345086271567892 0.043
0 0.37528132033008255 0.818 0.034133533383345835 0.04
0 0.4079144786196549 0.805 0.036384096024006 0.046
0 0.445986496624156 0.8035 0.03150787696924231 0.039
0 0.48330832708177046 0.7935 0.03563390847711928 0.047
0 0.5172543135783946 0.78775 0.03375843960990248 0.0445
0 0.4863090772693173 0.73 0.03188297074268567 0.044
0 0.5230682670667667 0.7355 0.03488372093023256 0.047
0 0.49549887471867965 0.6835 0.03075768942235559 0.046
0 0.5294448612153039 0.68625 0.03188297074268567 0.0475
0 0.5093773443360841 0.64 0.03150787696924231 0.039
0 0.5483870967741935 0.64325 0.0345086271567892 0.0435
0 0.4971867966991748 0.5945 0.03338334583645911 0.044
0 0.5373218304576144 0.60075 0.032633158289572396 0.0505
0 0.5498874718679669 0.56175 0.03150787696924231 0.0405
0 0.5178169542385597 0.5575 0.03488372093023256 0.04
0 0.48199549887471865 0.49 0.03375843960990248 0.042
0 0.5189422355588897 0.49475 0.032633158289572396 0.0395
0 0.5673293323330832 0.519 0.028882220555138786 0.04
0 0.5896474118529632 0.547 0.03375843960990248 0.036
0 0.5723930982745686 0.613 0.0345086271567892 0.047
0 0.5508252063015754 0.47725 0.03113278319579895 0.0395
0 0.47768192048012004 0.439 0.03113278319579895 0.045
0 0.5116279069767442 0.4275 0.03225806451612903 0.044
0 0.48537134283570893 0.389 0.0345086271567892 0.044
0 0.5318829707426856 0.3495 0.0345086271567892 0.039
0 0.559264816204051 0.37525 0.033008252063015754 0.0465
0 0.5853338334583645 0.35225 0.03488372093023256 0.0365
0 0.590960240060015 0.3935 0.03338334583645911 0.044
0 0.5618904726181545 0.43675 0.033008252063015754 0.0365
0 0.6110277569392348 0.4365 0.03375843960990248 0.042
0 0.595086271567892 0.47625 0.036384096024006 0.0425
0 0.6260315078769693 0.5025 0.033008252063015754 0.048
0 0.6252813203300825 0.55175 0.03375843960990248 0.0385
0 0.6057764441110277 0.59025 0.03375843960990248 0.0425
0 0.6387846961740435 0.5895 0.03225806451612903 0.041
0 0.5960240060015004 0.63975 0.030007501875468866 0.0365
0 0.6425356339084771 0.63775 0.033008252063015754 0.0425
0 0.5772693173293323 0.677 0.033008252063015754 0.04
0 0.6202175543885972 0.68425 0.03188297074268567 0.0455
0 0.555701425356339 0.71525 0.036384096024006 0.0415
0 0.5984621155288822 0.71775 0.03488372093023256 0.0525
0 0.6329707426856714 0.725 0.029632408102025505 0.043
0 0.5491372843210802 0.773 0.0345086271567892 0.042
0 0.5836459114778695 0.76475 0.033008252063015754 0.0415
0 0.6177794448612153 0.76975 0.030007501875468866 0.0505
0 0.6477869467366841 0.782 0.03075768942235559 0.047
0 0.667854463615904 0.7395 0.03338334583645911 0.036
0 0.7040510127531883 0.799 0.03150787696924231 0.043
0 0.7389347336834209 0.78375 0.03225806451612903 0.0415
0 0.6571642910727682 0.688 0.035258814703675916 0.042
0 0.6901725431357839 0.70125 0.030007501875468866 0.0435
0 0.7226181545386346 0.7395 0.032633158289572396 0.046
0 0.7556264066016504 0.744 0.03113278319579895 0.042
0 0.8034508627156789 0.7515 0.029257314328582147 0.046
0 0.8218304576144037 0.71325 0.0345086271567892 0.0375
0 0.7837584396099024 0.71075 0.034133533383345835 0.0335
0 0.7188672168042011 0.69425 0.025131282820705175 0.0445
0 0.7629407351837959 0.67125 0.033008252063015754 0.0365
0 0.7938859714928732 0.66225 0.03188297074268567 0.0445
0 0.8443360840210052 0.66825 0.03600900225056264 0.0425
0 0.8289572393098275 0.627 0.03600900225056264 0.047
0 0.6787321830457614 0.651 0.028882220555138786 0.041
0 0.7070517629407351 0.655 0.03225806451612903 0.043
0 0.7338709677419355 0.62575 0.03113278319579895 0.0465
0 0.7726931732933233 0.63 0.035258814703675916 0.038
0 0.8060765191297824 0.58725 0.03375843960990248 0.0415
0 0.7629407351837959 0.59 0.03600900225056264 0.038
0 0.6862340585146287 0.6055 0.036384096024006 0.042
0 0.7115528882220555 0.559 0.03375843960990248 0.038
0 0.6618529632408102 0.5535 0.032633158289572396 0.037
0 0.7783195798949737 0.54 0.033008252063015754 0.04
0 0.7348087021755438 0.53325 0.02625656414103526 0.0445
0 0.7096774193548387 0.5165 0.033008252063015754 0.042
0 0.655476369092273 0.511 0.03488372093023256 0.041
0 0.6800450112528132 0.4785 0.03225806451612903 0.042
0 0.6447861965491373 0.467 0.03375843960990248 0.043
0 0.7132408102025506 0.469 0.03188297074268567 0.043
0 0.7445611402850713 0.4785 0.03075768942235559 0.044
0 0.7642535633908477 0.44725 0.03488372093023256 0.0395
0 0.7284321080270068 0.4355 0.03675918979744936 0.042
0 0.6841710427606902 0.43975 0.035258814703675916 0.0355
0 0.645536384096024 0.4135 0.03225806451612903 0.04
0 0.6633533383345837 0.389 0.029632408102025505 0.033
0 0.6991747936984246 0.3965 0.03150787696924231 0.037
0 0.7396849212303076 0.38875 0.033008252063015754 0.0365
0 0.6194673668417104 0.38275 0.03338334583645911 0.0395
0 0.6217179294823706 0.32775 0.032633158289572396 0.0415
0 0.6511627906976745 0.341 0.03225806451612903 0.045
0 0.6967366841710427 0.3395 0.03188297074268567 0.046
0 0.7280570142535634 0.32825 0.033008252063015754 0.0405
0 0.3970367591897975 0.5705 0.03488372093023256 0.048
