0 0.1980495123780945 0.2645 0.05776444111027757 0.056
0 0.19579894973743436 0.3175 0.05776444111027757 0.062
0 0.24493623405851464 0.25 0.04876219054763691 0.07
0 0.2576894223555889 0.3175 0.05326331582895724 0.07
0 0.23405851462865718 0.42025 0.0555138784696174 0.0715
0 0.2798199549887472 0.36525 0.05251312828207052 0.0655
0 0.30626406601650413 0.19375 0.05588897224306077 0.0665
0 0.30607651912978245 0.27025 0.056264066016504126 0.0665
0 0.32389347336834207 0.331 0.0536384096024006 0.07
0 0.32333083270817703 0.3955 0.05476369092273068 0.073
0 0.29013503375843963 0.4455 0.055138784696174045 0.068
0 0.24849962490622657 0.51675 0.059639909977494375 0.0725
0 0.2843210802700675 0.5545 0.056264066016504126 0.074
0 0.3073893473368342 0.49825 0.0536384096024006 0.0715
0 0.34077269317329334 0.47125 0.04913728432108027 0.0785
0 0.3469617404351088 0.55175 0.04876219054763691 0.0705
0 0.3370217554388597 0.62725 0.05288822205551388 0.0675
0 0.36271567891972994 0.7165 0.05251312828207052 0.075
0 0.42441860465116277 0.74225 0.04838709677419355 0.0725
0 0.4673668417104276 0.79075 0.06001500375093773 0.0625
0 0.48780945236309076 0.86125 0.052138034508627154 0.0715
0 0.38634658664666166 0.604 0.05251312828207052 0.073
0 0.4139159789947487 0.65375 0.0536384096024006 0.0745
0 0.47449362340585144 0.73175 0.05101275318829707 0.0715
0 0.34902475618904727 0.225 0.052138034508627154 0.067
0 0.38053263315828956 0.16875 0.055138784696174045 0.0705
0 0.4309827456864216 0.1865 0.058514628657164294 0.074
0 0.41710427606901723 0.267 0.05476369092273068 0.066
0 0.367966991747937 0.29375 0.056264066016504126 0.0705
0 0.3745311327831958 0.358 0.05588897224306077 0.068
0 0.3722805701425356 0.42275 0.0536384096024006 0.0665
0 0.3833458364591148 0.51425 0.05251312828207052 0.0735
0 0.47093023255813954 0.24075 0.05288822205551388 0.0625
0 0.4223555888972243 0.3385 0.04876219054763691 0.063
0 0.4671792948237059 0.3155 0.05288822205551388 0.065
0 0.5151912978244562 0.2715 0.05438859714928732 0.063
0 0.5637659414853713 0.24925 0.05251312828207052 0.0635
0 0.5549512378094523 0.30625 0.04838709677419355 0.0645
0 0.5061890472618155 0.35 0.05438859714928732 0.066
0 0.46886721680420107 0.36825 0.05251312828207052 0.0665
0 0.4247936984246061 0.39175 0.0536384096024006 0.0645
0 0.4157914478619655 0.46575 0.04988747186796699 0.0755
0 0.4602400600150037 0.44575 0.051762940735183796 0.0665
0 0.4540510127531883 0.5005 0.0536384096024006 0.064
0 0.423105776444111 0.566 0.04951237809452363 0.069
0 0.45555138784696175 0.61975 0.05288822205551388 0.0635
0 0.49381095273818454 0.65725 0.04988747186796699 0.0675
0 0.5294448612153039 0.73975 0.05138784696174044 0.0695
0 0.5581395348837209 0.79 0.04951237809452363 0.064
0 0.577456864216054 0.84925 0.04688672168042011 0.0735
0 0.6264066016504126 0.882 0.047261815453863466 0.074
0 0.6796699174793699 0.89175 0.05026256564141035 0.0575
0 0.6569767441860465 0.8325 0.055138784696174045 0.066
0 0.6127156789197299 0.80575 0.04913728432108027 0.0715
0 0.6175918979744937 0.74575 0.04688672168042011 0.0635
0 0.5361965491372843 0.6825 0.05138784696174044 0.063
0 0.5969617404351087 0.6835 0.052138034508627154 0.067
0 0.572768192048012 0.6305 0.047261815453863466 0.066
0 0.4960615153788447 0.57425 0.052138034508627154 0.0685
0 0.4998124531132783 0.49725 0.04913728432108027 0.0705
0 0.5071267816954238 0.40825 0.05251312828207052 0.0645
0 0.5431357839459865 0.4385 0.0450112528132033 0.065
0 0.5495123780945236 0.38525 0.04801200300075019 0.0595
0 0.5481995498874719 0.51775 0.050637659414853715 0.0625
0 0.5498874718679669 0.5805 0.056264066016504126 0.062
0 0.6059639909977494 0.22875 0.04988747186796699 0.0735
0 0.6009002250562641 0.296 0.04876219054763691 0.068
0 0.5952738184546137 0.35425 0.047261815453863466 0.0635
0 0.5894598649662416 0.411 0.0536384096024006 0.068
0 0.5926481620405101 0.47675 0.05476369092273068 0.0675
0 0.5905851462865717 0.545 0.04988747186796699 0.066
0 0.6089647411852963 0.60175 0.05288822205551388 0.0655
0 0.627906976744186 0.65925 0.046511627906976744 0.0685
0 0.6545386346586647 0.7175 0.05326331582895724 0.064
0 0.6828582145536384 0.74875 0.04913728432108027 0.0765
0 0.7213053263315828 0.813 0.04426106526631658 0.062
0 0.7755063765941486 0.8235 0.05288822205551388 0.054
0 0.7591897974493623 0.761 0.04951237809452363 0.058
0 0.8351462865716429 0.7665 0.04463615903975994 0.068
0 0.8025131282820706 0.713 0.0536384096024006 0.065
0 0.7143660915228808 0.7085 0.04913728432108027 0.069
0 0.7571267816954238 0.6805 0.04538634658664666 0.058
0 0.8231432858214554 0.671 0.047636909227306824 0.064
0 0.8602775693923481 0.63375 0.04538634658664666 0.0645
0 0.6845461365341335 0.64325 0.047261815453863466 0.0645
0 0.7252438109527382 0.645 0.04913728432108027 0.073
0 0.7845086271567892 0.625 0.04688672168042011 0.063
0 0.8109527381845462 0.5865 0.04351087771942986 0.069
0 0.8471492873218305 0.577 0.04388597149287322 0.061
0 0.6519129782445612 0.588 0.051762940735183796 0.06
0 0.713053263315829 0.579 0.051762940735183796 0.065
0 0.7426856714178545 0.59025 0.04351087771942986 0.0645
0 0.7768192048012003 0.5535 0.04801200300075019 0.069
0 0.8237059264816204 0.5265 0.04876219054763691 0.065
0 0.6369092273068268 0.52775 0.04801200300075019 0.0705
0 0.6768567141785446 0.5245 0.046136534133533386 0.067
0 0.7278694673668417 0.53275 0.046136534133533386 0.0635
0 0.6342835708927231 0.46375 0.04951237809452363 0.0665
0 0.7027381845461366 0.4805 0.04913728432108027 0.06
0 0.7509377344336085 0.48475 0.04951237809452363 0.0635
0 0.8115153788447111 0.48625 0.046136534133533386 0.0625
0 0.8439609902475619 0.467 0.04351087771942986 0.066
0 0.6766691672918229 0.4435 0.04801200300075019 0.064
0 0.7139909977494373 0.42325 0.04538634658664666 0.0625
0 0.7659414853713429 0.41425 0.04426106526631658 0.0685
0 0.8154538634658665 0.417 0.05026256564141035 0.067
0 0.63615903975994 0.3855 0.05326331582895724 0.066
0 0.690735183795949 0.36975 0.050637659414853715 0.0645
0 0.7344336084021005 0.369 0.04951237809452363 0.058
0 0.7972618154538634 0.35975 0.04913728432108027 0.0615
0 0.6363465866466617 0.31875 0.04913728432108027 0.0675
0 0.6800450112528132 0.2905 0.05101275318829707 0.066
0 0.7258064516129032 0.31075 0.05701425356339085 0.0725
0 0.7786946736684172 0.30125 0.05326331582895724 0.0675
0 0.6541635408852213 0.22075 0.04801200300075019 0.0635
0 0.6999249812453113 0.2105 0.05026256564141035 0.069
0 0.7366841710427607 0.25275 0.05026256564141035 0.0645
0 0.7875093773443361 0.239 0.05288822205551388 0.07
