0 0.04463615903975994 0.356 0.0345086271567892 0.061
0 0.06151537884471118 0.4205 0.04126031507876969 0.057
0 0.0842085521380345 0.391 0.04688672168042011 0.057
0 0.11234058514628657 0.3625 0.036384096024006 0.053
0 0.13165791447861966 0.34025 0.04051012753188297 0.0645
0 0.12715678919729934 0.409 0.03975993998499625 0.058
0 0.12115528882220555 0.46425 0.03975993998499625 0.0535
0 0.16597899474868716 0.3625 0.04388597149287322 0.062
0 0.1629782445611403 0.407 0.04988747186796699 0.054
0 0.23049512378094525 0.30125 0.04238559639909977 0.0645
0 0.1609152288072018 0.50675 0.03975993998499625 0.0475
0 0.21624156039009754 0.49325 0.041635408852213056 0.0485
0 0.20236309077269318 0.5475 0.037134283570892726 0.061
0 0.23255813953488372 0.588 0.04276069017254314 0.058
0 0.2576894223555889 0.61325 0.03675918979744936 0.0585
0 0.2627531882970743 0.6655 0.038634658664666165 0.055
0 0.24756189047261815 0.55575 0.04426106526631658 0.0525
0 0.22561890472618154 0.4385 0.04088522130532633 0.057
0 0.25900225056264065 0.4655 0.046136534133533386 0.056
0 0.27644411102775696 0.40575 0.042010502625656414 0.0575
0 0.290510127531883 0.3515 0.046136534133533386 0.056
0 0.31545386346586646 0.30125 0.04801200300075019 0.0505
0 0.34246061515378845 0.27275 0.046511627906976744 0.0645
0 0.3876594148537134 0.2465 0.04838709677419355 0.06
0 0.35577644411102777 0.3375 0.04988747186796699 0.062
0 0.3987246811702926 0.3125 0.046511627906976744 0.059
0 0.36440360090022506 0.40175 0.052138034508627154 0.0555
0 0.3250187546886722 0.441 0.04388597149287322 0.06
0 0.30513878469617406 0.48625 0.041635408852213056 0.0485
0 0.2830082520630158 0.5305 0.047636909227306824 0.053
0 0.29857464366091524 0.58525 0.04576144036009002 0.0545
0 0.3167666916729182 0.54575 0.046136534133533386 0.0575
0 0.29932483120780196 0.6405 0.03975993998499625 0.053
0 0.32314328582145535 0.67675 0.04388597149287322 0.0535
0 0.29351087771942985 0.71725 0.04088522130532633 0.0515
0 0.34527381845461363 0.62725 0.04088522130532633 0.0585
0 0.3293323330832708 0.74075 0.03975993998499625 0.0575
0 0.37603150787696926 0.76075 0.043135783945986494 0.0455
0 0.3623405851462866 0.7035 0.03375843960990248 0.057
0 0.3929107276819205 0.70025 0.04088522130532633 0.0545
0 0.41429107276819205 0.74325 0.041635408852213056 0.0535
0 0.4426106526631658 0.71075 0.04126031507876969 0.0625
0 0.4684921230307577 0.7565 0.046511627906976744 0.064
0 0.3803450862715679 0.61875 0.03825956489122281 0.0535
0 0.34264816204051013 0.5035 0.046136534133533386 0.064
0 0.3681545386346587 0.569 0.046136534133533386 0.056
0 0.38540885221305327 0.52475 0.04463615903975994 0.0495
0 0.4167291822955739 0.49775 0.04276069017254314 0.0605
0 0.4206676669167292 0.55875 0.04013503375843961 0.0615
0 0.41410352588147037 0.5925 0.042010502625656414 0.043
0 0.40941485371342834 0.64175 0.043135783945986494 0.0585
0 0.4647411852963241 0.66325 0.04801200300075019 0.0555
0 0.486496624156039 0.70375 0.042010502625656414 0.0575
0 0.5286946736684172 0.692 0.038634658664666165 0.06
0 0.4510502625656414 0.598 0.03938484621155289 0.059
0 0.4891222805701425 0.61525 0.03900975243810953 0.0575
0 0.3548387096774194 0.4615 0.04426106526631658 0.061
0 0.3992873218304576 0.424 0.04538634658664666 0.064
0 0.46324081020255065 0.5135 0.05101275318829707 0.063
0 0.445423855963991 0.41975 0.046136534133533386 0.0685
0 0.436046511627907 0.36275 0.04913728432108027 0.0625
0 0.44954988747186797 0.297 0.050637659414853715 0.065
0 0.4804951237809452 0.2505 0.04801200300075019 0.066
0 0.5232558139534884 0.29025 0.04801200300075019 0.0605
0 0.4913728432108027 0.35175 0.04876219054763691 0.0665
0 0.4983120780195049 0.412 0.046136534133533386 0.061
0 0.48930982745686424 0.4805 0.03938484621155289 0.059
0 0.5060015003750937 0.551 0.04876219054763691 0.048
0 0.5365716429107277 0.6135 0.04388597149287322 0.058
0 0.5611402850712678 0.6485 0.0450112528132033 0.061
0 0.5602025506376594 0.7205 0.041635408852213056 0.054
0 0.5894598649662416 0.6995 0.04688672168042011 0.052
0 0.6110277569392348 0.74475 0.04426106526631658 0.0605
0 0.5331957989497375 0.51175 0.04688672168042011 0.0585
0 0.5320705176294074 0.45775 0.04463615903975994 0.0565
0 0.5414478619654913 0.39475 0.04913728432108027 0.0685
0 0.559264816204051 0.33725 0.04801200300075019 0.0585
0 0.5725806451612904 0.25525 0.052138034508627154 0.0545
0 0.6145911477869468 0.33225 0.052138034508627154 0.0645
0 0.6575393848462115 0.32325 0.04876219054763691 0.0685
0 0.589834958739685 0.3865 0.046136534133533386 0.066
0 0.5770817704426107 0.45625 0.041635408852213056 0.0595
0 0.6536009002250562 0.3895 0.04913728432108027 0.063
0 0.628469617404351 0.43575 0.047636909227306824 0.0615
0 0.5768942235558889 0.5105 0.046511627906976744 0.055
0 0.559264816204051 0.5625 0.04051012753188297 0.059
0 0.5982745686421606 0.56275 0.04801200300075019 0.0625
0 0.5900225056264066 0.616 0.04801200300075019 0.059
0 0.632033008252063 0.6725 0.047261815453863466 0.06
0 0.6569767441860465 0.7205 0.047636909227306824 0.061
0 0.6222805701425357 0.4915 0.047261815453863466 0.063
0 0.6397224306076519 0.54525 0.050637659414853715 0.0585
0 0.650225056264066 0.59775 0.04463615903975994 0.0545
0 0.6757314328582146 0.674 0.04238559639909977 0.06
0 0.700675168792198 0.71775 0.0450112528132033 0.0585
0 0.7273068267066767 0.67375 0.04951237809452363 0.0555
0 0.7100525131282821 0.62925 0.042010502625656414 0.0645
0 0.6864216054013503 0.5675 0.0450112528132033 0.062
0 0.6693548387096774 0.497 0.04238559639909977 0.065
0 0.6845461365341335 0.43425 0.05251312828207052 0.0555
0 0.719429857464366 0.32325 0.04801200300075019 0.0735
0 0.7531882970742686 0.387 0.05476369092273068 0.062
0 0.7406226556639159 0.44725 0.056639159789947484 0.0665
0 0.7134283570892723 0.50075 0.04576144036009002 0.0645
0 0.732933233308327 0.55925 0.047261815453863466 0.0695
0 0.7554388597149287 0.61475 0.05326331582895724 0.0625
0 0.7856339084771192 0.69875 0.05138784696174044 0.0585
0 0.827456864216054 0.63775 0.04951237809452363 0.0635
0 0.7950112528132033 0.58025 0.052138034508627154 0.0625
0 0.7646286571642911 0.5115 0.05138784696174044 0.061
0 0.7970742685671418 0.461 0.046511627906976744 0.073
0 0.8203300825206301 0.52125 0.047261815453863466 0.0665
0 0.863278319579895 0.582 0.04688672168042011 0.064
0 0.832145536384096 0.4075 0.05738934733683421 0.061
0 0.8546511627906976 0.4735 0.05438859714928732 0.063
0 0.8989122280570142 0.52425 0.05288822205551388 0.0685
0 0.9262940735183796 0.47425 0.061890472618154536 0.0575
0 0.882033008252063 0.40125 0.05813953488372093 0.0585
0 0.8533383345836459 0.328 0.05701425356339085 0.06
