0 0.03807201800450113 0.36225 0.03938484621155289 0.0555
0 0.0823330832708177 0.372 0.032633158289572396 0.053
0 0.11346586646661666 0.37325 0.030382595648912228 0.0475
0 0.11140285071267816 0.32425 0.03900975243810953 0.0465
0 0.11159039759939984 0.42375 0.03488372093023256 0.0445
0 0.07220555138784696 0.47875 0.04238559639909977 0.0435
0 0.1284696174043511 0.44925 0.036384096024006 0.0425
0 0.13109527381845462 0.49075 0.04838709677419355 0.0415
0 0.1159039759939985 0.53175 0.0345086271567892 0.0465
0 0.16522880720180044 0.519 0.03338334583645911 0.049
0 0.1369092273068267 0.6035 0.03675918979744936 0.047
0 0.1389722430607652 0.6775 0.04088522130532633 0.047
0 0.15960240060015005 0.72675 0.038634658664666165 0.0445
0 0.18267066766691673 0.64725 0.0345086271567892 0.0525
0 0.18998499624906226 0.58325 0.03188297074268567 0.0415
0 0.1916729182295574 0.535 0.03825956489122281 0.05
0 0.16710427606901726 0.4705 0.029632408102025505 0.053
0 0.19392348087021755 0.466 0.03675918979744936 0.051
0 0.1706676669167292 0.41775 0.03600900225056264 0.0505
0 0.20573893473368343 0.42625 0.03338334583645911 0.0535
0 0.21324081020255065 0.369 0.04013503375843961 0.054
0 0.18323330832708176 0.284 0.028882220555138786 0.052
0 0.22786946736684172 0.32675 0.034133533383345835 0.0515
0 0.24362340585146286 0.294 0.04088522130532633 0.049
0 0.2745686421605401 0.26075 0.035258814703675916 0.0465
0 0.3102025506376594 0.27275 0.03825956489122281 0.0495
0 0.2608777194298575 0.33225 0.04538634658664666 0.0485
0 0.2518754688672168 0.36775 0.03188297074268567 0.0435
0 0.28488372093023256 0.369 0.036384096024006 0.043
0 0.25150037509377343 0.413 0.038634658664666165 0.047
0 0.2880720180045011 0.4235 0.0345086271567892 0.044
0 0.23462115528882221 0.47025 0.04013503375843961 0.0435
0 0.27344336084021004 0.46075 0.03600900225056264 0.0405
0 0.24249812453113279 0.52475 0.036384096024006 0.0525
0 0.26500375093773443 0.56125 0.038634658664666165 0.0505
0 0.27756939234808703 0.52225 0.03675918979744936 0.0445
0 0.21811702925731433 0.60775 0.041635408852213056 0.0425
0 0.21380345086271568 0.6245 0.035258814703675916 0.034
0 0.20817704426106526 0.66525 0.03225806451612903 0.0455
0 0.24174793698424607 0.6515 0.03338334583645911 0.047
0 0.26125281320330085 0.61325 0.03938484621155289 0.0495
0 0.26500375093773443 0.691 0.03788447111777944 0.042
0 0.263503375843961 0.72275 0.03563390847711928 0.0365
0 0.20742685671417854 0.75425 0.028507126781695424 0.0495
0 0.22955738934733683 0.797 0.03225806451612903 0.042
0 0.263503375843961 0.8055 0.037134283570892726 0.045
0 0.29276069017254314 0.78475 0.03488372093023256 0.0465
0 0.34921230307576895 0.7925 0.03675918979744936 0.049
0 0.3745311327831958 0.85625 0.03788447111777944 0.0475
0 0.31282820705176295 0.7105 0.04051012753188297 0.044
0 0.3493998499624906 0.71375 0.03338334583645911 0.0435
0 0.36346586646661666 0.74875 0.03375843960990248 0.0415
0 0.39422355588897223 0.77175 0.0345086271567892 0.0455
0 0.40960240060015 0.8105 0.0345086271567892 0.044
0 0.4069767441860465 0.86225 0.03075768942235559 0.0525
0 0.44992498124531133 0.8835 0.032633158289572396 0.049
0 0.4274193548387097 0.76825 0.037134283570892726 0.0425
0 0.43623405851462865 0.80225 0.03375843960990248 0.0455
0 0.45048762190547637 0.832 0.033008252063015754 0.044
0 0.4596774193548387 0.75 0.03488372093023256 0.038
0 0.39497374343585895 0.722 0.035258814703675916 0.043
0 0.4405476369092273 0.70525 0.03188297074268567 0.0455
0 0.47430607651912976 0.70975 0.038634658664666165 0.0485
0 0.2891972993248312 0.6345 0.03375843960990248 0.043
0 0.3124531132783196 0.668 0.037509377344336084 0.044
0 0.29651162790697677 0.60375 0.03563390847711928 0.0505
0 0.3295198799699925 0.6305 0.030382595648912228 0.049
0 0.36027756939234806 0.6565 0.034133533383345835 0.046
0 0.3555888972243061 0.616 0.03825956489122281 0.041
0 0.3055138784696174 0.55175 0.037134283570892726 0.0415
0 0.3428357089272318 0.547 0.03150787696924231 0.051
0 0.31376594148537135 0.49625 0.03488372093023256 0.0505
0 0.34433608402100524 0.492 0.0345086271567892 0.049
0 0.3257689422355589 0.45225 0.03788447111777944 0.0405
0 0.3220180045011253 0.3985 0.03563390847711928 0.046
0 0.32389347336834207 0.3515 0.03338334583645911 0.05
0 0.3477119279819955 0.3675 0.0277569392348087 0.055
0 0.3319579894973743 0.31175 0.03975993998499625 0.0495
0 0.36609152288072017 0.322 0.0345086271567892 0.051
0 0.3379594898724681 0.24475 0.033008252063015754 0.0485
0 0.3642160540135034 0.21875 0.03825956489122281 0.0565
0 0.37115528882220555 0.2695 0.03788447111777944 0.043
0 0.4071642910727682 0.28325 0.032633158289572396 0.0475
0 0.4011627906976744 0.33675 0.03938484621155289 0.0565
0 0.38615903975994 0.37725 0.03788447111777944 0.0545
0 0.37190547636909227 0.40575 0.036384096024006 0.0455
0 0.3745311327831958 0.44875 0.036384096024006 0.0535
0 0.4079144786196549 0.4375 0.03938484621155289 0.043
0 0.3799699924981245 0.50125 0.03675918979744936 0.0475
0 0.3717179294823706 0.55175 0.037509377344336084 0.0455
0 0.3992873218304576 0.59325 0.03563390847711928 0.0455
0 0.4139159789947487 0.52675 0.038634658664666165 0.0375
0 0.4221680420105026 0.5705 0.038634658664666165 0.048
0 0.42385596399099773 0.474 0.03975993998499625 0.05
0 0.42366841710427605 0.39825 0.04013503375843961 0.0495
0 0.4461740435108777 0.43075 0.03488372093023256 0.0535
0 0.4427981995498875 0.351 0.03563390847711928 0.048
0 0.4694298574643661 0.3175 0.038634658664666165 0.052
0 0.4122280570142536 0.23975 0.03225806451612903 0.0495
0 0.4377344336084021 0.20175 0.035258814703675916 0.0505
0 0.44973743435858965 0.25825 0.03600900225056264 0.0505
0 0.4840585146286572 0.2675 0.03188297074268567 0.051
0 0.5142535633908477 0.27325 0.029257314328582147 0.0485
0 0.5075018754688673 0.219 0.03375843960990248 0.043
0 0.5523255813953488 0.2335 0.03563390847711928 0.055
0 0.5658289572393098 0.19875 0.030382595648912228 0.0525
0 0.5965866466616654 0.20125 0.03188297074268567 0.0385
0 0.6288447111777945 0.1815 0.036384096024006 0.05
0 0.5947111777944486 0.25825 0.03563390847711928 0.0485
0 0.628469617404351 0.23075 0.03788447111777944 0.0515
0 0.5346961740435109 0.3095 0.03563390847711928 0.047
0 0.5692048012003 0.30475 0.03338334583645911 0.0465
0 0.6033383345836459 0.3085 0.03488372093023256 0.05
0 0.530570142535634 0.3575 0.038634658664666165 0.046
0 0.5678919729932483 0.3525 0.0345086271567892 0.045
0 0.5988372093023255 0.35875 0.03113278319579895 0.0435
0 0.6271567891972993 0.35025 0.03150787696924231 0.0405
0 0.49868717179294825 0.3095 0.03113278319579895 0.044
0 0.48518379594898725 0.34925 0.034133533383345835 0.0425
0 0.5009377344336085 0.38575 0.03563390847711928 0.0455
0 0.47093023255813954 0.4105 0.036384096024006 0.049
0 0.49943735933983496 0.4255 0.032633158289572396 0.039
0 0.4778694673668417 0.4535 0.03225806451612903 0.039
0 0.4662415603900975 0.50875 0.035258814703675916 0.0475
0 0.5007501875468867 0.49 0.035258814703675916 0.036
0 0.527569392348087 0.45225 0.034133533383345835 0.0415
0 0.45817704426106526 0.5605 0.03788447111777944 0.044
0 0.4426106526631658 0.60125 0.035258814703675916 0.0475
0 0.4071642910727682 0.651 0.03563390847711928 0.046
0 0.44129782445611404 0.64975 0.03338334583645911 0.0535
0 0.4737434358589647 0.6545 0.03600900225056264 0.04
0 0.4896849212303076 0.6 0.036384096024006 0.031
0 0.5226931732933233 0.652 0.034133533383345835 0.048
0 0.5080645161290323 0.69575 0.032633158289572396 0.0455
0 0.5153788447111778 0.7265 0.0345086271567892 0.045
0 0.4981245311327832 0.77875 0.03675918979744936 0.0485
0 0.4821830457614404 0.82275 0.034133533383345835 0.0435
0 0.4780570142535634 0.86825 0.03563390847711928 0.0415
0 0.5067516879219804 0.92025 0.03975993998499625 0.0415
0 0.5153788447111778 0.856 0.03375843960990248 0.046
0 0.5393848462115529 0.8705 0.03150787696924231 0.036
0 0.544073518379595 0.83675 0.03188297074268567 0.0405
0 0.5315078769692423 0.7775 0.033008252063015754 0.038
0 0.5581395348837209 0.792 0.03225806451612903 0.042
0 0.5553263315828957 0.752 0.034133533383345835 0.042
0 0.5692048012003 0.702 0.03113278319579895 0.046
0 0.5390097524381096 0.66025 0.0277569392348087 0.0445
0 0.4924981245311328 0.56225 0.03225806451612903 0.0535
0 0.527006751687922 0.5415 0.03600900225056264 0.037
0 0.5298199549887472 0.59125 0.04088522130532633 0.0405
0 0.5575768942235559 0.60575 0.028132033008252063 0.0445
0 0.5555138784696174 0.54825 0.03075768942235559 0.0405
0 0.5549512378094523 0.49475 0.038634658664666165 0.0365
0 0.5431357839459865 0.4115 0.03975993998499625 0.047
0 0.5740810202550638 0.39225 0.036384096024006 0.0415
0 0.5800825206301575 0.43225 0.03488372093023256 0.0415
0 0.5913353338334584 0.4775 0.03338334583645911 0.043
0 0.5872093023255814 0.5255 0.036384096024006 0.043
0 0.5892723180795199 0.589 0.03375843960990248 0.037
0 0.5797074268567142 0.62925 0.03563390847711928 0.0415
0 0.6129032258064516 0.63225 0.03075768942235559 0.0455
0 0.628469617404351 0.591 0.03488372093023256 0.047
0 0.6490997749437359 0.618 0.03188297074268567 0.04
0 0.6721680420105026 0.65775 0.03150787696924231 0.0405
0 0.6442235558889723 0.692 0.03488372093023256 0.042
0 0.6170292573143286 0.7165 0.0345086271567892 0.038
0 0.581020255063766 0.757 0.0277569392348087 0.051
0 0.6093398349587397 0.75175 0.029632408102025505 0.0385
0 0.6380345086271568 0.72825 0.03075768942235559 0.0345
0 0.6485371342835708 0.75125 0.0345086271567892 0.0415
0 0.5890847711927982 0.82875 0.037134283570892726 0.0445
0 0.5710802700675168 0.8855 0.034133533383345835 0.037
0 0.5975243810952738 0.89075 0.033008252063015754 0.0295
0 0.5600150037509377 0.92825 0.029257314328582147 0.0445
0 0.5982745686421606 0.84 0.029257314328582147 0.031
0 0.617966991747937 0.8475 0.02738184546136534 0.041
0 0.6093398349587397 0.80275 0.02663165791447862 0.0425
0 0.6262190547636909 0.79875 0.01312828207051763 0.0345
0 0.6547261815453863 0.8085 0.03488372093023256 0.044
0 0.672543135783946 0.8435 0.030007501875468866 0.04
0 0.6764816204051013 0.781 0.029632408102025505 0.036
0 0.6791072768192048 0.733 0.03488372093023256 0.044
0 0.7004876219054764 0.75025 0.03113278319579895 0.0415
0 0.7244936234058514 0.72775 0.034133533383345835 0.0455
0 0.7436234058514629 0.76175 0.032633158289572396 0.0405
0 0.7541260315078769 0.74125 0.01312828207051763 0.0265
0 0.7503750937734434 0.69775 0.03113278319579895 0.0385
0 0.6881095273818455 0.68225 0.030382595648912228 0.0425
0 0.7138034508627157 0.67175 0.024756189047261814 0.0305
0 0.7306826706676669 0.65725 0.03825956489122281 0.0415
0 0.6766691672918229 0.59775 0.037509377344336084 0.0455
0 0.7228057014253564 0.6055 0.037509377344336084 0.038
0 0.7394973743435859 0.62775 0.023630907726931733 0.0285
0 0.6869842460615154 0.55675 0.032633158289572396 0.0475
0 0.7209302325581395 0.56725 0.03150787696924231 0.0475
0 0.7468117029257314 0.57125 0.02700675168792198 0.0415
0 0.7749437359339835 0.55225 0.03600900225056264 0.0425
0 0.6834208552138035 0.5125 0.0345086271567892 0.041
0 0.7109902475618904 0.52175 0.02663165791447862 0.0405
0 0.7387471867966992 0.52175 0.030382595648912228 0.0415
0 0.7406226556639159 0.47825 0.038634658664666165 0.0415
0 0.7721305326331583 0.5 0.034133533383345835 0.045
0 0.6174043510877719 0.54175 0.03375843960990248 0.0455
0 0.6485371342835708 0.53925 0.03075768942235559 0.0465
0 0.6243435858964741 0.496 0.03188297074268567 0.045
0 0.6517254313578394 0.486 0.03938484621155289 0.047
0 0.6192798199549887 0.442 0.03675918979744936 0.046
0 0.6536009002250562 0.43725 0.03338334583645911 0.0495
0 0.6879219804951238 0.45275 0.035258814703675916 0.0395
0 0.608589647411853 0.4035 0.03563390847711928 0.044
0 0.6436609152288072 0.3875 0.03825956489122281 0.046
0 0.6532258064516129 0.3305 0.03113278319579895 0.048
0 0.667854463615904 0.371 0.04013503375843961 0.047
0 0.6882970742685671 0.407 0.04351087771942986 0.045
0 0.6385971492873218 0.27625 0.038634658664666165 0.0515
0 0.6762940735183796 0.28325 0.03675918979744936 0.0405
0 0.6646661665416355 0.2135 0.03600900225056264 0.049
0 0.6631657914478619 0.16 0.03375843960990248 0.053
0 0.7393098274568642 0.181 0.03225806451612903 0.048
0 0.7117404351087772 0.21225 0.034133533383345835 0.0495
0 0.7044261065266316 0.25525 0.0345086271567892 0.0475
0 0.7366841710427607 0.243 0.033008252063015754 0.045
0 0.7715678919729932 0.21175 0.04051012753188297 0.0465
0 0.7818829707426856 0.2545 0.038634658664666165 0.045
0 0.70423855963991 0.314 0.03488372093023256 0.05
0 0.7289947486871718 0.34175 0.028132033008252063 0.0465
0 0.7492498124531133 0.318 0.03488372093023256 0.048
0 0.7867591897974494 0.298 0.03113278319579895 0.045
0 0.7211177794448612 0.381 0.03563390847711928 0.041
0 0.7550637659414854 0.36 0.0277569392348087 0.043
0 0.7291822955738935 0.4275 0.035258814703675916 0.051
0 0.7738184546136534 0.4535 0.04276069017254314 0.037
0 0.7627531882970743 0.40625 0.038634658664666165 0.0465
0 0.7871342835708928 0.3905 0.034133533383345835 0.037
0 0.7850712678169542 0.3505 0.035258814703675916 0.044
0 0.8167666916729183 0.35475 0.028882220555138786 0.0485
0 0.8582145536384096 0.36575 0.035258814703675916 0.0495
0 0.8675918979744937 0.32175 0.037509377344336084 0.0415
0 0.8833458364591148 0.3505 0.03225806451612903 0.04
0 0.849774943735934 0.2365 0.03563390847711928 0.047
0 0.8619654913728432 0.2665 0.037509377344336084 0.047
0 0.8966616654163541 0.273 0.03188297074268567 0.049
0 0.8034508627156789 0.433 0.03075768942235559 0.049
0 0.8473368342085521 0.42425 0.03375843960990248 0.0455
0 0.8302700675168793 0.459 0.03488372093023256 0.039
0 0.8079519879969993 0.489 0.035258814703675916 0.042
0 0.8169542385596399 0.52175 0.03975993998499625 0.0395
0 0.8454613653413353 0.4975 0.03375843960990248 0.038
0 0.8837209302325582 0.472 0.03675918979744936 0.043
0 0.8795948987246812 0.42575 0.0345086271567892 0.0475
0 0.8972243060765192 0.408 0.030007501875468866 0.047
0 0.9221680420105026 0.3795 0.03338334583645911 0.045
0 0.9309827456864216 0.44425 0.033008252063015754 0.0385
0 0.8985371342835708 0.452 0.025131282820705175 0.045
0 0.9332333083270817 0.4855 0.035258814703675916 0.04
0 0.922543135783946 0.519 0.03488372093023256 0.043
0 0.9379219804951238 0.54825 0.032633158289572396 0.0385
0 0.8884096024006002 0.52975 0.028132033008252063 0.0485
0 0.84152288072018 0.56225 0.032633158289572396 0.0455
0 0.8722805701425357 0.56975 0.03113278319579895 0.0465
0 0.7991372843210802 0.568 0.030382595648912228 0.043
0 0.8015753938484621 0.60375 0.030007501875468866 0.0385
0 0.8298949737434359 0.61825 0.028882220555138786 0.0395
0 0.7818829707426856 0.65125 0.03563390847711928 0.0485
0 0.7766316579144786 0.69975 0.025881470367591898 0.0415
0 0.7925731432858214 0.676 0.030007501875468866 0.04
0 0.8220180045011253 0.704 0.02738184546136534 0.038
0 0.8255813953488372 0.6855 0.023255813953488372 0.035
