0 0.30307576894223553 0.2025 0.0450112528132033 0.079
0 0.2374343585896474 0.35875 0.04876219054763691 0.0535
0 0.18829707426856715 0.3675 0.04276069017254314 0.058
0 0.28188297074268565 0.47 0.034133533383345835 0.047
0 0.31376594148537135 0.42225 0.032633158289572396 0.0365
0 0.336834208552138 0.439 0.033008252063015754 0.039
0 0.3537134283570893 0.4635 0.030007501875468866 0.044
0 0.3745311327831958 0.43175 0.030382595648912228 0.0355
0 0.3696549137284321 0.371 0.03113278319579895 0.037
0 0.38653413353338334 0.397 0.032633158289572396 0.041
0 0.39909977494373594 0.34625 0.03225806451612903 0.0375
0 0.4109152288072018 0.379 0.023630907726931733 0.039
0 0.43210802700675166 0.401 0.03225806451612903 0.04
0 0.4576144036009002 0.38025 0.03150787696924231 0.0375
0 0.43529632408102026 0.352 0.02738184546136534 0.03
0 0.42291822955738934 0.31725 0.03188297074268567 0.0365
0 0.4045386346586647 0.2875 0.025131282820705175 0.034
0 0.45423855963991 0.31725 0.028507126781695424 0.0365
0 0.4604276069017254 0.33375 0.03113278319579895 0.0385
0 0.47655663915978996 0.31175 0.029632408102025505 0.0305
0 0.48518379594898725 0.344 0.023630907726931733 0.037
0 0.25225056264066015 0.498 0.03113278319579895 0.043
0 0.23255813953488372 0.54 0.03075768942235559 0.042
0 0.236496624156039 0.5755 0.029632408102025505 0.039
0 0.2288072018004501 0.61725 0.030007501875468866 0.0415
0 0.21324081020255065 0.645 0.03188297074268567 0.042
0 0.2259939984996249 0.69075 0.03488372093023256 0.0475
0 0.2509377344336084 0.71225 0.03150787696924231 0.0475
0 0.27419354838709675 0.73425 0.03375843960990248 0.0325
0 0.2888222055513878 0.76575 0.033008252063015754 0.0495
0 0.32126781695423856 0.772 0.03113278319579895 0.041
0 0.3546511627906977 0.79975 0.03113278319579895 0.0395
0 0.3735933983495874 0.78325 0.0345086271567892 0.0385
0 0.3582145536384096 0.74675 0.035258814703675916 0.0445
0 0.33289572393098277 0.72475 0.03113278319579895 0.0395
0 0.3036384096024006 0.71725 0.030382595648912228 0.0405
0 0.2740060015003751 0.684 0.03488372093023256 0.044
0 0.26556639159789946 0.65225 0.03225806451612903 0.0455
0 0.28994748687171795 0.63175 0.029257314328582147 0.0385
0 0.263503375843961 0.5915 0.02663165791447862 0.042
0 0.2663165791447862 0.55075 0.02625656414103526 0.0445
0 0.28694673668417103 0.5515 0.029257314328582147 0.042
0 0.27438109527381843 0.51225 0.03188297074268567 0.0415
0 0.31357839459864967 0.4955 0.03675918979744936 0.039
0 0.3220180045011253 0.5405 0.03488372093023256 0.043
0 0.35258814703675917 0.5495 0.0345086271567892 0.035
0 0.29688672168042013 0.59375 0.037134283570892726 0.0445
0 0.3177044261065266 0.631 0.030007501875468866 0.042
0 0.33570892723180795 0.58625 0.029257314328582147 0.0445
0 0.3612153038259565 0.59425 0.025506376594148537 0.0405
0 0.37790697674418605 0.56975 0.028882220555138786 0.0385
0 0.390285071267817 0.60375 0.029632408102025505 0.0475
0 0.35202550637659413 0.6365 0.032633158289572396 0.041
0 0.33289572393098277 0.67225 0.028132033008252063 0.0385
0 0.36046511627906974 0.668 0.03375843960990248 0.045
0 0.3754688672168042 0.68575 0.03375843960990248 0.0435
0 0.38972243060765194 0.6445 0.03225806451612903 0.033
0 0.41354088522130533 0.711 0.028882220555138786 0.045
0 0.390285071267817 0.735 0.029632408102025505 0.042
0 0.42104276069017255 0.75625 0.030382595648912228 0.0415
0 0.4086646661665416 0.797 0.03338334583645911 0.044
0 0.42966991747936983 0.82925 0.03113278319579895 0.0385
0 0.44204801200300076 0.78925 0.029632408102025505 0.0405
0 0.4662415603900975 0.8085 0.03075768942235559 0.043
0 0.458927231807952 0.85325 0.03113278319579895 0.0465
0 0.4923105776444111 0.83475 0.032633158289572396 0.0405
0 0.5136909227306826 0.81825 0.030382595648912228 0.0425
0 0.5183795948987246 0.7815 0.03150787696924231 0.04
0 0.5408852213053263 0.8035 0.03225806451612903 0.041
0 0.4602400600150037 0.72475 0.03150787696924231 0.0435
0 0.44298574643660915 0.69475 0.033008252063015754 0.0385
0 0.42948237059264815 0.639 0.030007501875468866 0.041
0 0.42460615153788445 0.6065 0.02625656414103526 0.035
0 0.34996249062265566 0.50225 0.029257314328582147 0.0355
0 0.377344336084021 0.50825 0.02625656414103526 0.0435
0 0.40397599399849965 0.5405 0.03375843960990248 0.039
0 0.4167291822955739 0.57325 0.030007501875468866 0.0395
0 0.41166541635408854 0.50675 0.02738184546136534 0.0355
0 0.3934733683420855 0.467 0.0277569392348087 0.035
0 0.41166541635408854 0.42725 0.030382595648912228 0.0395
0 0.4240435108777194 0.46 0.03113278319579895 0.041
0 0.44992498124531133 0.45575 0.023630907726931733 0.0385
0 0.4673668417104276 0.41825 0.028507126781695424 0.0375
0 0.4748687171792948 0.45875 0.02700675168792198 0.0425
0 0.5001875468867217 0.4845 0.03113278319579895 0.044
0 0.47768192048012004 0.506 0.028132033008252063 0.036
0 0.44223555888972244 0.5315 0.03075768942235559 0.04
0 0.46680420105026255 0.539 0.029632408102025505 0.035
0 0.49681170292573146 0.5365 0.025881470367591898 0.048
0 0.5251312828207052 0.53025 0.03075768942235559 0.0335
0 0.4472993248312078 0.57275 0.029632408102025505 0.0465
0 0.4512378094523631 0.6125 0.024756189047261814 0.041
0 0.472993248312078 0.63975 0.02625656414103526 0.0425
0 0.49681170292573146 0.66525 0.030382595648912228 0.0405
0 0.5260690172543135 0.68275 0.029632408102025505 0.0485
0 0.48237059264816207 0.5765 0.030007501875468866 0.042
0 0.5065641410352588 0.60625 0.038634658664666165 0.0425
0 0.5168792198049512 0.63575 0.03225806451612903 0.0415
0 0.5324456114028507 0.59825 0.030382595648912228 0.0375
0 0.558702175543886 0.56725 0.029632408102025505 0.0465
0 0.5596399099774944 0.60475 0.023255813953488372 0.0385
0 0.5532633158289573 0.52225 0.024756189047261814 0.0345
0 0.5315078769692423 0.48125 0.025506376594148537 0.0375
0 0.5566391597899475 0.6475 0.029257314328582147 0.037
0 0.549324831207802 0.698 0.03113278319579895 0.045
0 0.5054388597149287 0.7385 0.03563390847711928 0.044
0 0.5397599399849963 0.73225 0.03075768942235559 0.0445
0 0.5647036759189797 0.73425 0.025131282820705175 0.0435
0 0.5562640660165041 0.772 0.0277569392348087 0.041
0 0.5832708177044261 0.79075 0.023255813953488372 0.0435
0 0.6018379594898725 0.82725 0.02288072018004501 0.0425
0 0.6318454613653414 0.8365 0.029632408102025505 0.042
0 0.6612903225806451 0.826 0.0277569392348087 0.04
0 0.6620405101275318 0.78625 0.023255813953488372 0.0375
0 0.6237809452363091 0.74175 0.033008252063015754 0.0385
0 0.5971492873218305 0.71575 0.028507126781695424 0.0375
0 0.5793323330832708 0.68 0.02738184546136534 0.037
0 0.6288447111777945 0.6885 0.03788447111777944 0.044
0 0.6440360090022506 0.71975 0.03225806451612903 0.0285
0 0.6706676669167292 0.7505 0.025506376594148537 0.042
0 0.6965491372843211 0.73475 0.0277569392348087 0.0385
0 0.7139909977494373 0.75375 0.028882220555138786 0.0425
0 0.7344336084021005 0.77325 0.03150787696924231 0.0425
0 0.581582895723931 0.559 0.02663165791447862 0.037
0 0.5817704426106527 0.6015 0.02625656414103526 0.035
0 0.5875843960990248 0.63725 0.025881470367591898 0.0395
0 0.6040885221305327 0.619 0.028882220555138786 0.039
0 0.6280945236309077 0.648 0.028132033008252063 0.04
0 0.6370967741935484 0.60825 0.025881470367591898 0.0415
0 0.663728432108027 0.6045 0.02663165791447862 0.038
0 0.6605401350337584 0.644 0.03225806451612903 0.038
0 0.650225056264066 0.6805 0.025131282820705175 0.041
0 0.6802325581395349 0.70075 0.036384096024006 0.0375
0 0.6916729182295573 0.6765 0.03075768942235559 0.042
0 0.7164291072768192 0.6885 0.030007501875468866 0.042
0 0.7188672168042011 0.654 0.028132033008252063 0.039
0 0.6986121530382595 0.6185 0.030382595648912228 0.041
0 0.6654163540885222 0.563 0.02700675168792198 0.041
0 0.6344711177794449 0.565 0.02738184546136534 0.04
0 0.6054013503375844 0.55325 0.028507126781695424 0.0425
0 0.5930232558139535 0.5145 0.024756189047261814 0.035
0 0.5729557389347337 0.48025 0.032633158289572396 0.0425
0 0.5521380345086272 0.45175 0.028507126781695424 0.0375
0 0.49099774943735935 0.3865 0.030007501875468866 0.039
0 0.4932483120780195 0.4225 0.02625656414103526 0.04
0 0.5150037509377344 0.442 0.028507126781695424 0.037
0 0.5380720180045011 0.417 0.032633158289572396 0.041
0 0.5650787696924231 0.428 0.025881470367591898 0.039
0 0.5840210052513128 0.45225 0.028507126781695424 0.0385
0 0.5121905476369092 0.3995 0.02138034508627157 0.041
0 0.5144411102775694 0.36175 0.028882220555138786 0.0345
0 0.5375093773443361 0.3855 0.029257314328582147 0.037
0 0.5123780945236309 0.28325 0.030007501875468866 0.0365
0 0.5221305326331583 0.3175 0.0277569392348087 0.035
0 0.549324831207802 0.34225 0.028132033008252063 0.0355
0 0.5695798949737434 0.376 0.03488372093023256 0.034
0 0.5868342085521381 0.4075 0.032633158289572396 0.042
0 0.5530757689422355 0.27175 0.028882220555138786 0.0375
0 0.5483870967741935 0.3045 0.02625656414103526 0.037
0 0.5718304576144037 0.2915 0.025881470367591898 0.033
0 0.5858964741185296 0.25325 0.029257314328582147 0.0335
0 0.599774943735934 0.29175 0.025506376594148537 0.0375
0 0.6346586646661665 0.26425 0.030007501875468866 0.0315
0 0.6524756189047262 0.2875 0.03338334583645911 0.034
0 0.6639159789947486 0.265 0.023255813953488372 0.033
0 0.6839834958739685 0.288 0.025131282820705175 0.04
0 0.6897974493623406 0.27 0.018754688672168042 0.025
0 0.7222430607651913 0.281 0.023630907726931733 0.038
0 0.7085521380345087 0.30725 0.02625656414103526 0.0395
0 0.6751687921980495 0.3195 0.033008252063015754 0.036
0 0.6944861215303826 0.33225 0.03488372093023256 0.0325
0 0.6524756189047262 0.35125 0.025881470367591898 0.0315
0 0.608027006751688 0.32475 0.02625656414103526 0.0275
0 0.6275318829707427 0.34775 0.02625656414103526 0.0415
0 0.6530382595648913 0.38175 0.0345086271567892 0.0385
0 0.5813953488372093 0.3265 0.033008252063015754 0.038
0 0.6046511627906976 0.346 0.03075768942235559 0.038
0 0.6155288822205551 0.421 0.03225806451612903 0.04
0 0.6376594148537135 0.43375 0.024756189047261814 0.0315
0 0.6104651162790697 0.4705 0.032633158289572396 0.034
0 0.6436609152288072 0.4595 0.03225806451612903 0.034
0 0.6731057764441111 0.4515 0.023630907726931733 0.04
0 0.6862340585146287 0.416 0.02738184546136534 0.032
0 0.7074268567141786 0.444 0.03150787696924231 0.037
0 0.7038634658664666 0.48125 0.029632408102025505 0.0425
0 0.663728432108027 0.49125 0.02288072018004501 0.0365
0 0.6380345086271568 0.4935 0.0277569392348087 0.038
0 0.65847711927982 0.52125 0.03113278319579895 0.0405
0 0.7126781695423856 0.51725 0.028507126781695424 0.0415
0 0.7216804201050263 0.57125 0.03150787696924231 0.0415
0 0.7213053263315828 0.54725 0.0277569392348087 0.0305
0 0.7299324831207802 0.622 0.03225806451612903 0.039
0 0.7665041260315079 0.639 0.028882220555138786 0.037
0 0.745311327831958 0.67925 0.0277569392348087 0.0405
0 0.741747936984246 0.722 0.024381095273818456 0.044
0 0.7586271567891973 0.70875 0.02738184546136534 0.0425
0 0.7766316579144786 0.74525 0.025131282820705175 0.0455
0 0.7961365341335334 0.73875 0.025131282820705175 0.0465
0 0.8013878469617405 0.78325 0.03113278319579895 0.0485
0 0.8126406601650412 0.84775 0.032633158289572396 0.0445
0 0.8377719429857464 0.82125 0.03113278319579895 0.0455
0 0.871530382595649 0.8085 0.034133533383345835 0.046
0 0.8420855213803451 0.7705 0.029257314328582147 0.038
0 0.849774943735934 0.735 0.03338334583645911 0.036
0 0.8660915228807202 0.7565 0.028507126781695424 0.038
0 0.9045386346586647 0.76775 0.03188297074268567 0.0425
0 0.9234808702175544 0.7305 0.03150787696924231 0.047
0 0.8865341335333834 0.69475 0.02663165791447862 0.0415
0 0.9081020255063766 0.69475 0.024006001500375095 0.0315
0 0.9088522130532634 0.66575 0.03075768942235559 0.0395
0 0.8668417104276069 0.6385 0.033008252063015754 0.041
0 0.8238934733683421 0.63975 0.028132033008252063 0.0385
0 0.8435858964741185 0.66025 0.029257314328582147 0.0385
0 0.79576144036009 0.69375 0.02663165791447862 0.0455
0 0.7846961740435109 0.6655 0.04051012753188297 0.031
0 0.7833833458364591 0.6155 0.025881470367591898 0.045
0 0.8188297074268567 0.595 0.02700675168792198 0.037
0 0.8572768192048013 0.591 0.029632408102025505 0.043
0 0.8987246811702926 0.608 0.02700675168792198 0.039
0 0.9221680420105026 0.63625 0.02663165791447862 0.0425
0 0.9489872468117029 0.593 0.0345086271567892 0.045
0 0.9202925731432858 0.55575 0.024381095273818456 0.0395
0 0.8842835708927231 0.57175 0.02663165791447862 0.0385
0 0.86384096024006 0.56175 0.024756189047261814 0.0325
0 0.8267066766691673 0.55875 0.025506376594148537 0.0425
0 0.7914478619654913 0.575 0.03075768942235559 0.032
0 0.7740060015003751 0.5865 0.02738184546136534 0.04
0 0.7490622655663915 0.58225 0.029257314328582147 0.0395
0 0.7466241560390098 0.52775 0.04088522130532633 0.0455
0 0.7575018754688673 0.55525 0.02738184546136534 0.0295
0 0.7274943735933983 0.49575 0.032633158289572396 0.0385
0 0.7590022505626407 0.49225 0.03113278319579895 0.0465
0 0.7906976744186046 0.4875 0.030007501875468866 0.042
0 0.7475618904726181 0.44525 0.028507126781695424 0.0375
0 0.7657539384846211 0.45025 0.025881470367591898 0.0395
0 0.7259939984996249 0.36125 0.030382595648912228 0.0405
0 0.7349962490622656 0.39 0.028132033008252063 0.037
0 0.7518754688672168 0.376 0.034133533383345835 0.035
0 0.7672543135783946 0.395 0.025131282820705175 0.047
0 0.7976369092273068 0.40675 0.028132033008252063 0.0385
0 0.805701425356339 0.43725 0.02700675168792198 0.0395
0 0.832145536384096 0.47925 0.025131282820705175 0.0415
0 0.7522505626406601 0.34225 0.03188297074268567 0.0375
0 0.7363090772693174 0.252 0.029257314328582147 0.03
0 0.7567516879219804 0.2775 0.023630907726931733 0.039
0 0.7743810952738185 0.25625 0.030382595648912228 0.0285
0 0.7963240810202551 0.3075 0.035258814703675916 0.048
0 0.8313953488372093 0.31975 0.03188297074268567 0.0355
0 0.7944486121530383 0.349 0.0277569392348087 0.042
0 0.8252063015753939 0.38175 0.033008252063015754 0.0405
0 0.8347711927981996 0.415 0.028882220555138786 0.043
0 0.8381470367591898 0.34475 0.02738184546136534 0.0365
0 0.8769692423105776 0.33075 0.028507126781695424 0.0385
0 0.8874718679669917 0.36875 0.03075768942235559 0.0385
0 0.8507126781695424 0.39275 0.02625656414103526 0.0275
0 0.8824081020255063 0.40975 0.03113278319579895 0.0425
0 0.8994748687171793 0.40775 0.024006001500375095 0.0395
0 0.9234808702175544 0.4355 0.03375843960990248 0.035
0 0.8379594898724682 0.448 0.033008252063015754 0.031
0 0.872655663915979 0.47 0.02663165791447862 0.044
0 0.890847711927982 0.45775 0.024756189047261814 0.0395
0 0.917291822955739 0.47175 0.02738184546136534 0.0425
0 0.9111027756939235 0.50675 0.028507126781695424 0.0385
0 0.9307951987997 0.5135 0.02738184546136534 0.037
0 0.8670292573143286 0.51825 0.028882220555138786 0.0425
0 0.8195798949737434 0.52275 0.02700675168792198 0.0445
