0 0.13634658664666166 0.68975 0.10990247561890473 0.1165
0 0.1609152288072018 0.58425 0.1177794448612153 0.1145
0 0.2233683420855214 0.762 0.0986496624156039 0.127
0 0.3167666916729182 0.81375 0.10390097524381095 0.1125
0 0.41410352588147037 0.83025 0.08927231807951988 0.1045
0 0.5063765941485371 0.8725 0.09827456864216054 0.123
0 0.5958364591147787 0.87725 0.08664666166541636 0.1055
0 0.27138034508627157 0.5405 0.10315078769692423 0.124
0 0.28075768942235557 0.3915 0.0986496624156039 0.118
0 0.34658664666166544 0.30575 0.0967741935483871 0.1325
0 0.43810952738184544 0.28025 0.09827456864216054 0.1435
0 0.42760690172543137 0.41325 0.09752438109527382 0.1235
0 0.3775318829707427 0.54675 0.10615153788447111 0.1405
0 0.2920105026256564 0.64475 0.09789947486871718 0.1195
0 0.39309827456864216 0.67575 0.09227306826706677 0.1265
0 0.4759939984996249 0.716 0.0967741935483871 0.118
0 0.45480120030007504 0.5895 0.0918979744936234 0.131
0 0.5590772693173294 0.6295 0.08739684921230308 0.121
0 0.5624531132783196 0.73425 0.08664666166541636 0.1065
0 0.6714178544636159 0.75675 0.0967741935483871 0.1205
0 0.6687921980495124 0.824 0.08702175543885972 0.084
0 0.7563765941485371 0.86725 0.09114778694673668 0.1045
0 0.8358964741185296 0.83275 0.08739684921230308 0.0975
0 0.7419354838709677 0.74375 0.07351837959489872 0.1035
0 0.8195798949737434 0.70625 0.08627156789197299 0.1165
0 0.9067891972993248 0.749 0.08214553638409602 0.114
0 0.6517254313578394 0.61325 0.09639909977494374 0.1065
0 0.7254313578394599 0.65325 0.08777194298574643 0.0945
0 0.7865716429107277 0.58875 0.07051762940735183 0.1105
0 0.877344336084021 0.62225 0.08027006751687922 0.1105
0 0.6704801200300075 0.50475 0.08964741185296324 0.1155
0 0.7349962490622656 0.51525 0.059639909977494375 0.1175
0 0.859714928732183 0.5045 0.08027006751687922 0.113
0 0.7081770442610653 0.39425 0.08252063015753938 0.1075
0 0.777006751687922 0.40075 0.06939234808702176 0.1235
0 0.595648912228057 0.41825 0.09452363090772693 0.1145
0 0.5080645161290323 0.48375 0.09564891222805702 0.1215
0 0.5033758439609902 0.34375 0.08627156789197299 0.1265
0 0.42948237059264815 0.14475 0.09602400600150038 0.1285
0 0.5279444861215303 0.21425 0.10690172543135784 0.1425
0 0.6067141785446362 0.29 0.10090022505626407 0.131
0 0.6524756189047262 0.181 0.08289572393098274 0.131
0 0.7233683420855214 0.11325 0.08739684921230308 0.1265
0 0.7205551387846961 0.27425 0.09602400600150038 0.1255
0 0.8141410352588146 0.2605 0.09114778694673668 0.13
