0 0.0967741935483871 0.29825 0.030007501875468866 0.0545
0 0.1110277569392348 0.36 0.03375843960990248 0.053
0 0.13072018004501126 0.3305 0.03488372093023256 0.052
0 0.1618529632408102 0.30025 0.03563390847711928 0.0525
0 0.17010502625656415 0.3395 0.032633158289572396 0.054
0 0.1791072768192048 0.27175 0.032633158289572396 0.0595
0 0.20930232558139536 0.283 0.03675918979744936 0.056
0 0.20517629407351837 0.33225 0.03675918979744936 0.0505
0 0.16354088522130533 0.39475 0.0345086271567892 0.0525
0 0.20086271567891972 0.428 0.036384096024006 0.049
0 0.24849962490622657 0.42225 0.036384096024006 0.0465
0 0.23893473368342086 0.47 0.03900975243810953 0.057
0 0.2633158289572393 0.513 0.03675918979744936 0.054
0 0.28769692423105775 0.5295 0.0345086271567892 0.057
0 0.2923855963990998 0.5805 0.03563390847711928 0.056
0 0.2786946736684171 0.472 0.04051012753188297 0.05
0 0.2603150787696924 0.367 0.03675918979744936 0.058
0 0.291072768192048 0.381 0.04351087771942986 0.056
0 0.3049512378094524 0.3305 0.0345086271567892 0.057
0 0.26875468867216806 0.231 0.036384096024006 0.059
0 0.32126781695423856 0.27875 0.04013503375843961 0.0505
0 0.34321080270067517 0.23425 0.04276069017254314 0.0475
0 0.36852963240810205 0.196 0.04088522130532633 0.057
0 0.4081020255063766 0.1665 0.0450112528132033 0.057
0 0.3790322580645161 0.2575 0.04013503375843961 0.059
0 0.4163540885221305 0.22925 0.04126031507876969 0.0575
0 0.44992498124531133 0.27175 0.04238559639909977 0.0575
0 0.3840960240060015 0.314 0.042010502625656414 0.049
0 0.4189797449362341 0.33575 0.042010502625656414 0.0615
0 0.45986496624156037 0.33075 0.04051012753188297 0.0645
0 0.3514628657164291 0.3605 0.042010502625656414 0.057
0 0.37865716429107277 0.368 0.04463615903975994 0.056
0 0.33177044261065264 0.402 0.041635408852213056 0.048
0 0.3677794448612153 0.41725 0.04238559639909977 0.0575
0 0.30870217554388596 0.44425 0.04351087771942986 0.0545
0 0.3400225056264066 0.455 0.04013503375843961 0.056
0 0.3259564891222806 0.5015 0.03900975243810953 0.051
0 0.327456864216054 0.551 0.03825956489122281 0.054
0 0.349774943735934 0.588 0.04088522130532633 0.054
0 0.3190172543135784 0.627 0.04088522130532633 0.056
0 0.35183795948987245 0.65125 0.03975993998499625 0.0545
0 0.3852213053263316 0.61525 0.033008252063015754 0.0545
0 0.39741185296324083 0.67075 0.043135783945986494 0.0505
0 0.4358589647411853 0.6475 0.03900975243810953 0.054
0 0.3681545386346587 0.53975 0.03938484621155289 0.0555
0 0.40097524381095273 0.528 0.03375843960990248 0.052
0 0.4298574643660915 0.547 0.037509377344336084 0.053
0 0.4165416354088522 0.6 0.041635408852213056 0.056
0 0.4617404351087772 0.60875 0.04126031507876969 0.0635
0 0.3925356339084771 0.47975 0.04013503375843961 0.0525
0 0.43285821455363843 0.501 0.03900975243810953 0.046
0 0.4052888222055514 0.42875 0.043135783945986494 0.0515
0 0.4409227306826707 0.45825 0.04013503375843961 0.0595
0 0.43698424606151537 0.40275 0.04351087771942986 0.0535
0 0.463615903975994 0.216 0.03825956489122281 0.059
0 0.49118529632408103 0.1655 0.04013503375843961 0.06
0 0.5290697674418605 0.19925 0.04463615903975994 0.0545
0 0.5712678169542386 0.172 0.0450112528132033 0.051
0 0.5645161290322581 0.25 0.04426106526631658 0.053
0 0.5020630157539385 0.25975 0.04013503375843961 0.0615
0 0.5090022505626407 0.31625 0.03975993998499625 0.0615
0 0.5453863465866466 0.2965 0.04126031507876969 0.059
0 0.5900225056264066 0.2885 0.04351087771942986 0.057
0 0.6121530382595649 0.23325 0.046511627906976744 0.0565
0 0.6522880720180045 0.2205 0.046511627906976744 0.06
0 0.6492873218304576 0.28725 0.04351087771942986 0.0625
0 0.6286571642910728 0.3285 0.04276069017254314 0.054
0 0.5838334583645911 0.35725 0.04088522130532633 0.0565
0 0.5418229557389347 0.36175 0.04013503375843961 0.0535
0 0.5030007501875469 0.383 0.04051012753188297 0.057
0 0.47749437359339836 0.41775 0.0450112528132033 0.0595
0 0.518192048012003 0.45425 0.043135783945986494 0.0515
0 0.5433233308327082 0.413 0.043135783945986494 0.053
0 0.5843960990247562 0.41175 0.04351087771942986 0.0535
0 0.6055888972243061 0.45625 0.04238559639909977 0.0555
0 0.5684546136534133 0.46225 0.03788447111777944 0.0545
0 0.5465116279069767 0.5115 0.04051012753188297 0.058
0 0.5060015003750937 0.5145 0.03975993998499625 0.057
0 0.4686796699174794 0.50075 0.04013503375843961 0.0555
0 0.4816204051012753 0.562 0.04351087771942986 0.055
0 0.504688672168042 0.6025 0.04013503375843961 0.057
0 0.5433233308327082 0.59025 0.03938484621155289 0.0605
0 0.572768192048012 0.61725 0.042010502625656414 0.0565
0 0.5995873968492123 0.5815 0.04463615903975994 0.054
0 0.6222805701425357 0.62875 0.042010502625656414 0.0575
0 0.5708927231807952 0.544 0.04276069017254314 0.058
0 0.5977119279819955 0.50625 0.04388597149287322 0.0545
0 0.6399099774943736 0.552 0.04126031507876969 0.064
0 0.6652288072018004 0.59725 0.04388597149287322 0.0645
0 0.653788447111778 0.4865 0.04276069017254314 0.056
0 0.6429107276819205 0.42925 0.04576144036009002 0.0595
0 0.6256564141035259 0.381 0.0450112528132033 0.062
0 0.6798574643660915 0.329 0.046136534133533386 0.053
0 0.7044261065266316 0.21825 0.04276069017254314 0.0605
0 0.7374343585896475 0.271 0.046511627906976744 0.055
0 0.7304951237809453 0.32525 0.05138784696174044 0.0565
0 0.6687921980495124 0.3855 0.037509377344336084 0.06
0 0.7093023255813954 0.38925 0.042010502625656414 0.0675
0 0.6869842460615154 0.45275 0.04238559639909977 0.0625
0 0.7115528882220555 0.50075 0.04051012753188297 0.0635
0 0.682483120780195 0.549 0.04238559639909977 0.063
0 0.7074268567141786 0.5955 0.04351087771942986 0.063
0 0.7314328582145536 0.54725 0.04426106526631658 0.0595
0 0.7856339084771192 0.5585 0.04838709677419355 0.062
0 0.7530007501875469 0.48625 0.04688672168042011 0.0655
0 0.7325581395348837 0.437 0.042010502625656414 0.06
0 0.7569392348087022 0.38675 0.0450112528132033 0.0535
0 0.7865716429107277 0.4465 0.04876219054763691 0.061
0 0.8190172543135784 0.49425 0.04538634658664666 0.0655
0 0.782258064516129 0.3375 0.04388597149287322 0.062
0 0.808702175543886 0.394 0.042010502625656414 0.062
0 0.8259564891222806 0.21825 0.051762940735183796 0.0525
0 0.8130157539384846 0.2915 0.04688672168042011 0.057
0 0.8569017254313578 0.28 0.04838709677419355 0.059
0 0.836271567891973 0.34625 0.05138784696174044 0.0635
0 0.8794073518379595 0.3755 0.05288822205551388 0.06
0 0.9034133533383346 0.32975 0.05588897224306077 0.0595
0 0.8501500375093773 0.435 0.043135783945986494 0.064
0 0.48687171792948236 0.6485 0.04576144036009002 0.056
