0 0.1262190547636909 0.37075 0.09039759939984997 0.1005
0 0.1485371342835709 0.45475 0.06601650412603151 0.0845
0 0.186609152288072 0.4975 0.055138784696174045 0.076
0 0.19954988747186797 0.58825 0.05776444111027757 0.0675
0 0.21980495123780946 0.63975 0.05701425356339085 0.0665
0 0.23968492123030757 0.536 0.0555138784696174 0.069
0 0.2614403600900225 0.59125 0.04051012753188297 0.0685
0 0.21624156039009754 0.4135 0.06264066016504126 0.075
0 0.259377344336084 0.46575 0.059639909977494375 0.0735
0 0.30607651912978245 0.4625 0.04876219054763691 0.076
0 0.3265191297824456 0.51575 0.05138784696174044 0.0605
0 0.3036384096024006 0.3835 0.05813953488372093 0.07
0 0.23705926481620404 0.35275 0.06601650412603151 0.0805
0 0.18942235558889722 0.273 0.09602400600150038 0.098
0 0.32333083270817703 0.21225 0.06676669167291822 0.0815
0 0.3690922730682671 0.176 0.06976744186046512 0.089
0 0.45555138784696175 0.1635 0.061140285071267814 0.093
0 0.4232933233308327 0.23875 0.0641410352588147 0.0895
0 0.47936984246061515 0.2515 0.0622655663915979 0.086
0 0.445986496624156 0.3085 0.058514628657164294 0.065
0 0.3537134283570893 0.2815 0.060765191297824456 0.088
0 0.373218304576144 0.34825 0.06151537884471118 0.0625
0 0.3208927231807952 0.31375 0.04538634658664666 0.0795
0 0.36102775693923483 0.40575 0.0536384096024006 0.0685
0 0.3687171792948237 0.46925 0.047261815453863466 0.0745
0 0.4373593398349587 0.37675 0.056264066016504126 0.0665
0 0.4234808702175544 0.4365 0.05701425356339085 0.065
0 0.41616654163540884 0.51725 0.05888972243060765 0.0725
0 0.46399099774943736 0.50825 0.04951237809452363 0.0665
0 0.49287321830457614 0.45525 0.060765191297824456 0.0665
0 0.49118529632408103 0.399 0.05888972243060765 0.072
0 0.5466991747936985 0.3985 0.05438859714928732 0.061
0 0.5180045011252813 0.31375 0.05401350337584396 0.0735
0 0.5527006751687922 0.257 0.055138784696174045 0.075
0 0.5502625656414104 0.176 0.07051762940735183 0.092
0 0.6018379594898725 0.15375 0.05438859714928732 0.0835
0 0.6177794448612153 0.23925 0.06451612903225806 0.0835
0 0.6665416354088523 0.255 0.05326331582895724 0.076
0 0.6821080270067517 0.3255 0.055138784696174045 0.07
0 0.6847336834208552 0.38875 0.04988747186796699 0.0665
0 0.5952738184546137 0.37075 0.058514628657164294 0.0855
0 0.6295948987246812 0.4215 0.05138784696174044 0.069
0 0.6633533383345837 0.469 0.050637659414853715 0.077
0 0.5808327081770442 0.4595 0.05738934733683421 0.075
0 0.6170292573143286 0.492 0.051762940735183796 0.072
0 0.5418229557389347 0.5045 0.046136534133533386 0.066
0 0.5969617404351087 0.55475 0.0536384096024006 0.0605
0 0.6042760690172543 0.60475 0.046511627906976744 0.0595
0 0.6174043510877719 0.6475 0.03975993998499625 0.046
0 0.5517629407351838 0.64725 0.04426106526631658 0.0605
0 0.5397599399849963 0.56725 0.05251312828207052 0.0665
0 0.5048762190547637 0.606 0.04801200300075019 0.07
0 0.4551762940735184 0.57225 0.055138784696174045 0.0665
0 0.404351087771943 0.574 0.051762940735183796 0.065
0 0.35202550637659413 0.56525 0.05138784696174044 0.0625
0 0.3148912228057014 0.63125 0.04988747186796699 0.0665
0 0.26556639159789946 0.66225 0.05251312828207052 0.0665
0 0.2683795948987247 0.721 0.05438859714928732 0.063
0 0.3100150037509377 0.716 0.050637659414853715 0.07
0 0.3312078019504876 0.75 0.04801200300075019 0.046
0 0.3687171792948237 0.71075 0.05026256564141035 0.0685
0 0.36946736684171044 0.634 0.056264066016504126 0.065
0 0.41841710427606904 0.68 0.05438859714928732 0.07
0 0.4373593398349587 0.6265 0.04876219054763691 0.064
0 0.45573893473368343 0.7025 0.04126031507876969 0.063
0 0.4827456864216054 0.70525 0.051762940735183796 0.0645
0 0.5176294073518379 0.7125 0.033008252063015754 0.059
0 0.6545386346586647 0.70425 0.04576144036009002 0.0565
0 0.6941110277569392 0.6785 0.04688672168042011 0.054
0 0.6978619654913728 0.6215 0.04463615903975994 0.065
0 0.6875468867216804 0.54625 0.05026256564141035 0.0695
0 0.7184921230307577 0.55825 0.041635408852213056 0.0515
0 0.7306826706676669 0.6285 0.0450112528132033 0.057
0 0.7370592648162041 0.724 0.05251312828207052 0.058
0 0.7933233308327082 0.722 0.051762940735183796 0.062
0 0.8394598649662416 0.696 0.05026256564141035 0.053
0 0.9131657914478619 0.69175 0.052138034508627154 0.0835
0 0.9082895723930983 0.777 0.0603900975243811 0.064
0 0.7976369092273068 0.625 0.04988747186796699 0.062
0 0.8184546136534133 0.57175 0.05476369092273068 0.0645
0 0.8627156789197299 0.5335 0.04576144036009002 0.075
0 0.754688672168042 0.528 0.051762940735183796 0.069
0 0.7198049512378094 0.4515 0.04951237809452363 0.066
0 0.7576894223555889 0.39725 0.04951237809452363 0.0625
0 0.7785071267816954 0.3315 0.0536384096024006 0.078
0 0.8193923480870218 0.3995 0.0536384096024006 0.069
0 0.8681545386346586 0.3725 0.056639159789947484 0.065
0 0.8379594898724682 0.27525 0.06376594148537135 0.0755
0 0.7237434358589647 0.24175 0.05738934733683421 0.0805
0 0.6759189797449362 0.17675 0.05701425356339085 0.0695
0 0.7404351087771943 0.15925 0.05926481620405101 0.0805
0 0.7019879969992499 0.101 0.04988747186796699 0.08
0 0.8111402850712678 0.1155 0.07164291072768192 0.082
