0 0.13934733683420855 0.42425 0.02663165791447862 0.0365
0 0.17685671417854465 0.3985 0.028882220555138786 0.037
0 0.2049887471867967 0.38975 0.025881470367591898 0.0355
0 0.22468117029257315 0.35725 0.028507126781695424 0.0405
0 0.2203675918979745 0.41925 0.028132033008252063 0.0385
0 0.22355588897224307 0.462 0.028507126781695424 0.039
0 0.19617404351087772 0.51075 0.024756189047261814 0.0315
0 0.2117404351087772 0.54175 0.025131282820705175 0.0385
0 0.2374343585896474 0.49825 0.02175543885971493 0.0315
0 0.254126031507877 0.4865 0.025131282820705175 0.037
0 0.25431357839459867 0.4475 0.02700675168792198 0.036
0 0.2501875468867217 0.40125 0.025506376594148537 0.0375
0 0.27325581395348836 0.4125 0.025881470367591898 0.038
0 0.2605026256564141 0.35075 0.029632408102025505 0.0345
0 0.24456114028507125 0.31325 0.02700675168792198 0.0395
0 0.24287321830457614 0.26625 0.028882220555138786 0.0425
0 0.2685671417854464 0.552 0.024756189047261814 0.033
0 0.27156789197299325 0.51975 0.02700675168792198 0.0285
0 0.2820705176294073 0.503 0.03150787696924231 0.036
0 0.30195048762190546 0.533 0.025506376594148537 0.028
0 0.32389347336834207 0.53125 0.025881470367591898 0.0365
0 0.2852588147036759 0.56925 0.028882220555138786 0.0345
0 0.31976744186046513 0.6075 0.024381095273818456 0.036
0 0.34246061515378845 0.571 0.024756189047261814 0.034
0 0.36515378844711177 0.54475 0.029632408102025505 0.0325
0 0.35108777194298574 0.49575 0.023255813953488372 0.0365
0 0.31882970742685673 0.49 0.02625656414103526 0.036
0 0.3572768192048012 0.6315 0.025131282820705175 0.04
0 0.3664666166541635 0.59125 0.0277569392348087 0.0385
0 0.29351087771942985 0.459 0.024381095273818456 0.038
0 0.3302700675168792 0.45375 0.029632408102025505 0.0345
0 0.35277569392348085 0.4235 0.029632408102025505 0.034
0 0.304013503375844 0.4235 0.03113278319579895 0.04
0 0.3218304576144036 0.39025 0.03150787696924231 0.0335
0 0.29182295573893474 0.3775 0.029257314328582147 0.036
0 0.3066391597899475 0.34375 0.025881470367591898 0.0375
0 0.3351462865716429 0.35775 0.029632408102025505 0.0355
0 0.34602400600150035 0.32 0.02663165791447862 0.034
0 0.28113278319579893 0.30375 0.028132033008252063 0.0405
0 0.32220555138784696 0.295 0.02625656414103526 0.04
0 0.2890097524381095 0.26375 0.032633158289572396 0.0345
0 0.3218304576144036 0.24675 0.029257314328582147 0.0365
0 0.29426106526631657 0.23425 0.025131282820705175 0.0235
0 0.31545386346586646 0.2115 0.029257314328582147 0.029
0 0.34921230307576895 0.21725 0.02700675168792198 0.0435
0 0.35783945986496624 0.28275 0.0277569392348087 0.0395
0 0.373218304576144 0.2495 0.03150787696924231 0.039
0 0.39047261815453865 0.2205 0.02625656414103526 0.037
0 0.39216054013503376 0.1755 0.032633158289572396 0.038
0 0.4397974493623406 0.17975 0.023630907726931733 0.0395
0 0.4199174793698425 0.21125 0.029632408102025505 0.0455
0 0.4337959489872468 0.2555 0.028882220555138786 0.042
0 0.41916729182295576 0.2925 0.028882220555138786 0.043
0 0.3869092273068267 0.296 0.03188297074268567 0.038
0 0.39741185296324083 0.34625 0.032633158289572396 0.0435
0 0.38147036759189795 0.3635 0.02250562640660165 0.035
0 0.36346586646661666 0.39125 0.028507126781695424 0.0345
0 0.3809077269317329 0.47925 0.03188297074268567 0.0385
0 0.3910352588147037 0.5255 0.028132033008252063 0.037
0 0.3968492123030758 0.57125 0.028507126781695424 0.0415
0 0.3927231807951988 0.61375 0.029257314328582147 0.0375
0 0.38278319579894976 0.663 0.028132033008252063 0.035
0 0.3649662415603901 0.683 0.03225806451612903 0.03
0 0.3852213053263316 0.7065 0.024006001500375095 0.03
0 0.4081020255063766 0.763 0.029257314328582147 0.033
0 0.42179294823705926 0.721 0.028132033008252063 0.032
0 0.4099774943735934 0.68925 0.030007501875468866 0.0315
0 0.4486121530382596 0.6885 0.024006001500375095 0.03
0 0.4486121530382596 0.66025 0.029257314328582147 0.0345
0 0.4165416354088522 0.64175 0.02663165791447862 0.0385
0 0.4491747936984246 0.62275 0.028132033008252063 0.0385
0 0.45348837209302323 0.58725 0.025506376594148537 0.0375
0 0.4242310577644411 0.57725 0.02625656414103526 0.0365
0 0.41935483870967744 0.53975 0.029257314328582147 0.0385
0 0.4463615903975994 0.54675 0.028507126781695424 0.0365
0 0.44129782445611404 0.51075 0.028882220555138786 0.0345
0 0.41241560390097526 0.49475 0.02663165791447862 0.0365
0 0.3966616654163541 0.45425 0.03113278319579895 0.0405
0 0.4274193548387097 0.46825 0.028882220555138786 0.0385
0 0.396099024756189 0.414 0.03075768942235559 0.037
0 0.4242310577644411 0.42575 0.02625656414103526 0.0395
0 0.4157914478619655 0.38325 0.025881470367591898 0.0385
0 0.436609152288072 0.34475 0.029257314328582147 0.0365
0 0.4465491372843211 0.30575 0.02663165791447862 0.0405
0 0.45255063765941483 0.4025 0.02738184546136534 0.043
0 0.46755438859714926 0.177 0.030382595648912228 0.037
0 0.46830457614403603 0.218 0.028882220555138786 0.042
0 0.5183795948987246 0.1995 0.02625656414103526 0.039
0 0.5026256564141035 0.2315 0.03150787696924231 0.044
0 0.5178169542385597 0.27025 0.028882220555138786 0.0405
0 0.4883720930232558 0.275 0.028507126781695424 0.039
0 0.472993248312078 0.313 0.028507126781695424 0.04
0 0.46905476369092275 0.3595 0.02663165791447862 0.04
0 0.4973743435858965 0.352 0.02625656414103526 0.037
0 0.5110652663165791 0.316 0.029632408102025505 0.04
0 0.4876219054763691 0.39075 0.02700675168792198 0.0375
0 0.5221305326331583 0.3805 0.03150787696924231 0.038
0 0.4804951237809452 0.431 0.02625656414103526 0.036
0 0.5118154538634658 0.42575 0.030382595648912228 0.0415
0 0.5365716429107277 0.4115 0.028132033008252063 0.04
0 0.4711177794448612 0.4785 0.033008252063015754 0.043
0 0.4964366091522881 0.49625 0.028132033008252063 0.0395
0 0.5151912978244562 0.46725 0.028882220555138786 0.0365
0 0.47280570142535633 0.52825 0.028132033008252063 0.0405
0 0.505251312828207 0.544 0.029257314328582147 0.038
0 0.5245686421605401 0.518 0.029632408102025505 0.039
0 0.5331957989497375 0.558 0.02663165791447862 0.039
0 0.4827456864216054 0.56575 0.028507126781695424 0.0345
0 0.5078769692423106 0.58575 0.029257314328582147 0.0365
0 0.535821455363841 0.59575 0.028132033008252063 0.0345
0 0.48237059264816207 0.61825 0.028507126781695424 0.0375
0 0.5148162040510128 0.624 0.028882220555138786 0.038
0 0.4789947486871718 0.6545 0.028507126781695424 0.033
0 0.5189422355588897 0.6555 0.028882220555138786 0.035
0 0.47336834208552137 0.684 0.024756189047261814 0.031
0 0.5022505626406601 0.69 0.02700675168792198 0.033
0 0.4566766691672918 0.7345 0.02738184546136534 0.038
0 0.4883720930232558 0.7285 0.0277569392348087 0.036
0 0.43435858964741186 0.78975 0.029257314328582147 0.0405
0 0.46155288822205554 0.7895 0.02663165791447862 0.033
0 0.5166916729182296 0.72825 0.02288072018004501 0.0305
0 0.5266316579144786 0.71 0.02700675168792198 0.035
0 0.49774943735933985 0.7545 0.028507126781695424 0.022
0 0.5476369092273068 0.727 0.023255813953488372 0.033
0 0.5480120030007501 0.679 0.024756189047261814 0.027
0 0.576331582895724 0.7355 0.029632408102025505 0.031
0 0.5744561140285072 0.70475 0.03188297074268567 0.0345
0 0.5690172543135784 0.65375 0.02625656414103526 0.0355
0 0.5663915978994749 0.619 0.03225806451612903 0.031
0 0.5416354088522131 0.62425 0.024006001500375095 0.0255
0 0.5787696924231058 0.5715 0.02700675168792198 0.036
0 0.5607651912978244 0.54275 0.03150787696924231 0.0335
0 0.5935858964741185 0.53925 0.02738184546136534 0.0375
0 0.576331582895724 0.5125 0.029632408102025505 0.035
0 0.5474493623405852 0.4975 0.028882220555138786 0.033
0 0.5442610652663166 0.46275 0.028507126781695424 0.0395
0 0.5733308327081771 0.47225 0.02738184546136534 0.0345
0 0.594523630907727 0.44575 0.028507126781695424 0.0365
0 0.5671417854463616 0.4235 0.028507126781695424 0.038
0 0.5922730682670667 0.4065 0.028507126781695424 0.035
0 0.5633908477119279 0.384 0.030007501875468866 0.034
0 0.5750187546886721 0.35025 0.028507126781695424 0.0385
0 0.536946736684171 0.33925 0.02738184546136534 0.0405
0 0.5453863465866466 0.29125 0.030007501875468866 0.0405
0 0.5572018004501126 0.2605 0.028882220555138786 0.038
0 0.5453863465866466 0.20775 0.028507126781695424 0.0395
0 0.6106526631657915 0.23825 0.028507126781695424 0.0335
0 0.5907726931732933 0.27125 0.02700675168792198 0.0405
0 0.5800825206301575 0.30925 0.03113278319579895 0.0385
0 0.6084021005251313 0.31875 0.028507126781695424 0.0405
0 0.6031507876969242 0.357 0.03075768942235559 0.038
0 0.6217179294823706 0.39025 0.032633158289572396 0.0375
0 0.6350337584396099 0.41825 0.030007501875468866 0.0405
0 0.6217179294823706 0.4595 0.025881470367591898 0.039
0 0.6039009752438109 0.48625 0.029257314328582147 0.0365
0 0.6219054763690923 0.5145 0.02700675168792198 0.035
0 0.6234058514628658 0.558 0.029257314328582147 0.04
0 0.5960240060015004 0.63675 0.0277569392348087 0.0395
0 0.6213428357089272 0.63375 0.025131282820705175 0.0385
0 0.618529632408102 0.71025 0.025506376594148537 0.0375
0 0.6245311327831958 0.7585 0.02700675168792198 0.036
0 0.6536009002250562 0.76725 0.02663165791447862 0.0385
0 0.6804201050262566 0.75925 0.025506376594148537 0.0395
0 0.7053638409602401 0.7585 0.02288072018004501 0.033
0 0.7267441860465116 0.73875 0.02738184546136534 0.0375
0 0.753563390847712 0.75525 0.029257314328582147 0.0235
0 0.7479369842460615 0.72 0.02700675168792198 0.036
0 0.7758814703675919 0.701 0.028882220555138786 0.037
0 0.7965116279069767 0.704 0.02213053263315829 0.035
0 0.6620405101275318 0.72 0.02700675168792198 0.039
0 0.6911102775693924 0.71875 0.028882220555138786 0.0365
0 0.6464741185296324 0.69325 0.03113278319579895 0.0405
0 0.7046136534133534 0.67925 0.02663165791447862 0.0395
0 0.7394973743435859 0.6885 0.030382595648912228 0.039
0 0.7616279069767442 0.6595 0.029632408102025505 0.032
0 0.7880720180045011 0.66175 0.024006001500375095 0.0345
0 0.6475993998499625 0.641 0.02738184546136534 0.035
0 0.673668417104276 0.65775 0.028507126781695424 0.0335
0 0.6509752438109527 0.60525 0.02738184546136534 0.0375
0 0.6747936984246061 0.61775 0.0277569392348087 0.0385
0 0.7209302325581395 0.64325 0.0277569392348087 0.0365
0 0.7505626406601651 0.6235 0.028507126781695424 0.038
0 0.780570142535634 0.62925 0.028507126781695424 0.0355
0 0.7237434358589647 0.6 0.03188297074268567 0.036
0 0.6864216054013503 0.58625 0.028507126781695424 0.0375
0 0.6528507126781695 0.56525 0.032633158289572396 0.0335
0 0.6993623405851462 0.5485 0.030382595648912228 0.039
0 0.7304951237809453 0.55225 0.029632408102025505 0.0395
0 0.7860090022505627 0.59225 0.029632408102025505 0.0375
0 0.8066391597899475 0.571 0.029632408102025505 0.037
0 0.7653788447111778 0.55575 0.028882220555138786 0.0335
0 0.7796324081020255 0.53125 0.028132033008252063 0.0355
0 0.7828207051762941 0.496 0.0345086271567892 0.032
0 0.7837584396099024 0.457 0.02288072018004501 0.039
0 0.6560390097524381 0.53425 0.035258814703675916 0.0375
0 0.6791072768192048 0.51925 0.02738184546136534 0.0375
0 0.7143660915228808 0.51475 0.028882220555138786 0.0355
0 0.7366841710427607 0.494 0.02700675168792198 0.038
0 0.758252063015754 0.461 0.028132033008252063 0.037
0 0.6492873218304576 0.48575 0.028507126781695424 0.0355
0 0.6783570892723181 0.483 0.028882220555138786 0.036
0 0.7031132783195799 0.47975 0.028882220555138786 0.0345
0 0.6599774943735934 0.44725 0.028132033008252063 0.0395
0 0.6969242310577645 0.45 0.03075768942235559 0.038
0 0.7486871717929482 0.42075 0.03225806451612903 0.0395
0 0.6654163540885222 0.405 0.03075768942235559 0.04
0 0.6952363090772693 0.41075 0.03188297074268567 0.0345
0 0.7578769692423106 0.38825 0.029632408102025505 0.0325
0 0.744748687171793 0.36625 0.029632408102025505 0.0375
0 0.6567891972993248 0.37375 0.03375843960990248 0.0395
0 0.6976744186046512 0.3675 0.029257314328582147 0.042
0 0.7469992498124531 0.32925 0.028882220555138786 0.0355
0 0.7160540135033758 0.332 0.03075768942235559 0.037
0 0.6384096024006002 0.33825 0.03150787696924231 0.0375
0 0.6749812453113279 0.32875 0.028882220555138786 0.0415
0 0.6494748687171793 0.2985 0.029632408102025505 0.038
0 0.6241560390097525 0.27925 0.033008252063015754 0.0385
0 0.6974868717179294 0.29 0.03113278319579895 0.041
0 0.7513128282070518 0.2845 0.030007501875468866 0.04
0 0.6676669167291823 0.26175 0.024756189047261814 0.0395
0 0.6457239309827457 0.234 0.030382595648912228 0.042
0 0.6918604651162791 0.2305 0.025881470367591898 0.04
0 0.7226181545386346 0.25575 0.032633158289572396 0.0455
