0 0.14141035258814705 0.278 0.08852213053263316 0.114
0 0.12153038259564891 0.42975 0.08327081770442611 0.1265
0 0.2231807951987997 0.26675 0.08852213053263316 0.0995
0 0.19242310577644411 0.36475 0.08552138034508627 0.1175
0 0.1963615903975994 0.50425 0.08214553638409602 0.1005
0 0.1704801200300075 0.56425 0.08064516129032258 0.1045
0 0.3075768942235559 0.2465 0.09077269317329333 0.112
0 0.2788822205551388 0.3415 0.09339834958739685 0.107
0 0.2644411102775694 0.43825 0.0900225056264066 0.1055
0 0.25993998499624904 0.56025 0.072768192048012 0.0935
0 0.3775318829707427 0.324 0.07989497374343586 0.111
0 0.35277569392348085 0.43375 0.07614403600900226 0.1145
0 0.3287696924231058 0.519 0.06264066016504126 0.091
0 0.2959489872468117 0.6435 0.07726931732933233 0.091
0 0.29276069017254314 0.71575 0.0641410352588147 0.0795
0 0.2777569392348087 0.814 0.07014253563390847 0.095
0 0.46999249812453114 0.25375 0.08102025506376594 0.1025
0 0.4309827456864216 0.38525 0.08027006751687922 0.1125
0 0.4054763690922731 0.494 0.07426856714178545 0.105
0 0.36046511627906974 0.611 0.058514628657164294 0.095
0 0.34527381845461363 0.732 0.07989497374343586 0.098
0 0.3621530382595649 0.8025 0.07614403600900226 0.092
0 0.3276444111027757 0.87275 0.07764441110277569 0.0945
0 0.3869092273068267 0.841 0.06489122280570142 0.079
0 0.42966991747936983 0.776 0.06489122280570142 0.046
0 0.4292948237059265 0.7245 0.07539384846211553 0.081
0 0.4289197299324831 0.64175 0.07689422355588897 0.0905
0 0.45911477869467365 0.53425 0.07051762940735183 0.0915
0 0.5022505626406601 0.44025 0.07201800450112528 0.0955
0 0.4960615153788447 0.355 0.07464366091522881 0.101
0 0.5699549887471868 0.31675 0.07614403600900226 0.0925
0 0.6110277569392348 0.3735 0.07051762940735183 0.073
0 0.5718304576144037 0.45375 0.06939234808702176 0.0965
0 0.5324456114028507 0.5295 0.061890472618154536 0.095
0 0.5030007501875469 0.63625 0.07201800450112528 0.0975
0 0.4992498124531133 0.74325 0.06976744186046512 0.0825
0 0.4713053263315829 0.84225 0.06489122280570142 0.0825
0 0.5397599399849963 0.8615 0.0622655663915979 0.094
0 0.5498874718679669 0.776 0.0690172543135784 0.076
0 0.5564516129032258 0.701 0.06789197299324831 0.096
0 0.5759564891222806 0.61225 0.0671417854463616 0.0965
0 0.6202175543885972 0.542 0.06639159789947487 0.092
0 0.6432858214553638 0.478 0.06751687921980495 0.092
0 0.6787321830457614 0.33 0.06864216054013503 0.096
0 0.7173668417104276 0.41025 0.06564141035258815 0.0935
0 0.7228057014253564 0.49275 0.06976744186046512 0.0935
0 0.6952363090772693 0.6015 0.07239309827456865 0.096
0 0.6294073518379595 0.64925 0.06151537884471118 0.0975
0 0.6181545386346586 0.7385 0.06751687921980495 0.08
0 0.594523630907727 0.8 0.06001500375093773 0.063
0 0.6624156039009752 0.85475 0.0690172543135784 0.0765
0 0.6755438859714928 0.76325 0.05926481620405101 0.0755
0 0.6884846211552889 0.69525 0.06564141035258815 0.0955
0 0.7713803450862715 0.44475 0.05888972243060765 0.1015
0 0.7762565641410353 0.537 0.06639159789947487 0.088
0 0.755251312828207 0.63125 0.061140285071267814 0.1025
0 0.7537509377344336 0.714 0.06639159789947487 0.079
0 0.7303075768942235 0.80475 0.06676669167291822 0.0865
0 0.8235183795948987 0.6515 0.06789197299324831 0.104
0 0.8169542385596399 0.7145 0.06826706676669167 0.078
0 0.7935108777194299 0.81675 0.0671417854463616 0.0805
0 0.7880720180045011 0.89725 0.06151537884471118 0.0745
