0 0.10183795948987247 0.54025 0.043135783945986494 0.0575
0 0.14122280570142537 0.49875 0.047636909227306824 0.0735
0 0.15397599399849962 0.5685 0.05138784696174044 0.069
0 0.15210052513128283 0.636 0.05738934733683421 0.059
0 0.195423855963991 0.68375 0.04426106526631658 0.0555
0 0.23930982745686422 0.6775 0.05251312828207052 0.063
0 0.19504876219054765 0.5985 0.05251312828207052 0.059
0 0.23724681170292572 0.6155 0.04688672168042011 0.071
0 0.29276069017254314 0.65725 0.052138034508627154 0.0625
0 0.31207801950487624 0.61225 0.0450112528132033 0.0645
0 0.3430232558139535 0.66875 0.04538634658664666 0.0695
0 0.38390847711927983 0.66225 0.05138784696174044 0.0695
0 0.44111027756939236 0.668 0.056264066016504126 0.069
0 0.3925356339084771 0.5965 0.056639159789947484 0.068
0 0.3242685671417854 0.5485 0.0536384096024006 0.07
0 0.28488372093023256 0.51 0.056639159789947484 0.064
0 0.2788822205551388 0.55875 0.05138784696174044 0.0525
0 0.22730682670667668 0.51875 0.05326331582895724 0.0675
0 0.195423855963991 0.53225 0.05251312828207052 0.0685
0 0.2068642160540135 0.46175 0.046136534133533386 0.0655
0 0.23799699924981246 0.44725 0.05738934733683421 0.0685
0 0.2950112528132033 0.43225 0.0603900975243811 0.0775
0 0.18248312078019505 0.388 0.04913728432108027 0.067
0 0.13915978994748687 0.41675 0.046511627906976744 0.0565
0 0.18604651162790697 0.32425 0.05401350337584396 0.0675
0 0.23593398349587397 0.354 0.0555138784696174 0.066
0 0.28769692423105775 0.363 0.05776444111027757 0.067
0 0.2539384846211553 0.29125 0.058514628657164294 0.0715
0 0.19373593398349587 0.2675 0.05888972243060765 0.072
0 0.16241560390097523 0.242 0.04576144036009002 0.068
0 0.19561140285071268 0.192 0.04838709677419355 0.072
0 0.231807951987997 0.21375 0.060765191297824456 0.0685
0 0.23255813953488372 0.12475 0.06526631657914479 0.0705
0 0.29932483120780196 0.192 0.05401350337584396 0.063
0 0.3207051762940735 0.27675 0.05251312828207052 0.0775
0 0.36702925731432856 0.30825 0.05738934733683421 0.0755
0 0.3516504126031508 0.37225 0.05588897224306077 0.0805
0 0.39122280570142537 0.42275 0.058514628657164294 0.0755
0 0.43267066766691675 0.41425 0.056639159789947484 0.0805
0 0.4474868717179295 0.4815 0.056264066016504126 0.066
0 0.34039759939985 0.484 0.05288822205551388 0.078
0 0.39478619654913727 0.507 0.055138784696174045 0.074
0 0.4461740435108777 0.5465 0.04838709677419355 0.078
0 0.47843210802700675 0.61425 0.050637659414853715 0.0725
0 0.5226931732933233 0.57125 0.04988747186796699 0.0795
0 0.5093773443360841 0.49725 0.05701425356339085 0.0695
0 0.49268567141785446 0.4305 0.05738934733683421 0.085
0 0.4773068267066767 0.34575 0.0603900975243811 0.0705
0 0.42085521380345087 0.331 0.05101275318829707 0.079
0 0.37696924231057766 0.255 0.06301575393848462 0.101
0 0.3505251312828207 0.21275 0.05588897224306077 0.0825
0 0.34508627156789196 0.12675 0.05701425356339085 0.0785
0 0.3919729932483121 0.07125 0.060765191297824456 0.0825
0 0.4474868717179295 0.107 0.0622655663915979 0.082
0 0.40247561890472616 0.15825 0.04876219054763691 0.0865
0 0.4493623405851463 0.1905 0.06301575393848462 0.085
0 0.46417854463615904 0.26725 0.06339084771192798 0.0765
0 0.5168792198049512 0.22 0.060765191297824456 0.095
0 0.517066766691673 0.11675 0.06489122280570142 0.0885
0 0.5855213803450863 0.09525 0.06751687921980495 0.0785
0 0.5641410352588146 0.1655 0.0622655663915979 0.083
0 0.6374718679669917 0.1645 0.0671417854463616 0.103
0 0.5947111777944486 0.2465 0.06339084771192798 0.083
0 0.5620780195048762 0.317 0.0641410352588147 0.082
0 0.6474118529632408 0.2975 0.05776444111027757 0.088
0 0.7021755438859715 0.23325 0.05701425356339085 0.0865
0 0.7019879969992499 0.35225 0.05738934733683421 0.0885
0 0.6198424606151538 0.40225 0.06339084771192798 0.0825
0 0.5468867216804201 0.39475 0.05251312828207052 0.0785
0 0.5817704426106527 0.46 0.06451612903225806 0.073
0 0.6400975243810952 0.481 0.06264066016504126 0.07
0 0.686046511627907 0.43175 0.05776444111027757 0.0835
0 0.5716429107276819 0.53025 0.05251312828207052 0.0765
0 0.6282820705176294 0.55875 0.056264066016504126 0.0725
0 0.6200300075018754 0.62825 0.0555138784696174 0.0675
0 0.677231807951988 0.5965 0.056639159789947484 0.079
0 0.6624156039009752 0.68425 0.06151537884471118 0.0705
0 0.7295573893473368 0.66075 0.060765191297824456 0.0655
0 0.7886346586646662 0.688 0.06264066016504126 0.069
0 0.8349587396849212 0.713 0.058514628657164294 0.059
0 0.7349962490622656 0.58125 0.05738934733683421 0.0755
0 0.7424981245311327 0.511 0.06639159789947487 0.072
0 0.8013878469617405 0.53925 0.05813953488372093 0.0665
0 0.8030757689422355 0.59375 0.060765191297824456 0.0605
0 0.7625656414103525 0.443 0.06526631657914479 0.081
0 0.8150787696924231 0.47175 0.06526631657914479 0.0795
0 0.7608777194298575 0.3195 0.061140285071267814 0.086
0 0.8298949737434359 0.321 0.0708927231807952 0.084
0 0.832145536384096 0.401 0.07239309827456865 0.077
0 0.8649662415603901 0.4745 0.05251312828207052 0.082
0 0.8735933983495874 0.569 0.05476369092273068 0.077
0 0.9274193548387096 0.59975 0.055138784696174045 0.0775
0 0.9047261815453863 0.65725 0.06676669167291822 0.0725
0 0.8953488372093024 0.73725 0.05251312828207052 0.0775
