0 0.15378844711177794 0.358 0.07801950487621906 0.105
0 0.254126031507877 0.365 0.07389347336834208 0.102
0 0.10708927231807952 0.417 0.07164291072768192 0.107
0 0.535821455363841 0.17525 0.07914478619654913 0.1055
0 0.46155288822205554 0.223 0.08739684921230308 0.128
0 0.6010877719429858 0.23075 0.07914478619654913 0.0915
0 0.6697299324831207 0.25325 0.07014253563390847 0.1135
0 0.5418229557389347 0.27625 0.08514628657164292 0.1095
0 0.4549887471867967 0.32525 0.08852213053263316 0.0955
0 0.3764066016504126 0.31825 0.07689422355588897 0.0925
0 0.6042760690172543 0.33 0.072768192048012 0.103
0 0.7018004501125281 0.3325 0.07576894223555888 0.102
0 0.7743810952738185 0.388 0.07914478619654913 0.097
0 0.6551012753188297 0.3945 0.08214553638409602 0.093
0 0.540510127531883 0.37175 0.08852213053263316 0.1055
0 0.33570892723180795 0.394 0.07201800450112528 0.1
0 0.39216054013503376 0.4095 0.08064516129032258 0.105
0 0.4679294823705927 0.4085 0.07914478619654913 0.116
0 0.5881470367591898 0.44575 0.08402100525131283 0.1085
0 0.7123030757689423 0.45575 0.07576894223555888 0.1075
0 0.7998874718679669 0.4785 0.08964741185296324 0.103
0 0.7398724681170292 0.529 0.08364591147786947 0.099
0 0.6511627906976745 0.5245 0.08402100525131283 0.103
0 0.5185671417854464 0.48475 0.07914478619654913 0.1115
0 0.19654913728432108 0.44175 0.08627156789197299 0.0985
0 0.27438109527381843 0.4565 0.07614403600900226 0.102
0 0.14141035258814705 0.515 0.08702175543885972 0.103
0 0.23893473368342086 0.5365 0.08702175543885972 0.101
0 0.18529632408102026 0.588 0.07501875468867217 0.095
0 0.20292573143285822 0.64775 0.06376594148537135 0.0635
0 0.25056264066016504 0.64675 0.07651912978244561 0.0915
0 0.3480870217554389 0.50325 0.07801950487621906 0.1035
0 0.41597899474868716 0.49825 0.0795198799699925 0.1065
0 0.30626406601650413 0.59125 0.061890472618154536 0.1055
0 0.382033008252063 0.587 0.07989497374343586 0.097
0 0.4619279819954989 0.5955 0.07014253563390847 0.097
0 0.5416354088522131 0.5515 0.07201800450112528 0.088
0 0.8353338334583645 0.55325 0.08327081770442611 0.0955
0 0.8546511627906976 0.638 0.07839459864966242 0.091
0 0.7469992498124531 0.6285 0.07614403600900226 0.098
0 0.6804201050262566 0.6145 0.07201800450112528 0.102
0 0.5838334583645911 0.6305 0.07314328582145536 0.098
0 0.5151912978244562 0.641 0.0671417854463616 0.097
0 0.24099774943735933 0.74875 0.08139534883720931 0.0975
0 0.33495873968492124 0.68475 0.06751687921980495 0.0985
0 0.3985371342835709 0.67525 0.07389347336834208 0.0945
0 0.4739309827456864 0.6955 0.07314328582145536 0.088
0 0.6348462115528882 0.692 0.08064516129032258 0.104
0 0.5341335333833458 0.7365 0.07051762940735183 0.097
0 0.5958364591147787 0.757 0.07314328582145536 0.093
0 0.6952363090772693 0.7435 0.08064516129032258 0.102
0 0.7725056264066017 0.7185 0.07839459864966242 0.098
0 0.836271567891973 0.71225 0.06864216054013503 0.0935
0 0.3150787696924231 0.76875 0.07651912978244561 0.0905
0 0.39328582145536384 0.80325 0.07164291072768192 0.0985
0 0.4941860465116279 0.78225 0.07014253563390847 0.0975
0 0.4317329332333083 0.84725 0.07426856714178545 0.0875
0 0.48330832708177046 0.8765 0.04688672168042011 0.07
0 0.5271942985746436 0.888 0.07839459864966242 0.09
0 0.5937734433608403 0.84825 0.07726931732933233 0.1055
0 0.6588522130532634 0.83025 0.07914478619654913 0.0975
0 0.7413728432108027 0.80975 0.0708927231807952 0.1035
0 0.7458739684921231 0.8695 0.07539384846211553 0.077
