0 0.06564141035258815 0.316 0.06526631657914479 0.097
0 0.1686046511627907 0.30275 0.06789197299324831 0.0905
0 0.12696924231057766 0.40725 0.06339084771192798 0.0945
0 0.18529632408102026 0.371 0.07576894223555888 0.097
0 0.16241560390097523 0.448 0.07126781695423856 0.095
0 0.24643660915228807 0.29125 0.06976744186046512 0.0925
0 0.2946361590397599 0.3265 0.08439609902475619 0.089
0 0.2758814703675919 0.393 0.07539384846211553 0.101
0 0.231807951987997 0.48325 0.072768192048012 0.0975
0 0.17873218304576144 0.536 0.07464366091522881 0.091
0 0.21042760690172543 0.61625 0.06601650412603151 0.0915
0 0.2605026256564141 0.6545 0.07389347336834208 0.099
0 0.26650412603150786 0.563 0.07164291072768192 0.09
0 0.2996999249812453 0.50275 0.07576894223555888 0.0745
0 0.3413353338334584 0.39575 0.07576894223555888 0.1095
0 0.38803450862715677 0.26 0.08064516129032258 0.102
0 0.4669917479369842 0.242 0.08027006751687922 0.111
0 0.4045386346586647 0.374 0.08214553638409602 0.113
0 0.37378094523630906 0.5035 0.07839459864966242 0.085
0 0.33177044261065264 0.5975 0.07464366091522881 0.097
0 0.3265191297824456 0.715 0.06789197299324831 0.083
0 0.37978244561140284 0.6745 0.07764441110277569 0.086
0 0.400225056264066 0.748 0.06676669167291822 0.084
0 0.4540510127531883 0.81325 0.07689422355588897 0.0835
0 0.4069767441860465 0.60675 0.07801950487621906 0.0915
0 0.4748687171792948 0.59025 0.07726931732933233 0.0865
0 0.45161290322580644 0.5015 0.08252063015753938 0.1
0 0.477119279819955 0.4165 0.07726931732933233 0.09
0 0.5033758439609902 0.327 0.07801950487621906 0.106
0 0.5489497374343586 0.20125 0.08364591147786947 0.1205
0 0.6312828207051763 0.209 0.08402100525131283 0.111
0 0.5868342085521381 0.29225 0.08814703675918979 0.1045
0 0.5579519879969993 0.4205 0.07314328582145536 0.108
0 0.536946736684171 0.52375 0.07914478619654913 0.1085
0 0.4551762940735184 0.72775 0.08139534883720931 0.0925
0 0.5078769692423106 0.6745 0.07501875468867217 0.079
0 0.5161290322580645 0.754 0.07576894223555888 0.096
0 0.5300075018754689 0.8445 0.06601650412603151 0.093
0 0.5907726931732933 0.805 0.06976744186046512 0.105
0 0.5845836459114778 0.70675 0.07539384846211553 0.0945
0 0.5643285821455364 0.61275 0.07914478619654913 0.0875
0 0.6089647411852963 0.4985 0.08514628657164292 0.114
0 0.6438484621155289 0.38225 0.09039759939984997 0.1305
0 0.6896099024756189 0.2995 0.08439609902475619 0.119
0 0.7138034508627157 0.20025 0.08027006751687922 0.1095
0 0.7764441110277569 0.2305 0.07576894223555888 0.11
0 0.7590022505626407 0.3315 0.07914478619654913 0.107
0 0.8692798199549887 0.316 0.08514628657164292 0.111
0 0.7072393098274569 0.4045 0.08214553638409602 0.105
0 0.7004876219054764 0.52175 0.08139534883720931 0.1045
0 0.704801200300075 0.5995 0.08777194298574643 0.09
0 0.6393473368342085 0.652 0.0708927231807952 0.104
0 0.7034883720930233 0.71625 0.07689422355588897 0.0865
0 0.6611027756939235 0.77675 0.07689422355588897 0.0925
0 0.7830082520630157 0.77025 0.07839459864966242 0.1025
0 0.8377719429857464 0.706 0.08514628657164292 0.101
0 0.7807576894223556 0.6765 0.08514628657164292 0.099
0 0.9144786196549137 0.65025 0.08627156789197299 0.0905
0 0.7846961740435109 0.5655 0.08927231807951988 0.101
0 0.7820705176294074 0.45825 0.09077269317329333 0.1025
0 0.8977869467366841 0.539 0.10690172543135784 0.094
0 0.9195423855963991 0.43075 0.08214553638409602 0.1225
0 0.7164291072768192 0.761 0.0622655663915979 0.058
