0 0.20161290322580644 0.7415 0.061890472618154536 0.076
0 0.1781695423855964 0.59725 0.046511627906976744 0.0785
0 0.22055513878469618 0.668 0.05476369092273068 0.08
0 0.2651912978244561 0.707 0.06001500375093773 0.085
0 0.28394598649662417 0.638 0.05026256564141035 0.078
0 0.2423105776444111 0.58525 0.05101275318829707 0.0805
0 0.2124906226556639 0.53825 0.05138784696174044 0.0715
0 0.2584396099024756 0.4995 0.04951237809452363 0.068
0 0.29369842460615153 0.55625 0.056264066016504126 0.0715
0 0.22074268567141786 0.4345 0.05288822205551388 0.073
0 0.2591897974493623 0.38175 0.05926481620405101 0.0815
0 0.2914478619654914 0.43825 0.058514628657164294 0.0725
0 0.34433608402100524 0.46275 0.06001500375093773 0.0835
0 0.35596399099774945 0.5275 0.05776444111027757 0.075
0 0.3516504126031508 0.6145 0.043135783945986494 0.074
0 0.41354088522130533 0.5835 0.05588897224306077 0.068
0 0.4339834958739685 0.6755 0.0555138784696174 0.092
0 0.39741185296324083 0.68425 0.030382595648912228 0.0605
0 0.4062265566391598 0.47675 0.05476369092273068 0.0625
0 0.44992498124531133 0.527 0.05438859714928732 0.064
0 0.2933233308327082 0.3125 0.05251312828207052 0.076
0 0.32726931732933234 0.25325 0.05813953488372093 0.0785
0 0.359152288072018 0.13625 0.06264066016504126 0.0825
0 0.37809452363090773 0.22775 0.047261815453863466 0.0795
0 0.42516879219804954 0.146 0.0641410352588147 0.085
0 0.4874343585896474 0.19475 0.0536384096024006 0.0785
0 0.44111027756939236 0.24825 0.051762940735183796 0.0795
0 0.4221680420105026 0.32225 0.0536384096024006 0.0765
0 0.4111027756939235 0.3915 0.04951237809452363 0.074
0 0.35502625656414105 0.37625 0.05288822205551388 0.0825
0 0.4799324831207802 0.3095 0.05438859714928732 0.08
0 0.5326331582895724 0.2575 0.06301575393848462 0.094
0 0.5566391597899475 0.153 0.060765191297824456 0.068
0 0.6434733683420856 0.16275 0.06564141035258815 0.0875
0 0.6277194298574643 0.2645 0.061140285071267814 0.085
0 0.6693548387096774 0.298 0.05888972243060765 0.086
0 0.5658289572393098 0.318 0.046136534133533386 0.061
0 0.5271942985746436 0.35725 0.05813953488372093 0.0615
0 0.47655663915978996 0.39625 0.05738934733683421 0.0765
0 0.4773068267066767 0.472 0.06639159789947487 0.075
0 0.5243810952738185 0.51425 0.05776444111027757 0.0875
0 0.5393848462115529 0.43525 0.046511627906976744 0.0715
0 0.5902100525131283 0.3855 0.052138034508627154 0.084
0 0.6237809452363091 0.344 0.060765191297824456 0.076
0 0.6305326331582896 0.429 0.05926481620405101 0.076
0 0.5872093023255814 0.47775 0.050637659414853715 0.0825
0 0.4981245311327832 0.59575 0.0555138784696174 0.0825
0 0.49943735933983496 0.6905 0.055138784696174045 0.076
0 0.562828207051763 0.718 0.055138784696174045 0.083
0 0.6189047261815454 0.74525 0.06151537884471118 0.0745
0 0.5472618154538634 0.58475 0.05101275318829707 0.0725
0 0.5982745686421606 0.656 0.05401350337584396 0.083
0 0.635596399099775 0.641 0.04013503375843961 0.076
0 0.6014628657164292 0.5595 0.0536384096024006 0.074
0 0.6545386346586647 0.498 0.056264066016504126 0.071
0 0.6815453863465867 0.3665 0.05776444111027757 0.071
0 0.6882970742685671 0.44575 0.060765191297824456 0.0735
0 0.7066766691672918 0.51425 0.06451612903225806 0.0675
0 0.6704801200300075 0.591 0.05288822205551388 0.076
0 0.7175543885971493 0.58625 0.051762940735183796 0.0785
0 0.7040510127531883 0.65 0.04801200300075019 0.073
0 0.6817329332333083 0.72925 0.04913728432108027 0.0785
0 0.7207426856714179 0.7325 0.05288822205551388 0.078
0 0.7704426106526632 0.78225 0.051762940735183796 0.0675
0 0.7550637659414854 0.69075 0.0555138784696174 0.0645
0 0.7666916729182296 0.62525 0.05401350337584396 0.0785
0 0.8291447861965492 0.59925 0.05813953488372093 0.0655
0 0.8347711927981996 0.65075 0.055138784696174045 0.0565
0 0.8323330832708177 0.71075 0.060765191297824456 0.0655
0 0.9062265566391597 0.68525 0.05251312828207052 0.0775
0 0.7689422355588897 0.54225 0.056264066016504126 0.0775
0 0.8827831957989497 0.598 0.061890472618154536 0.066
0 0.9030382595648913 0.5295 0.059639909977494375 0.081
0 0.8270817704426107 0.49 0.06526631657914479 0.085
0 0.8899099774943736 0.45625 0.06564141035258815 0.0845
0 0.7644411102775694 0.46 0.06301575393848462 0.069
0 0.7423105776444111 0.393 0.060765191297824456 0.082
0 0.8167666916729183 0.40625 0.06639159789947487 0.0755
0 0.8027006751687922 0.33625 0.058514628657164294 0.0825
0 0.7421230307576894 0.31075 0.06489122280570142 0.0775
0 0.7539384846211553 0.183 0.06451612903225806 0.081
0 0.7944486121530383 0.24825 0.06376594148537135 0.0905
0 0.8764066016504126 0.29925 0.061890472618154536 0.0935
0 0.9349212303075769 0.3645 0.061140285071267814 0.096
