0 0.14516129032258066 0.1855 0.0450112528132033 0.065
0 0.17873218304576144 0.20325 0.04538634658664666 0.0715
0 0.1877344336084021 0.143 0.050637659414853715 0.054
0 0.22393098274568643 0.16425 0.04876219054763691 0.0625
0 0.2711927981995499 0.2205 0.03975993998499625 0.053
0 0.28863465866466614 0.25725 0.055138784696174045 0.0795
0 0.31939234808702177 0.201 0.038634658664666165 0.071
0 0.3548387096774194 0.19225 0.05776444111027757 0.0735
0 0.38728432108027006 0.255 0.0641410352588147 0.083
0 0.3310202550637659 0.1325 0.055138784696174045 0.06
0 0.42029257314328583 0.323 0.05588897224306077 0.082
0 0.4540510127531883 0.3815 0.055138784696174045 0.081
0 0.5093773443360841 0.411 0.05326331582895724 0.077
0 0.5581395348837209 0.40875 0.060765191297824456 0.0815
0 0.6070892723180795 0.42375 0.055138784696174045 0.0735
0 0.6796699174793699 0.3075 0.056264066016504126 0.07
0 0.668979744936234 0.2295 0.05438859714928732 0.076
0 0.7164291072768192 0.24025 0.05326331582895724 0.0735
0 0.7372468117029257 0.302 0.05888972243060765 0.071
0 0.7788822205551388 0.26525 0.056639159789947484 0.0745
0 0.7081770442610653 0.155 0.060765191297824456 0.076
0 0.7657539384846211 0.184 0.059639909977494375 0.076
0 0.8569017254313578 0.199 0.06339084771192798 0.077
0 0.905476369092273 0.2515 0.060765191297824456 0.083
0 0.9561140285071268 0.30275 0.0622655663915979 0.0795
0 0.9472993248312078 0.387 0.059639909977494375 0.082
0 0.8657164291072769 0.33875 0.06451612903225806 0.0815
0 0.8068267066766691 0.3165 0.058514628657164294 0.081
0 0.767066766691673 0.36425 0.060765191297824456 0.0795
0 0.8203300825206301 0.38825 0.05701425356339085 0.0605
0 0.8782820705176294 0.40525 0.06789197299324831 0.0745
0 0.8435858964741185 0.47375 0.056264066016504126 0.0775
0 0.9109152288072018 0.47925 0.055138784696174045 0.0785
0 0.9180420105026257 0.548 0.05888972243060765 0.071
0 0.8529632408102026 0.54975 0.05326331582895724 0.0725
0 0.8809077269317329 0.613 0.05888972243060765 0.069
0 0.7648162040510128 0.43825 0.04876219054763691 0.0705
0 0.791072768192048 0.50625 0.05776444111027757 0.0795
0 0.7998874718679669 0.57375 0.050637659414853715 0.0725
0 0.8240810202550638 0.64225 0.04951237809452363 0.0735
0 0.7051762940735183 0.37725 0.05026256564141035 0.0625
0 0.7199924981245311 0.44075 0.04988747186796699 0.0735
0 0.7372468117029257 0.50175 0.046136534133533386 0.0675
0 0.7484996249062266 0.56725 0.050637659414853715 0.0805
0 0.7751312828207052 0.65375 0.0536384096024006 0.0735
0 0.7173668417104276 0.64325 0.055138784696174045 0.0735
0 0.6937359339834959 0.571 0.055138784696174045 0.069
0 0.6927981995498874 0.5035 0.05326331582895724 0.074
0 0.6686046511627907 0.43525 0.05138784696174044 0.0745
0 0.6385971492873218 0.4925 0.055138784696174045 0.078
0 0.5690172543135784 0.47675 0.05701425356339085 0.0635
0 0.589834958739685 0.53775 0.056639159789947484 0.0745
0 0.6256564141035259 0.5805 0.056264066016504126 0.088
0 0.6577269317329333 0.63775 0.05888972243060765 0.0745
0 0.5151912978244562 0.481 0.05813953488372093 0.077
0 0.5391972993248312 0.546 0.055138784696174045 0.075
0 0.5645161290322581 0.60275 0.051762940735183796 0.0675
0 0.604463615903976 0.64825 0.04988747186796699 0.0665
0 0.5495123780945236 0.67025 0.05026256564141035 0.0675
0 0.48893473368342083 0.704 0.05438859714928732 0.07
0 0.49174793698424607 0.62275 0.05776444111027757 0.0785
0 0.4808702175543886 0.5505 0.05251312828207052 0.069
0 0.4626781695423856 0.489 0.04913728432108027 0.066
0 0.3809077269317329 0.39075 0.05738934733683421 0.0675
0 0.36627906976744184 0.3285 0.0603900975243811 0.071
0 0.4197299324831208 0.44625 0.05326331582895724 0.0725
0 0.40847711927981994 0.5135 0.05776444111027757 0.07
0 0.4339834958739685 0.57625 0.04876219054763691 0.0695
0 0.4463615903975994 0.6445 0.047261815453863466 0.081
0 0.3072018004501125 0.35925 0.05776444111027757 0.0695
0 0.3437734433608402 0.4165 0.047636909227306824 0.074
0 0.3640285071267817 0.4805 0.050637659414853715 0.066
0 0.3690922730682671 0.551 0.04801200300075019 0.07
0 0.382033008252063 0.619 0.059639909977494375 0.071
0 0.4021005251312828 0.6795 0.047261815453863466 0.061
0 0.22674418604651161 0.23975 0.050637659414853715 0.0625
0 0.23405851462865718 0.2755 0.06151537884471118 0.076
0 0.1524756189047262 0.24825 0.04538634658664666 0.0575
0 0.17160540135033758 0.29175 0.05438859714928732 0.0575
0 0.12528132033008252 0.29725 0.05401350337584396 0.0565
0 0.20667666916729183 0.33825 0.06151537884471118 0.0715
0 0.24887471867966993 0.3905 0.055138784696174045 0.07
0 0.2970742685671418 0.44425 0.05251312828207052 0.0665
0 0.3117029257314329 0.52125 0.06151537884471118 0.0735
0 0.3225806451612903 0.6005 0.05401350337584396 0.072
0 0.33833458364591146 0.66925 0.06826706676669167 0.0775
0 0.3555888972243061 0.7275 0.051762940735183796 0.066
0 0.2987621905476369 0.706 0.05138784696174044 0.064
0 0.2704426106526632 0.7205 0.035258814703675916 0.066
0 0.2288072018004501 0.7015 0.04801200300075019 0.065
0 0.22468117029257315 0.6385 0.04876219054763691 0.059
0 0.2605026256564141 0.657 0.037134283570892726 0.053
0 0.2813203300825206 0.646 0.04801200300075019 0.07
0 0.26969242310577646 0.575 0.05326331582895724 0.075
0 0.2627531882970743 0.50475 0.04688672168042011 0.0715
0 0.22936984246061515 0.451 0.05438859714928732 0.063
0 0.1704801200300075 0.40225 0.05813953488372093 0.0685
0 0.17010502625656415 0.463 0.0603900975243811 0.058
0 0.18510877719429858 0.51675 0.05813953488372093 0.0685
0 0.20630157539384847 0.58 0.04801200300075019 0.077
0 0.16129032258064516 0.58075 0.04876219054763691 0.0785
0 0.11084021005251313 0.41125 0.05813953488372093 0.0725
0 0.09602400600150038 0.48275 0.04801200300075019 0.0665
0 0.12490622655663916 0.5225 0.04951237809452363 0.069
0 0.0335708927231808 0.5195 0.05288822205551388 0.07
0 0.040697674418604654 0.464 0.046136534133533386 0.063
0 0.08495873968492124 0.5565 0.04988747186796699 0.069
0 0.08252063015753938 0.6015 0.04801200300075019 0.048
0 0.12228057014253563 0.6065 0.04276069017254314 0.075
0 0.10315078769692423 0.6415 0.04276069017254314 0.063
0 0.14253563390847712 0.6835 0.04876219054763691 0.082
0 0.12903225806451613 0.75925 0.05251312828207052 0.0735
