0 0.11365341335333834 0.3045 0.047261815453863466 0.075
0 0.11140285071267816 0.43575 0.051762940735183796 0.0645
0 0.1436609152288072 0.3945 0.05251312828207052 0.08
0 0.17498124531132783 0.2665 0.050637659414853715 0.073
0 0.20836459114778694 0.223 0.04988747186796699 0.067
0 0.21511627906976744 0.3005 0.056639159789947484 0.069
0 0.18623405851462865 0.35375 0.05288822205551388 0.0705
0 0.09902475618904726 0.50525 0.05026256564141035 0.0655
0 0.1800450112528132 0.47 0.05476369092273068 0.057
0 0.15772693173293323 0.53525 0.046136534133533386 0.0625
0 0.13859714928732184 0.5935 0.05288822205551388 0.06
0 0.10015003750937734 0.6645 0.05326331582895724 0.068
0 0.1389722430607652 0.70375 0.04988747186796699 0.0465
0 0.16147786946736684 0.6805 0.05288822205551388 0.064
0 0.1706676669167292 0.764 0.05476369092273068 0.062
0 0.20723930982745686 0.75125 0.04913728432108027 0.0605
0 0.20911477869467368 0.68025 0.056639159789947484 0.0615
0 0.2078019504876219 0.58625 0.04801200300075019 0.0605
0 0.1993623405851463 0.51975 0.052138034508627154 0.0565
0 0.2777569392348087 0.7455 0.04688672168042011 0.055
0 0.2601275318829707 0.67775 0.04838709677419355 0.0585
0 0.27156789197299325 0.62275 0.05326331582895724 0.0575
0 0.2938859714928732 0.58475 0.052138034508627154 0.0605
0 0.25225056264066015 0.5515 0.05438859714928732 0.061
0 0.24193548387096775 0.4995 0.05026256564141035 0.065
0 0.2891972993248312 0.50925 0.04876219054763691 0.0625
0 0.30982745686421603 0.675 0.04426106526631658 0.053
0 0.31882970742685673 0.73825 0.05101275318829707 0.0495
0 0.3709677419354839 0.73725 0.04576144036009002 0.0555
0 0.3529632408102025 0.686 0.04276069017254314 0.058
0 0.3287696924231058 0.6295 0.046136534133533386 0.058
0 0.2222430607651913 0.4105 0.047636909227306824 0.062
0 0.24099774943735933 0.359 0.04538634658664666 0.067
0 0.26987996999249814 0.261 0.04538634658664666 0.068
0 0.29951237809452363 0.22875 0.04913728432108027 0.0665
0 0.3724681170292573 0.22625 0.05926481620405101 0.0815
0 0.3287696924231058 0.2675 0.05288822205551388 0.071
0 0.29838709677419356 0.32175 0.055138784696174045 0.0685
0 0.29276069017254314 0.3845 0.052138034508627154 0.073
0 0.2730682670667667 0.4455 0.05401350337584396 0.073
0 0.32033008252063017 0.464 0.047261815453863466 0.064
0 0.34846211552888223 0.536 0.05101275318829707 0.064
0 0.3900975243810953 0.657 0.0450112528132033 0.06
0 0.4064141035258815 0.7115 0.04838709677419355 0.057
0 0.39891222805701426 0.60175 0.047636909227306824 0.0595
0 0.40078769692423105 0.545 0.04913728432108027 0.062
0 0.3715303825956489 0.4925 0.04913728432108027 0.057
0 0.34921230307576895 0.39775 0.05401350337584396 0.0665
0 0.3477119279819955 0.34025 0.05101275318829707 0.0625
0 0.3899099774943736 0.31625 0.046136534133533386 0.0675
0 0.4242310577644411 0.2715 0.04426106526631658 0.068
0 0.436609152288072 0.33775 0.05401350337584396 0.0665
0 0.40172543135783945 0.3775 0.04426106526631658 0.065
0 0.3885971492873218 0.43575 0.05026256564141035 0.0625
0 0.46924231057764443 0.29525 0.04951237809452363 0.0735
0 0.48893473368342083 0.34875 0.04688672168042011 0.0605
0 0.44223555888972244 0.435 0.04876219054763691 0.069
0 0.4221680420105026 0.484 0.04838709677419355 0.059
0 0.4983120780195049 0.40875 0.055138784696174045 0.0675
0 0.4752438109527382 0.489 0.04576144036009002 0.056
0 0.4503000750187547 0.54275 0.04688672168042011 0.0555
0 0.44804951237809454 0.5915 0.041635408852213056 0.06
0 0.4759939984996249 0.6505 0.037509377344336084 0.057
0 0.450112528132033 0.67925 0.04351087771942986 0.0555
0 0.4848087021755439 0.73325 0.04913728432108027 0.0635
0 0.5084396099024756 0.68375 0.04388597149287322 0.0565
0 0.52231807951988 0.72525 0.04238559639909977 0.0515
0 0.5037509377344336 0.609 0.0450112528132033 0.06
0 0.49793698424606153 0.5395 0.04538634658664666 0.06
0 0.5196924231057765 0.46475 0.04838709677419355 0.0595
0 0.5283195798949737 0.312 0.04538634658664666 0.065
0 0.5678919729932483 0.3245 0.04276069017254314 0.068
0 0.56807951987997 0.39125 0.055138784696174045 0.0685
0 0.5581395348837209 0.45125 0.04801200300075019 0.0665
0 0.542198049512378 0.5135 0.04688672168042011 0.063
0 0.5406976744186046 0.5775 0.04838709677419355 0.061
0 0.5403225806451613 0.6615 0.04913728432108027 0.06
0 0.563953488372093 0.723 0.04838709677419355 0.06
0 0.6114028507126782 0.71875 0.04576144036009002 0.0535
0 0.5924606151537885 0.67475 0.052138034508627154 0.0535
0 0.5750187546886721 0.6155 0.04576144036009002 0.054
0 0.5920855213803451 0.551 0.046136534133533386 0.061
0 0.6258439609902475 0.60125 0.047636909227306824 0.0585
0 0.6290322580645161 0.65325 0.03975993998499625 0.0515
0 0.6429107276819205 0.69425 0.04276069017254314 0.0495
0 0.6187171792948237 0.30075 0.041635408852213056 0.0665
0 0.6237809452363091 0.3645 0.04426106526631658 0.064
0 0.6127156789197299 0.443 0.050637659414853715 0.057
0 0.6100900225056264 0.497 0.04388597149287322 0.06
0 0.6457239309827457 0.58925 0.03563390847711928 0.0535
0 0.6459114778694673 0.5425 0.04351087771942986 0.061
0 0.682483120780195 0.6715 0.043135783945986494 0.051
0 0.7145536384096024 0.69825 0.03825956489122281 0.0555
0 0.7340585146286571 0.7255 0.037509377344336084 0.046
0 0.7344336084021005 0.678 0.030007501875468866 0.046
0 0.6931732933233309 0.61475 0.03975993998499625 0.0595
0 0.6892348087021756 0.55575 0.043135783945986494 0.0575
0 0.6749812453113279 0.51075 0.04463615903975994 0.0545
0 0.6566016504126031 0.46175 0.04838709677419355 0.0655
0 0.6496624156039009 0.39925 0.04126031507876969 0.0625
0 0.6832333083270817 0.4285 0.041635408852213056 0.057
0 0.6575393848462115 0.31525 0.046511627906976744 0.0625
0 0.6832333083270817 0.35925 0.04388597149287322 0.0595
0 0.7226181545386346 0.29275 0.041635408852213056 0.0675
0 0.7323705926481621 0.35225 0.04688672168042011 0.0605
0 0.7402475618904726 0.416 0.04838709677419355 0.057
0 0.7226181545386346 0.47275 0.04388597149287322 0.0545
0 0.7181170292573144 0.523 0.04088522130532633 0.065
0 0.7385596399099775 0.5915 0.046511627906976744 0.061
0 0.7303075768942235 0.636 0.04051012753188297 0.056
0 0.7740060015003751 0.77325 0.038634658664666165 0.0495
0 0.7895723930982745 0.79375 0.030007501875468866 0.0415
0 0.8207051762940735 0.769 0.03600900225056264 0.053
0 0.7944486121530383 0.72125 0.04351087771942986 0.0455
0 0.7678169542385597 0.662 0.03375843960990248 0.046
0 0.7657539384846211 0.62775 0.04463615903975994 0.0505
0 0.7980120030007501 0.66525 0.03488372093023256 0.0505
0 0.7736309077269318 0.5815 0.03938484621155289 0.06
0 0.8051387846961741 0.5995 0.04238559639909977 0.051
0 0.809264816204051 0.62425 0.04238559639909977 0.0435
0 0.7708177044261065 0.35225 0.03825956489122281 0.0665
0 0.7704426106526632 0.413 0.03900975243810953 0.059
0 0.8173293323330832 0.37 0.04801200300075019 0.056
0 0.8171417854463616 0.4415 0.041635408852213056 0.055
0 0.7800075018754689 0.47175 0.04388597149287322 0.0565
0 0.8330832708177044 0.483 0.03975993998499625 0.057
0 0.9097899474868717 0.47525 0.03338334583645911 0.0525
0 0.8627156789197299 0.502 0.035258814703675916 0.055
0 0.7920105026256564 0.5265 0.04388597149287322 0.055
0 0.8160165041260315 0.54375 0.03788447111777944 0.0595
0 0.8390847711927982 0.54225 0.03375843960990248 0.0465
0 0.900225056264066 0.522 0.03975993998499625 0.05
0 0.8687171792948237 0.57775 0.03675918979744936 0.0525
0 0.9024756189047262 0.5685 0.03900975243810953 0.057
0 0.846211552888222 0.623 0.037509377344336084 0.056
0 0.8996624156039009 0.6215 0.041635408852213056 0.053
0 0.8724681170292573 0.657 0.037509377344336084 0.05
0 0.8426481620405101 0.68275 0.04463615903975994 0.0485
0 0.859152288072018 0.7035 0.038634658664666165 0.048
0 0.844523630907727 0.76225 0.036384096024006 0.0495
0 0.8760315078769693 0.771 0.04013503375843961 0.049
