0 0.0690172543135784 0.331 0.056264066016504126 0.086
0 0.09808702175543886 0.25475 0.07464366091522881 0.0775
0 0.12959489872468116 0.18875 0.06864216054013503 0.0885
0 0.17704426106526633 0.26375 0.06376594148537135 0.0785
0 0.20723930982745686 0.19175 0.059639909977494375 0.0835
0 0.20930232558139536 0.0845 0.06601650412603151 0.094
0 0.2888222055513878 0.1075 0.07051762940735183 0.083
0 0.3531507876969242 0.088 0.06339084771192798 0.082
0 0.3885971492873218 0.15975 0.04801200300075019 0.0835
0 0.33927231807951985 0.1805 0.07014253563390847 0.09
0 0.2777569392348087 0.2105 0.05588897224306077 0.081
0 0.31207801950487624 0.26125 0.051762940735183796 0.0815
0 0.37884471117779445 0.28 0.05926481620405101 0.082
0 0.23818454613653414 0.285 0.06301575393848462 0.084
0 0.20892723180795197 0.346 0.06001500375093773 0.084
0 0.1457239309827457 0.382 0.06264066016504126 0.082
0 0.08402100525131283 0.441 0.05701425356339085 0.084
0 0.1551012753188297 0.472 0.0603900975243811 0.08
0 0.14966241560390098 0.55725 0.04876219054763691 0.0725
0 0.20705176294073518 0.57675 0.05776444111027757 0.0655
0 0.21492873218304576 0.51825 0.058514628657164294 0.0735
0 0.21980495123780946 0.4245 0.05476369092273068 0.072
0 0.2560015003750938 0.47575 0.0536384096024006 0.0715
0 0.2768192048012003 0.54 0.04951237809452363 0.068
0 0.32820705176294074 0.54625 0.04876219054763691 0.0735
0 0.3225806451612903 0.47175 0.051762940735183796 0.0695
0 0.367966991747937 0.4975 0.05476369092273068 0.071
0 0.3745311327831958 0.56075 0.04688672168042011 0.0785
0 0.4105401350337584 0.61225 0.0536384096024006 0.0715
0 0.41710427606901723 0.52475 0.05251312828207052 0.0785
0 0.2753188297074269 0.386 0.05476369092273068 0.068
0 0.34321080270067517 0.349 0.0450112528132033 0.072
0 0.38634658664666166 0.34725 0.056264066016504126 0.0865
0 0.3642160540135034 0.4175 0.05251312828207052 0.073
0 0.4122280570142536 0.44125 0.0555138784696174 0.0685
0 0.44017254313578397 0.38025 0.056639159789947484 0.0765
0 0.42291822955738934 0.23575 0.056639159789947484 0.0655
0 0.45630157539384847 0.28975 0.056639159789947484 0.0795
0 0.4855588897224306 0.35625 0.05138784696174044 0.0755
0 0.4971867966991748 0.4235 0.05288822205551388 0.075
0 0.4653038259564891 0.4825 0.04913728432108027 0.065
0 0.5315078769692423 0.476 0.051762940735183796 0.069
0 0.5594523630907727 0.4345 0.05438859714928732 0.063
0 0.4626781695423856 0.55225 0.0536384096024006 0.0725
0 0.46886721680420107 0.621 0.051762940735183796 0.069
0 0.4881845461365341 0.6805 0.056639159789947484 0.069
0 0.5301950487621906 0.63975 0.055138784696174045 0.0715
0 0.5605776444111028 0.687 0.055138784696174045 0.061
0 0.5196924231057765 0.5565 0.05288822205551388 0.077
0 0.5843960990247562 0.60225 0.056264066016504126 0.0805
0 0.576331582895724 0.535 0.0536384096024006 0.065
0 0.5453863465866466 0.352 0.046511627906976744 0.079
0 0.5256939234808702 0.291 0.05738934733683421 0.074
0 0.48612153038259565 0.2305 0.056264066016504126 0.081
0 0.44786196549137286 0.1315 0.06001500375093773 0.085
0 0.5086271567891973 0.12425 0.05326331582895724 0.0895
0 0.5423855963990998 0.207 0.05701425356339085 0.074
0 0.5941485371342836 0.25725 0.056264066016504126 0.0865
0 0.6412228057014253 0.26775 0.061890472618154536 0.0755
0 0.6676669167291823 0.33125 0.05251312828207052 0.0855
0 0.7055513878469617 0.3925 0.05776444111027757 0.07
0 0.7524381095273819 0.411 0.05401350337584396 0.065
0 0.5830832708177044 0.1245 0.05888972243060765 0.083
0 0.5995873968492123 0.194 0.056639159789947484 0.078
0 0.6183420855213804 0.0605 0.05813953488372093 0.08
0 0.6858589647411854 0.07525 0.061890472618154536 0.0825
0 0.7063015753938484 0.13975 0.05026256564141035 0.0695
0 0.671980495123781 0.1765 0.05813953488372093 0.076
0 0.7153038259564891 0.227 0.05776444111027757 0.074
0 0.772880720180045 0.184 0.04463615903975994 0.083
0 0.7942610652663166 0.2335 0.04463615903975994 0.079
0 0.7620030007501876 0.268 0.04538634658664666 0.075
0 0.7537509377344336 0.31325 0.061890472618154536 0.0855
0 0.7966991747936985 0.33625 0.05101275318829707 0.0845
0 0.8349587396849212 0.36625 0.058514628657164294 0.0765
0 0.8533383345836459 0.4355 0.05701425356339085 0.064
0 0.8392723180795199 0.50775 0.06489122280570142 0.0785
0 0.8576519129782446 0.538 0.04088522130532633 0.064
0 0.613278319579895 0.39375 0.05326331582895724 0.0745
0 0.6250937734433608 0.473 0.05438859714928732 0.069
0 0.6611027756939235 0.45575 0.046136534133533386 0.0665
0 0.728244561140285 0.49725 0.059639909977494375 0.0615
0 0.7689422355588897 0.5435 0.056264066016504126 0.07
0 0.8049512378094523 0.5945 0.05401350337584396 0.073
0 0.8659039759939985 0.64425 0.05888972243060765 0.0765
0 0.6277194298574643 0.53175 0.04388597149287322 0.0695
0 0.6657914478619655 0.53725 0.04801200300075019 0.0645
0 0.7145536384096024 0.6025 0.05401350337584396 0.076
0 0.7601275318829708 0.63425 0.05813953488372093 0.0715
0 0.827456864216054 0.6765 0.05401350337584396 0.077
0 0.640847711927982 0.61025 0.04838709677419355 0.0695
0 0.6635408852213053 0.635 0.05251312828207052 0.065
0 0.6241560390097525 0.69075 0.05776444111027757 0.0675
0 0.6633533383345837 0.71675 0.05288822205551388 0.0725
0 0.6916729182295573 0.73725 0.04351087771942986 0.0625
0 0.7151162790697675 0.682 0.05438859714928732 0.071
0 0.7638784696174044 0.7115 0.04913728432108027 0.072
0 0.754688672168042 0.7715 0.05251312828207052 0.058
0 0.8154538634658665 0.74375 0.05476369092273068 0.0645
0 0.8910352588147037 0.73725 0.061140285071267814 0.0695
0 0.8818454613653414 0.79025 0.05251312828207052 0.0685
0 0.822768192048012 0.81075 0.05288822205551388 0.0615
0 0.8145161290322581 0.8475 0.04238559639909977 0.043
0 0.763503375843961 0.83025 0.05438859714928732 0.0675
0 0.7124906226556639 0.865 0.05588897224306077 0.063
0 0.6650412603150788 0.789 0.05776444111027757 0.068
0 0.6078394598649662 0.744 0.052138034508627154 0.071
0 0.5933983495873969 0.79025 0.05251312828207052 0.0645
0 0.5401350337584396 0.79325 0.051762940735183796 0.0725
0 0.6494748687171793 0.885 0.05738934733683421 0.07
