0 0.16016504126031508 0.3845 0.07876969242310577 0.096
0 0.1235933983495874 0.566 0.08139534883720931 0.09
0 0.12284321080270068 0.64775 0.07539384846211553 0.0815
0 0.16410352588147037 0.729 0.06339084771192798 0.089
0 0.1445986496624156 0.46725 0.07239309827456865 0.0775
0 0.23293323330832708 0.271 0.08177044261065267 0.107
0 0.2376219054763691 0.38475 0.08364591147786947 0.1025
0 0.204801200300075 0.462 0.08327081770442611 0.091
0 0.20048762190547637 0.551 0.07464366091522881 0.09
0 0.18567141785446362 0.6425 0.07426856714178545 0.083
0 0.22918229557389347 0.7745 0.06676669167291822 0.079
0 0.24437359339834958 0.85125 0.06864216054013503 0.0715
0 0.24681170292573143 0.68425 0.06751687921980495 0.0855
0 0.30007501875468867 0.3335 0.08177044261065267 0.102
0 0.30213803450862714 0.437 0.07539384846211553 0.09
0 0.26312828207051764 0.52625 0.07914478619654913 0.0905
0 0.2575018754688672 0.595 0.07314328582145536 0.07
0 0.2880720180045011 0.78875 0.06526631657914479 0.0775
0 0.3115153788447112 0.7055 0.07389347336834208 0.08
0 0.31357839459864967 0.6275 0.06526631657914479 0.078
0 0.345648912228057 0.5645 0.07014253563390847 0.082
0 0.38053263315828956 0.29375 0.08589647411852963 0.1015
0 0.36721680420105024 0.38325 0.07426856714178545 0.0895
0 0.3623405851462866 0.83625 0.06826706676669167 0.0925
0 0.35258814703675917 0.7575 0.06751687921980495 0.07
0 0.3810952738184546 0.63475 0.06826706676669167 0.0785
0 0.39234808702175544 0.71225 0.06526631657914479 0.0935
0 0.41072768192048015 0.78125 0.056264066016504126 0.0715
0 0.43360840210052515 0.85425 0.0555138784696174 0.0785
0 0.4051012753188297 0.55925 0.060765191297824456 0.0845
0 0.4289197299324831 0.44 0.07464366091522881 0.092
0 0.4399849962490623 0.34375 0.08327081770442611 0.1035
0 0.45367591897974496 0.186 0.07989497374343586 0.112
0 0.4579894973743436 0.521 0.07201800450112528 0.092
0 0.4814328582145536 0.606 0.06864216054013503 0.081
0 0.4416729182295574 0.67125 0.07464366091522881 0.0775
0 0.44804951237809454 0.74 0.06789197299324831 0.074
0 0.47186796699174793 0.7985 0.05926481620405101 0.074
0 0.4904351087771943 0.864 0.059639909977494375 0.075
0 0.5198799699924981 0.743 0.06451612903225806 0.083
0 0.5138784696174044 0.65225 0.060765191297824456 0.0785
0 0.5585146286571643 0.6885 0.05926481620405101 0.074
0 0.5742685671417854 0.74975 0.0555138784696174 0.0765
0 0.5648912228057015 0.08 0.08402100525131283 0.118
0 0.5637659414853713 0.18375 0.07576894223555888 0.1075
0 0.4966241560390098 0.24675 0.07501875468867217 0.1015
0 0.5176294073518379 0.34225 0.0795198799699925 0.0995
0 0.513503375843961 0.44025 0.06526631657914479 0.0935
0 0.540510127531883 0.5875 0.0622655663915979 0.079
0 0.5238184546136534 0.5115 0.06564141035258815 0.085
0 0.5622655663915979 0.28825 0.05926481620405101 0.0935
0 0.5652663165791448 0.3775 0.06976744186046512 0.099
0 0.5825206301575394 0.4615 0.06526631657914479 0.084
0 0.5896474118529632 0.54175 0.06001500375093773 0.0845
0 0.5926481620405101 0.6295 0.05476369092273068 0.08
0 0.623218304576144 0.7045 0.05288822205551388 0.073
0 0.6562265566391597 0.21125 0.07914478619654913 0.1075
0 0.6896099024756189 0.14575 0.07164291072768192 0.1075
0 0.6344711177794449 0.3265 0.0708927231807952 0.083
0 0.6432858214553638 0.414 0.06601650412603151 0.087
0 0.650225056264066 0.49875 0.06639159789947487 0.0855
0 0.650225056264066 0.62925 0.05888972243060765 0.0725
0 0.6490997749437359 0.56075 0.059639909977494375 0.0695
0 0.6989872468117029 0.68725 0.059639909977494375 0.0635
0 0.7340585146286571 0.21975 0.06601650412603151 0.1025
0 0.7108027006751688 0.3095 0.06676669167291822 0.095
0 0.7166166541635409 0.396 0.06789197299324831 0.091
0 0.8055138784696174 0.2585 0.06939234808702176 0.1
0 0.8621530382595649 0.249 0.05813953488372093 0.102
0 0.777006751687922 0.34225 0.059639909977494375 0.0945
0 0.7055513878469617 0.488 0.05476369092273068 0.087
0 0.6982370592648162 0.571 0.05588897224306077 0.074
0 0.7481245311327832 0.635 0.05813953488372093 0.067
0 0.7702550637659414 0.4265 0.06639159789947487 0.083
0 0.7803825956489122 0.49075 0.061890472618154536 0.0715
0 0.755251312828207 0.5485 0.06339084771192798 0.069
0 0.826331582895724 0.377 0.0555138784696174 0.084
0 0.8330832708177044 0.44375 0.056264066016504126 0.0775
0 0.8147036759189797 0.51675 0.0622655663915979 0.0795
0 0.8812828207051763 0.317 0.06264066016504126 0.085
0 0.8990997749437359 0.39525 0.0622655663915979 0.0795
0 0.8852213053263316 0.471 0.05101275318829707 0.08
0 0.5361965491372843 0.81475 0.06489122280570142 0.0905
