0 0.25158997381219605 0.43075 0.04751215862326973 0.0615
0 0.2717919940142162 0.48375 0.049756827534605315 0.0595
0 0.31986531986531985 0.46925 0.048634493078937524 0.0645
0 0.304900860456416 0.40675 0.04788627010849233 0.0655
0 0.34137673026561915 0.30525 0.05200149644594089 0.0665
0 0.37991021324354657 0.34425 0.04377104377104377 0.0665
0 0.3724279835390947 0.24125 0.050505050505050504 0.0745
0 0.42330714552936777 0.246 0.04377104377104377 0.067
0 0.41956603067714177 0.313 0.0512532734754957 0.068
0 0.4659558548447437 0.29475 0.04751215862326973 0.0725
0 0.45361017583239804 0.35925 0.04451926674148896 0.0595
0 0.4180695847362514 0.4045 0.04751215862326973 0.068
0 0.44725028058361394 0.44725 0.046763935652824544 0.0665
0 0.49382716049382713 0.442 0.04339693228582117 0.062
0 0.4687616909839132 0.50325 0.04564160119715675 0.0555
0 0.3161242050130939 0.53475 0.04638982416760194 0.0635
0 0.3503554059109615 0.563 0.04302282080059858 0.054
0 0.30864197530864196 0.602 0.0508791619902731 0.065
0 0.2994762439206884 0.671 0.04302282080059858 0.061
0 0.30789375233819677 0.71175 0.038159371492704826 0.0485
0 0.41320613542835766 0.5645 0.04227459783015339 0.057
0 0.42312008978675647 0.62225 0.04414515525626637 0.0585
0 0.3789749345304901 0.62125 0.04489337822671156 0.0505
0 0.3565282454171343 0.67 0.04788627010849233 0.053
0 0.343808454919566 0.70775 0.03890759446315002 0.0535
0 0.40216984661429106 0.6695 0.041900486344930786 0.051
0 0.3961840628507295 0.7155 0.04564160119715675 0.05
0 0.4564160119715675 0.564 0.03666292555181444 0.067
0 0.4665170220725776 0.63975 0.04264870931537598 0.0595
0 0.44762439206883653 0.68825 0.040778151889263 0.0595
0 0.4891507669285447 0.674 0.040778151889263 0.049
0 0.48166853722409275 0.73075 0.04377104377104377 0.0525
0 0.4393939393939394 0.74 0.04377104377104377 0.057
0 0.2964833520389076 0.75475 0.040029928918817806 0.0585
0 0.3337074448185559 0.758 0.0411522633744856 0.058
0 0.31369248035914704 0.79325 0.040029928918817806 0.0495
0 0.34081556303778526 0.79025 0.03965581743359521 0.0465
0 0.377665544332211 0.78725 0.04227459783015339 0.0545
0 0.4160119715675271 0.792 0.04414515525626637 0.057
0 0.3335203890759446 0.83125 0.03479236812570146 0.0465
0 0.36326225215114105 0.856 0.04040404040404041 0.055
0 0.34717545828656937 0.874 0.04040404040404041 0.048
0 0.3872053872053872 0.89225 0.04264870931537598 0.0465
0 0.3939393939393939 0.83925 0.04564160119715675 0.0575
0 0.4190048634493079 0.875 0.04339693228582117 0.045
0 0.4601571268237935 0.88725 0.0411522633744856 0.0465
0 0.4569771791994014 0.85125 0.04601571268237935 0.0495
0 0.4657687991021324 0.79425 0.04339693228582117 0.0615
0 0.4998129442573887 0.82675 0.04414515525626637 0.0515
0 0.4985035540591096 0.88125 0.04227459783015339 0.0565
0 0.5362888140665918 0.857 0.040778151889263 0.055
0 0.5518144407033296 0.81475 0.04788627010849233 0.0535
0 0.575944631500187 0.8515 0.03853348297792742 0.06
0 0.5914702581369248 0.80525 0.03741114852225964 0.0585
0 0.5102880658436214 0.759 0.03741114852225964 0.044
0 0.5245043022820801 0.72775 0.04788627010849233 0.0635
0 0.5667789001122334 0.71525 0.04040404040404041 0.0635
0 0.5952113729891507 0.74775 0.041900486344930786 0.0535
0 0.4986906098017209 0.5485 0.04938271604938271 0.056
0 0.5011223344556678 0.605 0.05200149644594089 0.059
0 0.5218855218855218 0.64875 0.04414515525626637 0.0565
0 0.5555555555555556 0.58575 0.04938271604938271 0.0555
0 0.567153011597456 0.64825 0.04489337822671156 0.0635
0 0.6040029928918818 0.683 0.04227459783015339 0.059
0 0.557052001496446 0.52625 0.048634493078937524 0.0615
0 0.6049382716049383 0.5045 0.03741114852225964 0.067
0 0.6036288814066592 0.5925 0.04526748971193416 0.061
0 0.4706322484100262 0.187 0.04788627010849233 0.071
0 0.5013093901982791 0.23775 0.05013093901982791 0.0745
0 0.5134680134680135 0.3155 0.053497942386831275 0.071
0 0.5091657313879536 0.3835 0.04489337822671156 0.069
0 0.5722035166479611 0.138 0.04302282080059858 0.071
0 0.6221473999251778 0.147 0.054620276842499066 0.07
0 0.6054994388327721 0.212 0.052749719416386086 0.074
0 0.5613542835765059 0.25325 0.046763935652824544 0.0755
0 0.6015712682379349 0.2865 0.054620276842499066 0.075
0 0.5660306771417882 0.3255 0.048634493078937524 0.069
0 0.5692106247661803 0.3875 0.04900860456416012 0.065
0 0.5447063224841002 0.44725 0.0411522633744856 0.0695
0 0.5907220351664796 0.44675 0.041900486344930786 0.0585
0 0.6376730265619155 0.46075 0.04227459783015339 0.0575
0 0.6372989150766929 0.55325 0.04826038159371493 0.0565
0 0.666292555181444 0.055 0.051627384960718295 0.071
0 0.7263374485596708 0.08 0.049756827534605315 0.067
0 0.7727272727272727 0.103 0.04826038159371493 0.071
0 0.6791994014216236 0.13675 0.04900860456416012 0.0705
0 0.7334455667789002 0.1525 0.046763935652824544 0.069
0 0.7710437710437711 0.19925 0.04564160119715675 0.0695
0 0.6879910213243546 0.20675 0.04788627010849233 0.0705
0 0.8413767302656191 0.157 0.055368499812944255 0.08
0 0.8655069210624766 0.1805 0.036288814066591846 0.058
0 0.8479236812570146 0.22325 0.05948372615039282 0.0705
0 0.8888888888888888 0.23775 0.04788627010849233 0.0705
0 0.7609427609427609 0.263 0.05387205387205387 0.074
0 0.8024691358024691 0.29175 0.054620276842499066 0.0655
0 0.6550692106247662 0.273 0.0508791619902731 0.068
0 0.7138047138047138 0.2995 0.05312383090160868 0.072
0 0.767863823419379 0.3285 0.050505050505050504 0.071
0 0.8720538720538721 0.3005 0.04788627010849233 0.072
0 0.8557800224466892 0.36875 0.049756827534605315 0.0725
0 0.8026561915450804 0.39575 0.0512532734754957 0.0735
0 0.7426112981668537 0.39175 0.0508791619902731 0.0655
0 0.6537598204264871 0.33925 0.0512532734754957 0.0725
0 0.687616909839132 0.363 0.04414515525626637 0.071
0 0.6477740366629255 0.404 0.050505050505050504 0.062
0 0.6956603067714179 0.43125 0.04826038159371493 0.0735
0 0.7390572390572391 0.457 0.04227459783015339 0.074
0 0.79105873550318 0.4485 0.049756827534605315 0.057
0 0.6898615787504676 0.49075 0.04264870931537598 0.0605
0 0.6848110736999626 0.54975 0.04377104377104377 0.0615
0 0.745230078563412 0.52025 0.04414515525626637 0.0635
0 0.6558174335952114 0.61775 0.04414515525626637 0.0595
0 0.7052001496445941 0.606 0.04414515525626637 0.063
0 0.702020202020202 0.662 0.04751215862326973 0.053
0 0.6535727646838758 0.682 0.04489337822671156 0.061
0 0.6315001870557426 0.72725 0.03741114852225964 0.0555
0 0.6399176954732511 0.77375 0.03928170594837262 0.0465
0 0.7560793116348672 0.61225 0.05013093901982791 0.0605
0 0.7764683875794987 0.5885 0.03479236812570146 0.046
