0 0.18248312078019505 0.45425 0.056639159789947484 0.0735
0 0.17160540135033758 0.54125 0.052138034508627154 0.0775
0 0.21699174793698425 0.5155 0.05588897224306077 0.073
0 0.19111027756939236 0.59525 0.04388597149287322 0.0485
0 0.22918229557389347 0.5915 0.05776444111027757 0.067
0 0.23162040510127532 0.6285 0.05888972243060765 0.044
0 0.2695048762190548 0.54175 0.05138784696174044 0.0625
0 0.29538634658664664 0.58875 0.04988747186796699 0.0565
0 0.23012003000750186 0.37075 0.0536384096024006 0.0705
0 0.2516879219804951 0.30825 0.05701425356339085 0.0735
0 0.29444861215303825 0.36825 0.05476369092273068 0.0735
0 0.26987996999249814 0.42025 0.050637659414853715 0.0655
0 0.3167666916729182 0.452 0.052138034508627154 0.06
0 0.3351462865716429 0.50825 0.04538634658664666 0.0615
0 0.3478994748687172 0.39025 0.05813953488372093 0.0635
0 0.3698424606151538 0.45025 0.04801200300075019 0.0665
0 0.38297074268567144 0.51125 0.04426106526631658 0.0625
0 0.3471492873218305 0.591 0.046136534133533386 0.066
0 0.33964741185296327 0.6255 0.04388597149287322 0.05
0 0.38484621155288823 0.639 0.04276069017254314 0.061
0 0.41785446361590395 0.5625 0.04876219054763691 0.068
0 0.19448612153038258 0.67525 0.050637659414853715 0.0625
0 0.22243060765191297 0.73275 0.058514628657164294 0.0555
0 0.2483120780195049 0.76975 0.04801200300075019 0.0465
0 0.27344336084021004 0.75325 0.04951237809452363 0.0575
0 0.2524381095273818 0.6995 0.05401350337584396 0.057
0 0.3107651912978245 0.69525 0.05288822205551388 0.0555
0 0.36027756939234806 0.68325 0.04463615903975994 0.0695
0 0.38915978994748684 0.7535 0.0536384096024006 0.058
0 0.4186046511627907 0.72225 0.05251312828207052 0.0605
0 0.43942235558889725 0.7565 0.047636909227306824 0.057
0 0.4347336834208552 0.63825 0.051762940735183796 0.0595
0 0.47355588897224304 0.59825 0.04688672168042011 0.0695
0 0.47430607651912976 0.693 0.0536384096024006 0.061
0 0.4857464366091523 0.71825 0.047261815453863466 0.0535
0 0.16354088522130533 0.75475 0.0450112528132033 0.0575
0 0.19242310577644411 0.797 0.05101275318829707 0.051
0 0.22486871717929482 0.8375 0.05138784696174044 0.057
0 0.2220555138784696 0.8985 0.04351087771942986 0.059
0 0.29351087771942985 0.792 0.04913728432108027 0.053
0 0.3342085521380345 0.8285 0.04051012753188297 0.052
0 0.3216429107276819 0.76375 0.04463615903975994 0.0545
0 0.3570892723180795 0.8115 0.04876219054763691 0.056
0 0.38840960240060013 0.82925 0.05138784696174044 0.0535
0 0.2813203300825206 0.88175 0.05251312828207052 0.0595
0 0.29632408102025504 0.931 0.05026256564141035 0.058
0 0.33289572393098277 0.90325 0.047636909227306824 0.0585
0 0.3735933983495874 0.923 0.046511627906976744 0.056
0 0.41916729182295576 0.93475 0.05288822205551388 0.0525
0 0.45255063765941483 0.9415 0.04538634658664666 0.06
0 0.4418604651162791 0.831 0.0450112528132033 0.053
0 0.4814328582145536 0.87275 0.04688672168042011 0.0525
0 0.48893473368342083 0.8185 0.04538634658664666 0.06
0 0.5279444861215303 0.85975 0.047636909227306824 0.0525
0 0.536384096024006 0.81925 0.04351087771942986 0.0635
0 0.5030007501875469 0.935 0.04876219054763691 0.053
0 0.5420105026256564 0.96775 0.04801200300075019 0.0505
0 0.5583270817704427 0.90925 0.043135783945986494 0.0575
0 0.5793323330832708 0.85325 0.046136534133533386 0.0515
0 0.6069017254313578 0.89025 0.047261815453863466 0.0555
0 0.5896474118529632 0.9415 0.04051012753188297 0.048
0 0.6404726181545386 0.94625 0.038634658664666165 0.0565
0 0.6532258064516129 0.8605 0.04838709677419355 0.049
0 0.6642910727681921 0.8825 0.03600900225056264 0.057
0 0.6946736684171043 0.91875 0.037509377344336084 0.0485
0 0.7154913728432108 0.89525 0.050637659414853715 0.0495
0 0.6982370592648162 0.848 0.047636909227306824 0.057
0 0.6639159789947486 0.787 0.042010502625656414 0.059
0 0.6099024756189048 0.79875 0.04351087771942986 0.0555
0 0.6198424606151538 0.7565 0.04388597149287322 0.057
0 0.5669542385596399 0.7535 0.04913728432108027 0.056
0 0.5819579894973743 0.7045 0.05138784696174044 0.054
0 0.530570142535634 0.697 0.047636909227306824 0.058
0 0.6611027756939235 0.73025 0.052138034508627154 0.0585
0 0.7248687171792948 0.73725 0.04838709677419355 0.0565
0 0.7241185296324081 0.78875 0.04538634658664666 0.0575
0 0.764066016504126 0.86075 0.04126031507876969 0.0485
0 0.7828207051762941 0.804 0.04801200300075019 0.059
0 0.8340210052513128 0.772 0.04688672168042011 0.053
0 0.8582145536384096 0.736 0.05701425356339085 0.062
0 0.780570142535634 0.718 0.047261815453863466 0.044
0 0.7867591897974494 0.67825 0.04913728432108027 0.0635
0 0.7274943735933983 0.68225 0.04988747186796699 0.0645
0 0.6460990247561891 0.652 0.04688672168042011 0.06
0 0.6961740435108777 0.6355 0.04801200300075019 0.046
0 0.7479369842460615 0.62725 0.042010502625656414 0.0545
0 0.8015753938484621 0.60175 0.04801200300075019 0.0595
0 0.8291447861965492 0.6415 0.04688672168042011 0.061
0 0.7539384846211553 0.57475 0.04801200300075019 0.0565
0 0.6909227306826706 0.583 0.05101275318829707 0.063
0 0.6275318829707427 0.61675 0.05026256564141035 0.0635
0 0.5650787696924231 0.638 0.04838709677419355 0.061
0 0.5159414853713429 0.64375 0.04088522130532633 0.0525
0 0.5198799699924981 0.6 0.04876219054763691 0.052
0 0.5026256564141035 0.53825 0.051762940735183796 0.0585
0 0.4418604651162791 0.52075 0.04951237809452363 0.0665
0 0.43698424606151537 0.456 0.05101275318829707 0.067
0 0.47655663915978996 0.47725 0.052138034508627154 0.0585
0 0.5399474868717179 0.4605 0.04988747186796699 0.063
0 0.5519504876219055 0.51825 0.052138034508627154 0.0645
0 0.5798949737434359 0.55075 0.047261815453863466 0.0555
0 0.6076519129782446 0.52525 0.051762940735183796 0.0615
0 0.6571642910727682 0.55 0.05251312828207052 0.07
0 0.7012378094523631 0.52375 0.055138784696174045 0.0655
0 0.7616279069767442 0.52475 0.05438859714928732 0.0715
0 0.8062640660165041 0.53475 0.04838709677419355 0.0645
0 0.8075768942235559 0.461 0.0555138784696174 0.071
0 0.7545011252813203 0.38025 0.0603900975243811 0.0815
0 0.777569392348087 0.3935 0.046511627906976744 0.07
0 0.7061140285071268 0.42275 0.04838709677419355 0.0745
0 0.7415603900975244 0.44975 0.05926481620405101 0.0605
0 0.6659789947486872 0.47925 0.05438859714928732 0.0695
0 0.5913353338334584 0.45825 0.05288822205551388 0.0615
0 0.6335333833458364 0.4115 0.0555138784696174 0.067
0 0.6809827456864216 0.36475 0.059639909977494375 0.0615
0 0.6271567891972993 0.33825 0.047261815453863466 0.0715
0 0.5836459114778695 0.38575 0.056264066016504126 0.0725
0 0.5296324081020255 0.39575 0.05776444111027757 0.0745
0 0.4876219054763691 0.4165 0.05101275318829707 0.058
0 0.43792198049512376 0.382 0.050637659414853715 0.068
0 0.39497374343585895 0.34075 0.051762940735183796 0.0655
0 0.5084396099024756 0.3335 0.056639159789947484 0.075
0 0.5701425356339085 0.32825 0.05776444111027757 0.0685
0 0.30795198799699924 0.26625 0.058514628657164294 0.0835
0 0.3514628657164291 0.28125 0.05326331582895724 0.0765
0 0.34433608402100524 0.208 0.05701425356339085 0.079
0 0.4052888222055514 0.26175 0.05588897224306077 0.0805
0 0.4576144036009002 0.29375 0.056264066016504126 0.0745
0 0.42873218304576144 0.1485 0.05701425356339085 0.082
0 0.4553638409602401 0.2155 0.05926481620405101 0.084
0 0.48349587396849214 0.14725 0.058514628657164294 0.0815
0 0.531695423855964 0.1965 0.0536384096024006 0.082
0 0.5039384846211553 0.2575 0.04463615903975994 0.081
0 0.5572018004501126 0.2525 0.056639159789947484 0.071
0 0.536946736684171 0.1135 0.05738934733683421 0.079
0 0.5952738184546137 0.09625 0.05476369092273068 0.0745
0 0.6566016504126031 0.148 0.05588897224306077 0.079
0 0.5958364591147787 0.187 0.0536384096024006 0.075
0 0.627344336084021 0.26425 0.05888972243060765 0.0835
0 0.6864216054013503 0.288 0.05326331582895724 0.08
0 0.6781695423855963 0.21675 0.06376594148537135 0.0825
0 0.740060015003751 0.19425 0.06301575393848462 0.0825
0 0.7421230307576894 0.267 0.061140285071267814 0.073
