0 0.159039759939985 0.2705 0.033008252063015754 0.052
0 0.11159039759939984 0.345 0.034133533383345835 0.049
0 0.17254313578394598 0.3365 0.037509377344336084 0.046
0 0.1879219804951238 0.37875 0.03225806451612903 0.0425
0 0.1579144786196549 0.41075 0.035258814703675916 0.0455
0 0.19486121530382597 0.42025 0.03488372093023256 0.0475
0 0.2087396849212303 0.46025 0.038634658664666165 0.0405
0 0.17854463615903976 0.4945 0.03225806451612903 0.049
0 0.17198049512378094 0.55125 0.03563390847711928 0.0445
0 0.1466616654163541 0.596 0.035258814703675916 0.05
0 0.1916729182295574 0.58875 0.03600900225056264 0.0485
0 0.20742685671417854 0.55 0.03375843960990248 0.046
0 0.2250562640660165 0.58775 0.028507126781695424 0.0425
0 0.2501875468867217 0.619 0.03225806451612903 0.045
0 0.1896099024756189 0.67075 0.038634658664666165 0.0445
0 0.2471867966991748 0.6635 0.037509377344336084 0.046
0 0.268192048012003 0.69225 0.03675918979744936 0.0455
0 0.28600900225056264 0.653 0.03338334583645911 0.046
0 0.2888222055513878 0.7295 0.03225806451612903 0.04
0 0.30870217554388596 0.7585 0.04126031507876969 0.045
0 0.3265191297824456 0.69575 0.03338334583645911 0.0475
0 0.3516504126031508 0.7305 0.030382595648912228 0.047
0 0.372655663915979 0.696 0.037134283570892726 0.046
0 0.3822205551387847 0.73775 0.0345086271567892 0.0465
0 0.36834208552138037 0.77275 0.03375843960990248 0.0385
0 0.3640285071267817 0.81 0.03938484621155289 0.045
0 0.3606526631657914 0.85 0.03488372093023256 0.044
0 0.33645911477869467 0.63425 0.03600900225056264 0.0455
0 0.30288822205551386 0.60525 0.03488372093023256 0.0425
0 0.34508627156789196 0.5925 0.03600900225056264 0.047
0 0.31039009752438107 0.5665 0.03488372093023256 0.046
0 0.27494373593398347 0.56975 0.03075768942235559 0.0485
0 0.25037509377344336 0.53775 0.028132033008252063 0.0425
0 0.2931357839459865 0.52275 0.034133533383345835 0.0495
0 0.3430232558139535 0.52 0.03188297074268567 0.046
0 0.22168042010502625 0.51 0.03600900225056264 0.04
0 0.2618154538634659 0.4885 0.029257314328582147 0.048
0 0.3034508627156789 0.474 0.03600900225056264 0.043
0 0.3467741935483871 0.4755 0.03938484621155289 0.05
0 0.3107651912978245 0.4335 0.03488372093023256 0.039
0 0.34583645911477867 0.40425 0.03375843960990248 0.0505
0 0.3629032258064516 0.4335 0.030382595648912228 0.043
0 0.2471867966991748 0.4405 0.03600900225056264 0.043
0 0.24849962490622657 0.401 0.038634658664666165 0.044
0 0.2938859714928732 0.39775 0.03338334583645911 0.0435
0 0.2336834208552138 0.35875 0.03675918979744936 0.0485
0 0.277006751687922 0.3635 0.032633158289572396 0.049
0 0.3132033008252063 0.3595 0.03375843960990248 0.048
0 0.3480870217554389 0.3535 0.035258814703675916 0.047
0 0.2608777194298575 0.32475 0.03563390847711928 0.0425
0 0.22543135783945986 0.3115 0.03600900225056264 0.046
0 0.24812453113278318 0.285 0.028882220555138786 0.046
0 0.2768192048012003 0.27875 0.035258814703675916 0.0475
0 0.27719429857464367 0.22525 0.04126031507876969 0.0585
0 0.31189047261815456 0.25625 0.03113278319579895 0.0445
0 0.3237059264816204 0.21975 0.03900975243810953 0.0485
0 0.34171042760690173 0.278 0.03675918979744936 0.046
0 0.3295198799699925 0.31575 0.03563390847711928 0.0425
0 0.37790697674418605 0.2765 0.03338334583645911 0.049
0 0.3970367591897975 0.31625 0.03563390847711928 0.0455
0 0.4165416354088522 0.2825 0.037134283570892726 0.047
0 0.4397974493623406 0.25 0.03338334583645911 0.045
0 0.4414853713428357 0.193 0.03900975243810953 0.048
0 0.4789947486871718 0.19575 0.03675918979744936 0.0485
0 0.5202550637659414 0.1675 0.03225806451612903 0.045
0 0.5551387846961741 0.1555 0.03225806451612903 0.043
0 0.594523630907727 0.13575 0.033008252063015754 0.0445
0 0.47168042010502625 0.2495 0.03188297074268567 0.044
0 0.4904351087771943 0.28 0.03113278319579895 0.039
0 0.4386721680420105 0.319 0.034133533383345835 0.04
0 0.46980495123780946 0.3075 0.03488372093023256 0.049
0 0.45986496624156037 0.35175 0.03150787696924231 0.0415
0 0.42516879219804954 0.35925 0.03488372093023256 0.0395
0 0.38484621155288823 0.38025 0.03675918979744936 0.0455
0 0.42029257314328583 0.4005 0.036384096024006 0.046
0 0.4540510127531883 0.41375 0.03113278319579895 0.0475
0 0.43810952738184544 0.446 0.0345086271567892 0.042
0 0.42179294823705926 0.492 0.03338334583645911 0.041
0 0.3899099774943736 0.5275 0.03338334583645911 0.047
0 0.40660165041260315 0.592 0.03375843960990248 0.048
0 0.42010502625656415 0.6195 0.03375843960990248 0.043
0 0.42873218304576144 0.65425 0.03075768942235559 0.0385
0 0.4111027756939235 0.70825 0.03075768942235559 0.0475
0 0.42179294823705926 0.762 0.03338334583645911 0.045
0 0.4079144786196549 0.802 0.034133533383345835 0.044
0 0.4111027756939235 0.84225 0.03375843960990248 0.0375
0 0.4180420105026257 0.88025 0.029632408102025505 0.0385
0 0.43960990247561893 0.86275 0.029257314328582147 0.0415
0 0.45255063765941483 0.88825 0.030382595648912228 0.0395
0 0.43135783945986494 0.921 0.03075768942235559 0.044
0 0.4324831207801951 0.96525 0.03225806451612903 0.0405
0 0.4696174043510878 0.983 0.035258814703675916 0.033
0 0.4694298574643661 0.93175 0.030382595648912228 0.0435
0 0.5001875468867217 0.9295 0.030382595648912228 0.038
0 0.48799699924981244 0.8815 0.028507126781695424 0.044
0 0.49474868717179293 0.8965 0.02700675168792198 0.031
0 0.5129407351837959 0.84325 0.03188297074268567 0.0395
0 0.5215678919729932 0.85975 0.028882220555138786 0.0355
0 0.47449362340585144 0.84875 0.03225806451612903 0.0345
0 0.47655663915978996 0.811 0.028132033008252063 0.04
0 0.4465491372843211 0.80975 0.03113278319579895 0.0365
0 0.463615903975994 0.779 0.03375843960990248 0.035
0 0.4465491372843211 0.73275 0.028882220555138786 0.0405
0 0.4761815453863466 0.7345 0.03188297074268567 0.042
0 0.5151912978244562 0.79275 0.032633158289572396 0.0445
0 0.5328207051762941 0.74875 0.03188297074268567 0.0345
0 0.5157539384846211 0.71675 0.03075768942235559 0.0365
0 0.4949362340585146 0.69925 0.024381095273818456 0.0465
0 0.4656789197299325 0.671 0.03113278319579895 0.043
0 0.4684921230307577 0.61525 0.035258814703675916 0.0425
0 0.4992498124531133 0.62575 0.03225806451612903 0.0465
0 0.5174418604651163 0.6705 0.030382595648912228 0.045
0 0.5390097524381096 0.69625 0.03225806451612903 0.0405
0 0.5485746436609152 0.65575 0.03338334583645911 0.0495
0 0.43210802700675166 0.561 0.03375843960990248 0.046
0 0.4720555138784696 0.57225 0.03338334583645911 0.0465
0 0.5030007501875469 0.57975 0.028507126781695424 0.0455
0 0.4512378094523631 0.525 0.035258814703675916 0.044
0 0.4806826706676669 0.5165 0.03188297074268567 0.044
0 0.4617404351087772 0.47575 0.03600900225056264 0.0465
0 0.5026256564141035 0.46425 0.029257314328582147 0.0365
0 0.5226931732933233 0.49825 0.03563390847711928 0.0435
0 0.5286946736684172 0.5355 0.034133533383345835 0.04
0 0.5478244561140285 0.575 0.03113278319579895 0.043
0 0.5534508627156789 0.6165 0.032633158289572396 0.042
0 0.4848087021755439 0.42625 0.034133533383345835 0.0405
0 0.4930607651912978 0.385 0.03338334583645911 0.039
0 0.5174418604651163 0.42975 0.030382595648912228 0.0415
0 0.5453863465866466 0.454 0.03150787696924231 0.042
0 0.5335708927231808 0.39525 0.03338334583645911 0.0365
0 0.49287321830457614 0.34225 0.035258814703675916 0.0425
0 0.5193173293323331 0.306 0.032633158289572396 0.043
0 0.5241935483870968 0.24175 0.03938484621155289 0.0425
0 0.54576144036009 0.2745 0.033008252063015754 0.042
0 0.5575768942235559 0.23525 0.034133533383345835 0.0465
0 0.5538259564891223 0.31525 0.032633158289572396 0.0435
0 0.5455738934733684 0.356 0.03563390847711928 0.046
0 0.5718304576144037 0.38275 0.03488372093023256 0.0375
0 0.5656414103525882 0.42125 0.033008252063015754 0.0375
0 0.5744561140285072 0.461 0.030382595648912228 0.043
0 0.5583270817704427 0.49075 0.03338334583645911 0.0425
0 0.5607651912978244 0.53175 0.033008252063015754 0.0395
0 0.5958364591147787 0.1985 0.03338334583645911 0.045
0 0.6312828207051763 0.18475 0.035258814703675916 0.0425
0 0.6573518379594899 0.15825 0.03563390847711928 0.0435
0 0.6993623405851462 0.16 0.03488372093023256 0.046
0 0.6761065266316579 0.21075 0.03188297074268567 0.0405
0 0.6192798199549887 0.23025 0.030007501875468866 0.0435
0 0.6444111027756939 0.22375 0.0277569392348087 0.0415
0 0.641972993248312 0.2655 0.03338334583645911 0.036
0 0.5883345836459115 0.2465 0.03188297074268567 0.041
0 0.5883345836459115 0.2875 0.030382595648912228 0.04
0 0.5823330832708177 0.328 0.029632408102025505 0.049
0 0.6136534133533383 0.334 0.03150787696924231 0.045
0 0.6175918979744937 0.29275 0.029632408102025505 0.0395
0 0.6530382595648913 0.30325 0.03075768942235559 0.0435
0 0.6451612903225806 0.3425 0.03225806451612903 0.043
0 0.6009002250562641 0.381 0.030007501875468866 0.046
0 0.6275318829707427 0.40125 0.030007501875468866 0.0465
0 0.5982745686421606 0.42575 0.03150787696924231 0.0405
0 0.6048387096774194 0.47375 0.028882220555138786 0.0475
0 0.5883345836459115 0.504 0.028882220555138786 0.039
0 0.5984621155288822 0.543 0.03563390847711928 0.042
0 0.590960240060015 0.57975 0.034133533383345835 0.0385
0 0.5999624906226556 0.60725 0.03188297074268567 0.0405
0 0.5853338334583645 0.648 0.03113278319579895 0.051
0 0.5690172543135784 0.66875 0.024756189047261814 0.0415
0 0.5579519879969993 0.7065 0.02738184546136534 0.039
0 0.5926481620405101 0.72875 0.0345086271567892 0.0395
0 0.6078394598649662 0.7055 0.029632408102025505 0.037
0 0.6035258814703676 0.67225 0.03225806451612903 0.0365
0 0.6369092273068268 0.6455 0.033008252063015754 0.04
0 0.6370967741935484 0.68675 0.028132033008252063 0.0415
0 0.6663540885221305 0.688 0.030382595648912228 0.043
0 0.6592273068267067 0.72025 0.03188297074268567 0.0415
0 0.6129032258064516 0.75 0.02700675168792198 0.048
0 0.5802700675168793 0.7675 0.03150787696924231 0.041
0 0.5703300825206301 0.804 0.03113278319579895 0.039
0 0.5588897224306076 0.839 0.03075768942235559 0.04
0 0.5512003000750187 0.8905 0.03188297074268567 0.046
0 0.5618904726181545 0.933 0.033008252063015754 0.04
0 0.5885221305326331 0.92725 0.029257314328582147 0.0435
0 0.5836459114778695 0.88375 0.03225806451612903 0.0455
0 0.5995873968492123 0.845 0.030382595648912228 0.04
0 0.6009002250562641 0.8055 0.0277569392348087 0.044
0 0.6271567891972993 0.8295 0.0277569392348087 0.04
0 0.6136534133533383 0.861 0.028507126781695424 0.032
0 0.6322205551387847 0.79425 0.030382595648912228 0.0435
0 0.6490997749437359 0.8375 0.02738184546136534 0.039
0 0.6162790697674418 0.91175 0.03075768942235559 0.0455
0 0.6427231807951987 0.90425 0.02663165791447862 0.0425
0 0.6642910727681921 0.88225 0.0277569392348087 0.0435
0 0.6881095273818455 0.8335 0.030382595648912228 0.036
0 0.6989872468117029 0.85175 0.03188297074268567 0.0375
0 0.6732933233308327 0.7855 0.033008252063015754 0.04
0 0.654913728432108 0.7565 0.03075768942235559 0.036
0 0.6826706676669168 0.74925 0.0277569392348087 0.0375
0 0.7029257314328582 0.77275 0.029257314328582147 0.0385
0 0.7119279819954989 0.799 0.03225806451612903 0.04
0 0.6952363090772693 0.71075 0.029632408102025505 0.0425
0 0.7304951237809453 0.72625 0.03113278319579895 0.0405
0 0.7503750937734434 0.75775 0.03488372093023256 0.0425
0 0.682483120780195 0.65575 0.03338334583645911 0.0405
0 0.6755438859714928 0.61275 0.0345086271567892 0.0415
0 0.7049887471867967 0.62725 0.02738184546136534 0.0435
0 0.722430607651913 0.6615 0.033008252063015754 0.042
0 0.7273068267066767 0.6905 0.023255813953488372 0.038
0 0.6204051012753188 0.572 0.030007501875468866 0.035
0 0.6374718679669917 0.604 0.028882220555138786 0.04
0 0.6567891972993248 0.57625 0.029257314328582147 0.0415
0 0.6275318829707427 0.5275 0.03150787696924231 0.043
0 0.6577269317329333 0.53575 0.030382595648912228 0.0395
0 0.6804201050262566 0.56675 0.025506376594148537 0.0445
0 0.6299699924981246 0.483 0.02738184546136534 0.04
0 0.6575393848462115 0.493 0.029257314328582147 0.051
0 0.6442235558889723 0.4395 0.03788447111777944 0.045
0 0.6631657914478619 0.40775 0.03375843960990248 0.0425
0 0.6764816204051013 0.3765 0.03338334583645911 0.039
0 0.6757314328582146 0.33475 0.03188297074268567 0.0405
0 0.68192048012003 0.296 0.029257314328582147 0.04
0 0.6706676669167292 0.25975 0.0277569392348087 0.0385
0 0.6987996999249813 0.24575 0.03225806451612903 0.0505
0 0.7119279819954989 0.22125 0.03225806451612903 0.0365
0 0.7409977494373593 0.24175 0.028132033008252063 0.0515
0 0.7175543885971493 0.27875 0.029257314328582147 0.0445
0 0.7349962490622656 0.31275 0.03113278319579895 0.0395
0 0.7081770442610653 0.323 0.030007501875468866 0.04
0 0.7016129032258065 0.361 0.028132033008252063 0.04
0 0.6914853713428357 0.41525 0.02663165791447862 0.0385
0 0.7196174043510878 0.4005 0.032633158289572396 0.051
0 0.7319954988747187 0.37325 0.032633158289572396 0.0395
0 0.7466241560390098 0.4025 0.028132033008252063 0.034
0 0.7259939984996249 0.454 0.029632408102025505 0.045
0 0.6918604651162791 0.45575 0.03488372093023256 0.0405
0 0.7031132783195799 0.4945 0.037134283570892726 0.039
0 0.6869842460615154 0.519 0.03113278319579895 0.043
0 0.7139909977494373 0.54475 0.03188297074268567 0.0385
0 0.7066766691672918 0.583 0.03225806451612903 0.044
0 0.7306826706676669 0.57025 0.03075768942235559 0.0385
0 0.7419354838709677 0.616 0.033008252063015754 0.043
0 0.7462490622655664 0.6545 0.029632408102025505 0.039
0 0.7668792198049512 0.66875 0.029632408102025505 0.0345
0 0.7702550637659414 0.62725 0.025131282820705175 0.0475
0 0.758252063015754 0.707 0.03488372093023256 0.045
0 0.7595648912228057 0.58025 0.024756189047261814 0.0435
0 0.7777569392348087 0.587 0.020630157539384845 0.04
0 0.7486871717929482 0.53775 0.029257314328582147 0.0445
0 0.7830082520630157 0.5525 0.03113278319579895 0.042
0 0.7378094523630908 0.492 0.03225806451612903 0.045
0 0.7747561890472618 0.5095 0.03488372093023256 0.048
0 0.8081395348837209 0.53375 0.030382595648912228 0.0505
0 0.8169542385596399 0.507 0.030007501875468866 0.036
0 0.7567516879219804 0.46975 0.03113278319579895 0.0425
0 0.7882595648912228 0.475 0.029632408102025505 0.04
0 0.8188297074268567 0.47525 0.03075768942235559 0.0415
0 0.7685671417854464 0.435 0.037509377344336084 0.037
0 0.804576144036009 0.41675 0.0345086271567892 0.0455
0 0.8373968492123031 0.4395 0.036384096024006 0.039
0 0.7633158289572393 0.35925 0.03600900225056264 0.0415
0 0.7777569392348087 0.39025 0.032633158289572396 0.0445
0 0.7818829707426856 0.32875 0.037134283570892726 0.0385
0 0.8049512378094523 0.35475 0.029257314328582147 0.0405
0 0.831582895723931 0.3755 0.03600900225056264 0.039
0 0.8552138034508627 0.39525 0.03075768942235559 0.0435
0 0.8458364591147787 0.354 0.0345086271567892 0.037
0 0.7927606901725431 0.26525 0.034133533383345835 0.0525
0 0.758814703675919 0.27725 0.03075768942235559 0.0405
