0 0.31714178544636157 0.2705 0.050637659414853715 0.105
0 0.26462865716429107 0.355 0.04688672168042011 0.099
0 0.36346586646661666 0.342 0.056264066016504126 0.103
0 0.34508627156789196 0.36525 0.04576144036009002 0.0785
0 0.26294073518379596 0.44525 0.04351087771942986 0.0885
0 0.304576144036009 0.459 0.04876219054763691 0.092
0 0.3507126781695424 0.43975 0.0555138784696174 0.0915
0 0.29426106526631657 0.5335 0.041635408852213056 0.085
0 0.3478994748687172 0.54725 0.04688672168042011 0.0875
0 0.38540885221305327 0.534 0.055138784696174045 0.091
0 0.4187921980495124 0.47375 0.059639909977494375 0.0955
0 0.2865716429107277 0.63075 0.04576144036009002 0.0845
0 0.35352588147036756 0.75925 0.050637659414853715 0.0955
0 0.33177044261065264 0.70275 0.04838709677419355 0.0725
0 0.39909977494373594 0.60975 0.04426106526631658 0.0785
0 0.42948237059264815 0.64625 0.05401350337584396 0.0975
0 0.4626781695423856 0.7385 0.055138784696174045 0.099
0 0.41916729182295576 0.83825 0.05888972243060765 0.0875
0 0.5151912978244562 0.85175 0.0641410352588147 0.1035
0 0.5298199549887472 0.7745 0.06339084771192798 0.107
0 0.5470742685671418 0.682 0.0671417854463616 0.11
0 0.5065641410352588 0.63425 0.05813953488372093 0.0905
0 0.5157539384846211 0.5555 0.06601650412603151 0.103
0 0.47168042010502625 0.55325 0.04913728432108027 0.0975
0 0.5030007501875469 0.45825 0.060765191297824456 0.0915
0 0.4521755438859715 0.3635 0.05813953488372093 0.105
0 0.5127531882970743 0.36875 0.06676669167291822 0.1125
0 0.5626406601650412 0.46525 0.06826706676669167 0.1135
0 0.4932483120780195 0.2675 0.06301575393848462 0.099
0 0.4975618904726182 0.158 0.07389347336834208 0.122
0 0.6069017254313578 0.197 0.08552138034508627 0.133
0 0.5772693173293323 0.26175 0.072768192048012 0.0995
0 0.5973368342085521 0.379 0.07989497374343586 0.124
0 0.640847711927982 0.49975 0.07989497374343586 0.1185
0 0.6055888972243061 0.56375 0.07464366091522881 0.1005
0 0.6312828207051763 0.6795 0.08102025506376594 0.119
0 0.7188672168042011 0.733 0.09339834958739685 0.121
0 0.6691672918229558 0.6255 0.09602400600150038 0.126
0 0.8034508627156789 0.66525 0.09902475618904726 0.1275
0 0.7576894223555889 0.5445 0.09602400600150038 0.122
0 0.8683420855213804 0.559 0.10952738184546136 0.123
0 0.8002625656414104 0.44025 0.10465116279069768 0.1395
0 0.7708177044261065 0.30325 0.10127531882970743 0.1265
0 0.6896099024756189 0.29525 0.07989497374343586 0.1185
