0 0.10165041260315079 0.3955 0.09077269317329333 0.126
0 0.19898724681170293 0.27775 0.09414853713428357 0.1305
0 0.21417854463615904 0.39825 0.08477119279819954 0.1045
0 0.28994748687171795 0.361 0.08777194298574643 0.127
0 0.09883720930232558 0.51175 0.09114778694673668 0.1105
0 0.17966991747936983 0.51375 0.08552138034508627 0.1145
0 0.26406601650412603 0.47725 0.09152288072018004 0.1075
0 0.35783945986496624 0.501 0.08852213053263316 0.103
0 0.1427231807951988 0.61275 0.07839459864966242 0.0955
0 0.16897974493623405 0.73525 0.08139534883720931 0.1165
0 0.24774943735933982 0.806 0.08514628657164292 0.099
0 0.3265191297824456 0.84425 0.08889722430607652 0.1075
0 0.40941485371342834 0.89775 0.08889722430607652 0.0845
0 0.4874343585896474 0.86275 0.07914478619654913 0.0965
0 0.22693173293323332 0.61275 0.08402100525131283 0.1055
0 0.3066391597899475 0.582 0.09639909977494374 0.096
0 0.29932483120780196 0.6655 0.07801950487621906 0.091
0 0.3722805701425356 0.68925 0.08439609902475619 0.1075
0 0.4330457614403601 0.773 0.07914478619654913 0.101
0 0.5183795948987246 0.775 0.08177044261065267 0.095
0 0.400225056264066 0.57925 0.07351837959489872 0.1085
0 0.45555138784696175 0.6505 0.08214553638409602 0.092
0 0.5339459864966242 0.67525 0.08214553638409602 0.1005
0 0.6189047261815454 0.64275 0.08927231807951988 0.1055
0 0.4761815453863466 0.56175 0.08439609902475619 0.1045
0 0.3809077269317329 0.3765 0.08589647411852963 0.119
0 0.44579894973743434 0.46225 0.08289572393098274 0.1085
0 0.41766691672918227 0.26925 0.08514628657164292 0.1105
0 0.4638034508627157 0.1535 0.09564891222805702 0.121
0 0.5191297824456114 0.255 0.08852213053263316 0.114
0 0.5993998499624906 0.19375 0.09827456864216054 0.1225
0 0.6378469617404351 0.28575 0.08364591147786947 0.1105
0 0.7269317329332333 0.28575 0.09452363090772693 0.1105
0 0.48424606151537886 0.36675 0.08552138034508627 0.1215
0 0.5742685671417854 0.3655 0.0900225056264066 0.124
0 0.531695423855964 0.4565 0.08289572393098274 0.118
0 0.562828207051763 0.547 0.08739684921230308 0.094
0 0.6145911477869468 0.47575 0.08364591147786947 0.1145
0 0.668417104276069 0.576 0.08777194298574643 0.113
0 0.707801950487622 0.661 0.08777194298574643 0.101
0 0.7616279069767442 0.58225 0.08364591147786947 0.1045
0 0.7274943735933983 0.4885 0.08214553638409602 0.11
0 0.8010127531882971 0.4835 0.07839459864966242 0.101
0 0.6597899474868717 0.36675 0.07351837959489872 0.0955
0 0.7753188297074268 0.3905 0.08777194298574643 0.118
