0 0.21249532360643472 0.8455 0.03890759446315002 0.045
0 0.27908716797605687 0.89875 0.04414515525626637 0.0525
0 0.333146277590722 0.8605 0.040778151889263 0.056
0 0.2673026561915451 0.8345 0.036288814066591846 0.05
0 0.2740366629255518 0.8095 0.040778151889263 0.048
0 0.3903853348297793 0.8615 0.03554059109614665 0.053
0 0.35952113729891505 0.8175 0.04489337822671156 0.05
0 0.32454171343060234 0.792 0.037037037037037035 0.045
0 0.3454919566030677 0.7695 0.040778151889263 0.051
0 0.3179947624392069 0.74425 0.03666292555181444 0.0485
0 0.24579124579124578 0.7005 0.04713804713804714 0.057
0 0.21249532360643472 0.65775 0.038159371492704826 0.0545
0 0.24653946876169097 0.6265 0.03965581743359521 0.053
0 0.2966704077815189 0.65375 0.03965581743359521 0.0555
0 0.30303030303030304 0.69975 0.035166479610924055 0.0485
0 0.33239805462027683 0.6995 0.040029928918817806 0.053
0 0.3333333333333333 0.6675 0.04264870931537598 0.056
0 0.37149270482603813 0.705 0.04339693228582117 0.052
0 0.3778526000748223 0.75875 0.04489337822671156 0.0585
0 0.3956228956228956 0.802 0.040778151889263 0.05
0 0.43172465394687615 0.82825 0.041900486344930786 0.0595
0 0.4371492704826038 0.7885 0.04526748971193416 0.046
0 0.4721286943509166 0.83275 0.04414515525626637 0.0535
0 0.5102880658436214 0.81775 0.0411522633744856 0.0615
0 0.5486344930789375 0.825 0.03778526000748223 0.062
0 0.48110736999625886 0.77725 0.04339693228582117 0.0495
0 0.5347923681257014 0.77725 0.046763935652824544 0.0535
0 0.5735129068462402 0.7835 0.03666292555181444 0.062
0 0.45398428731762064 0.73625 0.040778151889263 0.0605
0 0.4055368499812944 0.72025 0.04339693228582117 0.0625
0 0.43509165731387955 0.6785 0.04414515525626637 0.058
0 0.4783015338570894 0.68275 0.04377104377104377 0.0535
0 0.5052375607931163 0.7165 0.04601571268237935 0.047
0 0.5239431350542462 0.6865 0.04451926674148896 0.06
0 0.4002992891881781 0.645 0.041900486344930786 0.047
0 0.3507295173961841 0.619 0.03928170594837262 0.051
0 0.3181818181818182 0.611 0.040029928918817806 0.05
0 0.2822671156004489 0.5735 0.040029928918817806 0.059
0 0.3179947624392069 0.57125 0.04414515525626637 0.0555
0 0.24317246539468762 0.529 0.04638982416760194 0.054
0 0.28114478114478114 0.5115 0.04302282080059858 0.051
0 0.20912832023943134 0.47175 0.048634493078937524 0.0605
0 0.19640852974186307 0.41625 0.048634493078937524 0.0585
0 0.22783389450056116 0.35525 0.04040404040404041 0.0555
0 0.2611298166853722 0.35275 0.05013093901982791 0.0565
0 0.27029554807332584 0.2835 0.03853348297792742 0.064
0 0.3112607557052002 0.32875 0.04414515525626637 0.0565
0 0.322484100261878 0.38175 0.05013093901982791 0.0595
0 0.37130564908342684 0.38025 0.04152637485970819 0.0665
0 0.3677515899738122 0.314 0.04788627010849233 0.069
0 0.3569023569023569 0.44325 0.04713804713804714 0.0565
0 0.3389450056116723 0.503 0.04938271604938271 0.06
0 0.3832772166105499 0.483 0.050505050505050504 0.048
0 0.3722409277964834 0.58425 0.04788627010849233 0.0555
0 0.3997381219603442 0.541 0.04302282080059858 0.065
0 0.41432846988402544 0.59875 0.04526748971193416 0.0495
0 0.44163860830527496 0.5525 0.04451926674148896 0.064
0 0.44276094276094274 0.49575 0.04302282080059858 0.0615
0 0.48634493078937524 0.51175 0.04040404040404041 0.0635
0 0.4511784511784512 0.629 0.04414515525626637 0.059
0 0.4820426487093154 0.585 0.040778151889263 0.06
0 0.4943883277216611 0.627 0.04227459783015339 0.051
0 0.5312383090160868 0.61175 0.04489337822671156 0.0595
0 0.5207631874298541 0.5615 0.05013093901982791 0.062
0 0.5286195286195287 0.5055 0.04564160119715675 0.053
0 0.508791619902731 0.45475 0.04414515525626637 0.0605
0 0.49532360643471757 0.39625 0.04713804713804714 0.0605
0 0.47530864197530864 0.3455 0.046763935652824544 0.064
0 0.4496820052375608 0.27925 0.04713804713804714 0.0645
0 0.42050130939019825 0.23375 0.04788627010849233 0.0615
0 0.4567901234567901 0.182 0.052375607931163484 0.067
0 0.49158249158249157 0.25375 0.054620276842499066 0.0705
0 0.5091657313879536 0.19525 0.04713804713804714 0.0685
0 0.5114104002992892 0.3145 0.048634493078937524 0.059
0 0.5368499812944257 0.404 0.04339693228582117 0.066
0 0.5864197530864198 0.72725 0.03928170594837262 0.0475
0 0.5624766180321736 0.689 0.040029928918817806 0.065
0 0.5761316872427984 0.621 0.04638982416760194 0.063
0 0.5723905723905723 0.5585 0.04938271604938271 0.061
0 0.6069958847736625 0.661 0.04227459783015339 0.063
0 0.6243920688365133 0.71975 0.04264870931537598 0.0575
0 0.6227085671530116 0.76675 0.040029928918817806 0.0515
0 0.6176580621025065 0.57475 0.04564160119715675 0.0665
0 0.5852974186307519 0.4995 0.04751215862326973 0.066
0 0.5862326973438085 0.4275 0.04339693228582117 0.066
0 0.5634118967452301 0.3555 0.0508791619902731 0.064
0 0.5387205387205387 0.2545 0.04938271604938271 0.073
0 0.5798728020950243 0.28425 0.05387205387205387 0.0705
0 0.5808080808080808 0.211 0.056490834268612046 0.066
0 0.5607931163486719 0.15375 0.04713804713804714 0.0675
0 0.6595585484474373 0.13875 0.04264870931537598 0.0705
0 0.6337448559670782 0.23575 0.048634493078937524 0.0735
0 0.6279461279461279 0.3045 0.049756827534605315 0.072
0 0.6202768424990647 0.372 0.04938271604938271 0.067
0 0.6305649083426861 0.432 0.04751215862326973 0.059
0 0.6358024691358025 0.49625 0.04377104377104377 0.0665
0 0.6588103254769921 0.55025 0.048634493078937524 0.0585
0 0.6647961092405537 0.616 0.04414515525626637 0.061
0 0.654320987654321 0.6765 0.04564160119715675 0.068
0 0.6853722409277965 0.74 0.04414515525626637 0.06
0 0.666853722409278 0.7725 0.04377104377104377 0.051
0 0.7388701833146277 0.7295 0.04788627010849233 0.06
0 0.7033295922184811 0.669 0.04788627010849233 0.057
0 0.7128694350916573 0.6155 0.04826038159371493 0.067
0 0.7502805836139169 0.67 0.03554059109614665 0.045
0 0.764122708567153 0.6365 0.04451926674148896 0.057
0 0.7066965955854845 0.5605 0.0411522633744856 0.065
0 0.7669285447063224 0.546 0.04713804713804714 0.063
0 0.7190422745978301 0.50375 0.04638982416760194 0.0625
0 0.6707818930041153 0.45675 0.048634493078937524 0.0705
0 0.6964085297418631 0.405 0.05499438832772166 0.062
0 0.7353161242050131 0.44375 0.03928170594837262 0.0655
0 0.7710437710437711 0.48125 0.0411522633744856 0.0675
0 0.7396184062850729 0.3795 0.03890759446315002 0.067
0 0.7093153759820426 0.3405 0.051627384960718295 0.062
0 0.6692854470632248 0.28425 0.05013093901982791 0.0715
0 0.6835016835016835 0.21175 0.051627384960718295 0.0695
0 0.7199775533108866 0.281 0.049756827534605315 0.069
0 0.7839506172839507 0.42 0.05424616535727647 0.065
0 0.8204264870931538 0.4915 0.04938271604938271 0.065
0 0.8408155630377853 0.44325 0.04826038159371493 0.0665
0 0.8937523381967827 0.43125 0.04713804713804714 0.0635
0 0.8172465394687617 0.369 0.049756827534605315 0.069
0 0.7719790497568275 0.32125 0.056490834268612046 0.0675
0 0.8209876543209876 0.3025 0.0512532734754957 0.064
0 0.8578376356154134 0.3455 0.051627384960718295 0.062
0 0.7624392068836513 0.22975 0.055368499812944255 0.0695
0 0.710811821922933 0.15725 0.04638982416760194 0.0625
0 0.7609427609427609 0.1655 0.04638982416760194 0.068
0 0.7600074822297045 0.08575 0.046763935652824544 0.0695
0 0.81556303778526 0.1255 0.04713804713804714 0.059
0 0.8101384212495324 0.19525 0.046763935652824544 0.0605
0 0.8391320613542835 0.25075 0.04788627010849233 0.0645
0 0.8533482977927422 0.1575 0.048634493078937524 0.07
0 0.9130190796857464 0.22425 0.050505050505050504 0.0675
0 0.9298540965207632 0.25775 0.03554059109614665 0.0525
0 0.9075944631500187 0.29075 0.05910961466517022 0.0655
0 0.9431350542461654 0.31725 0.04564160119715675 0.0665
0 0.9169472502805837 0.36975 0.051627384960718295 0.0685
