0 0.08364591147786947 0.39575 0.07351837959489872 0.0745
0 0.10146286571642911 0.468 0.061140285071267814 0.078
0 0.12021755438859714 0.5415 0.06339084771192798 0.061
0 0.17085521380345087 0.5055 0.05888972243060765 0.065
0 0.19579894973743436 0.4555 0.06676669167291822 0.067
0 0.14966241560390098 0.6105 0.05926481620405101 0.068
0 0.1916729182295574 0.655 0.05101275318829707 0.059
0 0.2376219054763691 0.69125 0.05438859714928732 0.0565
0 0.2128657164291073 0.58525 0.04538634658664666 0.0675
0 0.2608777194298575 0.6155 0.05138784696174044 0.057
0 0.2989497374343586 0.66425 0.05326331582895724 0.0705
0 0.30532633158289574 0.7045 0.05251312828207052 0.045
0 0.359152288072018 0.70775 0.04463615903975994 0.0565
0 0.38484621155288823 0.7575 0.046511627906976744 0.048
0 0.41691672918229555 0.7315 0.055138784696174045 0.049
0 0.39909977494373594 0.685 0.05026256564141035 0.064
0 0.3471492873218305 0.6395 0.046136534133533386 0.045
0 0.32033008252063017 0.596 0.056264066016504126 0.063
0 0.3717179294823706 0.59725 0.04276069017254314 0.0605
0 0.2231807951987997 0.50875 0.06001500375093773 0.0685
0 0.2820705176294073 0.53575 0.051762940735183796 0.0625
0 0.33645911477869467 0.52375 0.05326331582895724 0.0585
0 0.4013503375843961 0.5575 0.05401350337584396 0.065
0 0.41916729182295576 0.6355 0.05138784696174044 0.06
0 0.4529257314328582 0.69725 0.055138784696174045 0.0585
0 0.46774193548387094 0.63575 0.04951237809452363 0.0605
0 0.5200675168792198 0.636 0.055138784696174045 0.054
0 0.49624906226556637 0.58175 0.058514628657164294 0.0555
0 0.4223555888972243 0.51075 0.05476369092273068 0.0705
0 0.4741185296324081 0.52825 0.05101275318829707 0.0655
0 0.3122655663915979 0.46625 0.059639909977494375 0.0715
0 0.27081770442610653 0.43725 0.0555138784696174 0.0565
0 0.23930982745686422 0.383 0.06601650412603151 0.067
0 0.1761065266316579 0.34975 0.0671417854463616 0.0675
0 0.14534883720930233 0.2905 0.0641410352588147 0.072
0 0.2166166541635409 0.30225 0.061140285071267814 0.0765
0 0.18360840210052512 0.189 0.06264066016504126 0.084
0 0.22055513878469618 0.15075 0.06526631657914479 0.0835
0 0.23199549887471868 0.24075 0.06489122280570142 0.0805
0 0.29163540885221306 0.239 0.0603900975243811 0.087
0 0.2903225806451613 0.30475 0.07126781695423856 0.0755
0 0.31376594148537135 0.4035 0.05813953488372093 0.068
0 0.3674043510877719 0.417 0.061140285071267814 0.071
0 0.3794073518379595 0.46125 0.0603900975243811 0.0615
0 0.3355213803450863 0.193 0.059639909977494375 0.097
0 0.3681545386346587 0.25525 0.06939234808702176 0.0765
0 0.35502625656414105 0.318 0.0641410352588147 0.083
0 0.4399849962490623 0.12375 0.0622655663915979 0.0895
0 0.4769317329332333 0.22725 0.05738934733683421 0.0845
0 0.4382970742685671 0.2955 0.05888972243060765 0.086
0 0.4240435108777194 0.34575 0.055138784696174045 0.0765
0 0.43623405851462865 0.42175 0.05401350337584396 0.0845
0 0.47749437359339836 0.36525 0.05476369092273068 0.0825
0 0.5078769692423106 0.43 0.0622655663915979 0.075
0 0.5142535633908477 0.4755 0.0555138784696174 0.066
0 0.5309452363090773 0.5435 0.052138034508627154 0.063
0 0.5624531132783196 0.6085 0.052138034508627154 0.064
0 0.5620780195048762 0.638 0.036384096024006 0.029
0 0.6102775693923481 0.6015 0.04801200300075019 0.063
0 0.5795198799699925 0.534 0.05101275318829707 0.059
0 0.5992123030757689 0.4795 0.04913728432108027 0.067
0 0.5823330832708177 0.41825 0.056639159789947484 0.0685
0 0.5346961740435109 0.35 0.05813953488372093 0.071
0 0.5063765941485371 0.28525 0.05701425356339085 0.0805
0 0.549324831207802 0.23425 0.0641410352588147 0.0775
0 0.5662040510127532 0.28025 0.056639159789947484 0.0725
0 0.5161290322580645 0.158 0.06301575393848462 0.082
0 0.5433233308327082 0.0785 0.06264066016504126 0.081
0 0.5757689422355589 0.1525 0.0555138784696174 0.082
0 0.6363465866466617 0.1985 0.0603900975243811 0.079
0 0.6262190547636909 0.278 0.059639909977494375 0.084
0 0.622093023255814 0.33775 0.055138784696174045 0.0675
0 0.6378469617404351 0.43625 0.05438859714928732 0.0665
0 0.6892348087021756 0.4125 0.05138784696174044 0.076
0 0.6254688672168042 0.535 0.052138034508627154 0.075
0 0.6729182295573893 0.50125 0.05401350337584396 0.0675
0 0.6622280570142536 0.55675 0.04988747186796699 0.0635
0 0.6665416354088523 0.63725 0.05026256564141035 0.0515
0 0.6999249812453113 0.64 0.04126031507876969 0.053
0 0.7308702175543886 0.63325 0.041635408852213056 0.0505
0 0.6956114028507127 0.59175 0.04463615903975994 0.0545
0 0.7055513878469617 0.53575 0.05326331582895724 0.0585
0 0.744748687171793 0.5865 0.05138784696174044 0.053
0 0.7629407351837959 0.558 0.05101275318829707 0.07
0 0.805701425356339 0.5965 0.05251312828207052 0.066
0 0.7912603150787697 0.6405 0.0536384096024006 0.059
0 0.8424606151537885 0.63675 0.042010502625656414 0.0655
0 0.8649662415603901 0.58475 0.04876219054763691 0.0535
0 0.8432108027006752 0.5625 0.04951237809452363 0.06
0 0.8312078019504876 0.5185 0.05326331582895724 0.065
0 0.7873218304576144 0.498 0.046511627906976744 0.071
0 0.7383720930232558 0.504 0.0536384096024006 0.063
0 0.7303075768942235 0.425 0.04951237809452363 0.07
0 0.794073518379595 0.43275 0.05101275318829707 0.0705
0 0.7156789197299325 0.34075 0.0555138784696174 0.0735
0 0.7631282820705176 0.35975 0.047636909227306824 0.0715
0 0.7117404351087772 0.23925 0.05888972243060765 0.0845
0 0.7093023255813954 0.1765 0.06376594148537135 0.073
0 0.7785071267816954 0.236 0.05288822205551388 0.074
0 0.7576894223555889 0.2995 0.05701425356339085 0.076
0 0.8368342085521381 0.1665 0.0622655663915979 0.081
0 0.8428357089272318 0.25775 0.05476369092273068 0.0765
0 0.8193923480870218 0.318 0.0603900975243811 0.067
0 0.8394598649662416 0.37075 0.05026256564141035 0.0685
0 0.90847711927982 0.245 0.0555138784696174 0.084
0 0.8760315078769693 0.32525 0.052138034508627154 0.0815
0 0.8512753188297074 0.44275 0.04988747186796699 0.0675
0 0.8940360090022506 0.40125 0.05288822205551388 0.0625
0 0.9634283570892723 0.40575 0.050637659414853715 0.0645
0 0.8992873218304576 0.453 0.04688672168042011 0.058
0 0.9534883720930233 0.4525 0.04951237809452363 0.044
0 0.9077269317329333 0.5425 0.0555138784696174 0.055
0 0.9444861215303826 0.5215 0.042010502625656414 0.065
