0 0.12378094523630907 0.44375 0.05401350337584396 0.0735
0 0.18060765191297826 0.4745 0.05438859714928732 0.073
0 0.14722430607651912 0.543 0.050637659414853715 0.059
0 0.19523630907726933 0.5505 0.05813953488372093 0.067
0 0.19448612153038258 0.59525 0.061890472618154536 0.0635
0 0.2385596399099775 0.6555 0.056264066016504126 0.066
0 0.24681170292573143 0.599 0.05326331582895724 0.066
0 0.28338334583645913 0.647 0.050637659414853715 0.065
0 0.32914478619654913 0.6785 0.0536384096024006 0.052
0 0.29763690922730685 0.5915 0.05438859714928732 0.068
0 0.3420855213803451 0.60675 0.05776444111027757 0.0625
0 0.3852213053263316 0.63325 0.04876219054763691 0.0655
0 0.35108777194298574 0.54925 0.06451612903225806 0.0685
0 0.4300450112528132 0.6275 0.05738934733683421 0.06
0 0.4109152288072018 0.5675 0.056639159789947484 0.067
0 0.2835708927231808 0.53425 0.06376594148537135 0.0615
0 0.23912228057014254 0.48975 0.056639159789947484 0.0575
0 0.2049887471867967 0.418 0.0603900975243811 0.077
0 0.25712678169542386 0.454 0.061890472618154536 0.075
0 0.14084771192798198 0.37725 0.06639159789947487 0.0735
0 0.18604651162790697 0.305 0.05326331582895724 0.083
0 0.222993248312078 0.297 0.07014253563390847 0.091
0 0.25206301575393847 0.37225 0.0622655663915979 0.0835
0 0.3148912228057014 0.376 0.0603900975243811 0.083
0 0.3182670667666917 0.4755 0.0641410352588147 0.07
0 0.3825956489122281 0.48325 0.058514628657164294 0.0645
0 0.3700300075018755 0.41825 0.06264066016504126 0.0765
0 0.29369842460615153 0.28725 0.05926481620405101 0.0925
0 0.35352588147036756 0.3235 0.06264066016504126 0.089
0 0.40003750937734434 0.37275 0.06789197299324831 0.0895
0 0.4071642910727682 0.3035 0.0671417854463616 0.091
0 0.44804951237809454 0.40975 0.06339084771192798 0.0745
0 0.4731807951987997 0.3135 0.06339084771192798 0.081
0 0.5163165791447862 0.26025 0.06939234808702176 0.0955
0 0.5496999249812453 0.318 0.06639159789947487 0.076
0 0.5166916729182296 0.38075 0.06264066016504126 0.0795
0 0.4857464366091523 0.47525 0.05476369092273068 0.0775
0 0.4317329332333083 0.5085 0.06451612903225806 0.083
0 0.47843210802700675 0.55075 0.05438859714928732 0.0715
0 0.48255813953488375 0.6045 0.05588897224306077 0.054
0 0.5303825956489122 0.60075 0.05926481620405101 0.0595
0 0.590960240060015 0.615 0.056639159789947484 0.057
0 0.5838334583645911 0.559 0.05588897224306077 0.069
0 0.5311327831957989 0.51125 0.04951237809452363 0.0715
0 0.5532633158289573 0.46625 0.05701425356339085 0.0725
0 0.6204051012753188 0.41125 0.06451612903225806 0.0795
0 0.5868342085521381 0.26 0.0708927231807952 0.094
0 0.6170292573143286 0.3305 0.07426856714178545 0.083
0 0.613278319579895 0.472 0.06601650412603151 0.073
0 0.6429107276819205 0.554 0.0622655663915979 0.073
0 0.6504126031507877 0.592 0.056264066016504126 0.062
0 0.6800450112528132 0.28925 0.07801950487621906 0.0915
0 0.7134283570892723 0.362 0.0690172543135784 0.089
0 0.68192048012003 0.41175 0.06301575393848462 0.0795
0 0.6946736684171043 0.49825 0.06526631657914479 0.0725
0 0.7143660915228808 0.587 0.06639159789947487 0.071
0 0.6965491372843211 0.61275 0.06001500375093773 0.0655
0 0.7621905476369092 0.54025 0.06751687921980495 0.0705
0 0.7578769692423106 0.58275 0.04838709677419355 0.0545
0 0.8030757689422355 0.54175 0.047261815453863466 0.0715
0 0.8375843960990248 0.46675 0.06376594148537135 0.0675
0 0.8433983495873969 0.4155 0.07314328582145536 0.072
0 0.7665041260315079 0.4215 0.07689422355588897 0.081
0 0.7970742685671418 0.3515 0.07801950487621906 0.085
0 0.7629407351837959 0.27325 0.0690172543135784 0.0885
