0 0.3167666916729182 0.129 0.046136534133533386 0.07
0 0.3649662415603901 0.09275 0.051762940735183796 0.0695
0 0.42966991747936983 0.084 0.043135783945986494 0.069
0 0.47261815453863465 0.0735 0.04801200300075019 0.068
0 0.5069392348087022 0.1425 0.055138784696174045 0.07
0 0.4392348087021755 0.14275 0.047261815453863466 0.0695
0 0.459489872468117 0.21475 0.04951237809452363 0.0715
0 0.4054763690922731 0.19225 0.04576144036009002 0.0665
0 0.36177794448612155 0.1695 0.04688672168042011 0.07
0 0.33083270817704424 0.2175 0.05101275318829707 0.07
0 0.3681545386346587 0.24575 0.04913728432108027 0.0665
0 0.2826331582895724 0.23175 0.04088522130532633 0.0655
0 0.304013503375844 0.278 0.04463615903975994 0.061
0 0.3377719429857464 0.3005 0.04913728432108027 0.067
0 0.38390847711927983 0.3415 0.05138784696174044 0.068
0 0.41597899474868716 0.299 0.05326331582895724 0.065
0 0.4347336834208552 0.36475 0.046511627906976744 0.0625
0 0.2394973743435859 0.29225 0.04688672168042011 0.0565
0 0.25881470367591897 0.32975 0.04576144036009002 0.0725
0 0.22243060765191297 0.34775 0.042010502625656414 0.0645
0 0.20967741935483872 0.4035 0.037509377344336084 0.066
0 0.22993248312078018 0.45725 0.05026256564141035 0.0715
0 0.26669167291822954 0.413 0.0450112528132033 0.066
0 0.3015753938484621 0.37175 0.04276069017254314 0.0735
0 0.350337584396099 0.401 0.05101275318829707 0.069
0 0.4086646661665416 0.4135 0.047636909227306824 0.065
0 0.36627906976744184 0.471 0.05288822205551388 0.071
0 0.3141410352588147 0.49625 0.04688672168042011 0.0685
0 0.2683795948987247 0.488 0.04238559639909977 0.069
0 0.14759939984996248 0.483 0.038634658664666165 0.061
0 0.18192048012003 0.51775 0.04801200300075019 0.0725
0 0.22824456114028507 0.52975 0.04463615903975994 0.0595
0 0.16110277569392348 0.55675 0.04088522130532633 0.0545
0 0.19129782445611404 0.58125 0.04801200300075019 0.0705
0 0.11852963240810202 0.5725 0.0345086271567892 0.047
0 0.1282820705176294 0.6225 0.04351087771942986 0.073
0 0.1839834958739685 0.647 0.046136534133533386 0.071
0 0.13840960240060016 0.69625 0.04576144036009002 0.0705
0 0.1504126031507877 0.75475 0.04576144036009002 0.0625
0 0.19598649662415604 0.71575 0.04463615903975994 0.0625
0 0.2059264816204051 0.77225 0.04351087771942986 0.0615
0 0.24287321830457614 0.77125 0.04538634658664666 0.0615
0 0.23912228057014254 0.62525 0.041635408852213056 0.0645
0 0.2423105776444111 0.67475 0.04276069017254314 0.0605
0 0.28075768942235557 0.7115 0.04913728432108027 0.07
0 0.2788822205551388 0.5805 0.04538634658664666 0.064
0 0.31564141035258814 0.67175 0.04688672168042011 0.0665
0 0.34508627156789196 0.60075 0.046511627906976744 0.0715
0 0.376781695423856 0.64725 0.04688672168042011 0.0725
0 0.4004126031507877 0.693 0.04913728432108027 0.068
0 0.340960240060015 0.736 0.04951237809452363 0.069
0 0.37621905476369094 0.5385 0.05476369092273068 0.062
0 0.39234808702175544 0.589 0.04951237809452363 0.069
0 0.4292948237059265 0.5375 0.05288822205551388 0.065
0 0.4255438859714929 0.47725 0.04838709677419355 0.0615
0 0.4673668417104276 0.4195 0.051762940735183796 0.073
0 0.4876219054763691 0.3595 0.05401350337584396 0.068
0 0.4694298574643661 0.29025 0.05288822205551388 0.0655
0 0.5196924231057765 0.4445 0.0536384096024006 0.074
0 0.47280570142535633 0.4945 0.04838709677419355 0.066
0 0.4848087021755439 0.56475 0.050637659414853715 0.0705
0 0.4414853713428357 0.5905 0.05101275318829707 0.071
0 0.4714928732183046 0.6475 0.05476369092273068 0.074
0 0.4596774193548387 0.716 0.04688672168042011 0.074
0 0.49212303075768943 0.7215 0.05776444111027757 0.071
0 0.4051012753188297 0.76175 0.04426106526631658 0.0725
0 0.382033008252063 0.80375 0.05138784696174044 0.0595
0 0.30026256564141035 0.77525 0.047636909227306824 0.0645
0 0.28113278319579893 0.8225 0.04688672168042011 0.066
0 0.349774943735934 0.84375 0.04013503375843961 0.0625
0 0.3887846961740435 0.8805 0.0536384096024006 0.071
0 0.4367966991747937 0.864 0.05588897224306077 0.075
0 0.44692423105776447 0.79625 0.04838709677419355 0.0735
0 0.5022505626406601 0.8035 0.05101275318829707 0.075
0 0.4941860465116279 0.86875 0.0536384096024006 0.0655
0 0.5266316579144786 0.92825 0.04876219054763691 0.0745
0 0.5782070517629407 0.9295 0.04688672168042011 0.075
0 0.6247186796699175 0.93525 0.055138784696174045 0.0685
0 0.6029632408102026 0.8625 0.059639909977494375 0.074
0 0.5530757689422355 0.85175 0.050637659414853715 0.0705
0 0.5570142535633908 0.783 0.05701425356339085 0.081
0 0.5461365341335334 0.69575 0.046511627906976744 0.0695
0 0.531695423855964 0.62325 0.04988747186796699 0.0715
0 0.5843960990247562 0.644 0.05401350337584396 0.077
0 0.5975243810952738 0.70675 0.058514628657164294 0.0745
0 0.6436609152288072 0.78475 0.05101275318829707 0.0775
0 0.6560390097524381 0.83875 0.04576144036009002 0.0725
0 0.7049887471867967 0.79025 0.05738934733683421 0.0765
0 0.7203675918979745 0.728 0.04988747186796699 0.068
0 0.6609152288072018 0.71425 0.05251312828207052 0.0705
0 0.6385971492873218 0.6505 0.05288822205551388 0.067
0 0.6965491372843211 0.665 0.05026256564141035 0.072
0 0.5602025506376594 0.5755 0.05288822205551388 0.064
0 0.6134658664666166 0.57575 0.0536384096024006 0.0805
0 0.6671042760690172 0.58875 0.050637659414853715 0.0695
0 0.5255063765941486 0.509 0.05101275318829707 0.065
0 0.5860840210052514 0.51275 0.05438859714928732 0.0665
0 0.6492873218304576 0.513 0.05326331582895724 0.068
0 0.6140285071267817 0.45975 0.05476369092273068 0.0715
0 0.5669542385596399 0.4245 0.04838709677419355 0.072
0 0.5528882220555139 0.3585 0.04876219054763691 0.067
0 0.5196924231057765 0.2385 0.04913728432108027 0.065
0 0.5286946736684172 0.28225 0.04988747186796699 0.0755
0 0.5718304576144037 0.25275 0.04838709677419355 0.0645
0 0.5930232558139535 0.30925 0.047261815453863466 0.0665
0 0.6200300075018754 0.37575 0.04801200300075019 0.0765
0 0.663728432108027 0.414 0.052138034508627154 0.074
0 0.6916729182295573 0.47575 0.04951237809452363 0.0715
0 0.7036759189797449 0.54325 0.05776444111027757 0.0655
0 0.7413728432108027 0.60725 0.047636909227306824 0.0725
