0 0.3158289572393098 0.11875 0.0450112528132033 0.0805
0 0.30701425356339085 0.16925 0.034133533383345835 0.0605
0 0.32333083270817703 0.2015 0.04576144036009002 0.073
0 0.36440360090022506 0.1875 0.032633158289572396 0.079
0 0.3850337584396099 0.18875 0.04463615903975994 0.0845
0 0.29744936234058517 0.20575 0.012753188297074268 0.0225
0 0.30776444111027756 0.244 0.04088522130532633 0.071
0 0.4405476369092273 0.13025 0.056639159789947484 0.0965
0 0.5474493623405852 0.074 0.06564141035258815 0.107
0 0.48874718679669915 0.1965 0.05476369092273068 0.093
0 0.549324831207802 0.1705 0.06264066016504126 0.094
0 0.3649662415603901 0.263 0.04276069017254314 0.073
0 0.39741185296324083 0.2585 0.03563390847711928 0.074
0 0.4232933233308327 0.25425 0.03788447111777944 0.0815
0 0.48893473368342083 0.28225 0.04838709677419355 0.0845
0 0.5532633158289573 0.262 0.0450112528132033 0.086
0 0.5245686421605401 0.3465 0.05588897224306077 0.074
0 0.4808702175543886 0.36325 0.04576144036009002 0.0755
0 0.43285821455363843 0.32225 0.05101275318829707 0.0745
0 0.3237059264816204 0.30875 0.037509377344336084 0.0635
0 0.3058889722430608 0.299 0.03188297074268567 0.064
0 0.27325581395348836 0.2845 0.03563390847711928 0.066
0 0.26875468867216806 0.33375 0.028882220555138786 0.0585
0 0.2933233308327082 0.352 0.035258814703675916 0.066
0 0.3387096774193548 0.357 0.03675918979744936 0.051
0 0.3659039759939985 0.374 0.03563390847711928 0.064
0 0.41260315078769694 0.3985 0.03600900225056264 0.07
0 0.445423855963991 0.3985 0.04463615903975994 0.079
0 0.48705926481620404 0.4315 0.04088522130532633 0.075
0 0.54576144036009 0.42225 0.047261815453863466 0.0745
0 0.2852588147036759 0.40475 0.02663165791447862 0.0655
0 0.326894223555889 0.4135 0.030382595648912228 0.062
0 0.35765191297824456 0.40375 0.028882220555138786 0.0575
0 0.3524006001500375 0.45575 0.034133533383345835 0.0605
0 0.3842835708927232 0.4405 0.04238559639909977 0.066
0 0.44973743435858965 0.47275 0.04276069017254314 0.0685
0 0.4932483120780195 0.498 0.04126031507876969 0.074
0 0.5339459864966242 0.49275 0.04238559639909977 0.0765
0 0.3073893473368342 0.4555 0.030382595648912228 0.06
0 0.3336459114778695 0.49725 0.028882220555138786 0.0575
0 0.3244561140285071 0.51375 0.03150787696924231 0.0525
0 0.3724681170292573 0.51225 0.03150787696924231 0.0605
0 0.38897224306076517 0.49875 0.033008252063015754 0.0655
0 0.41504126031507876 0.503 0.041635408852213056 0.063
0 0.4662415603900975 0.533 0.04426106526631658 0.063
0 0.52344336084021 0.564 0.04838709677419355 0.072
0 0.36721680420105024 0.5685 0.035258814703675916 0.059
0 0.3975993998499625 0.55725 0.035258814703675916 0.0555
0 0.4214178544636159 0.55375 0.04238559639909977 0.0585
0 0.3977869467366842 0.61925 0.038634658664666165 0.0635
0 0.4307951987996999 0.60575 0.03938484621155289 0.0625
0 0.4684921230307577 0.599 0.04051012753188297 0.069
0 0.4988747186796699 0.59 0.037509377344336084 0.061
0 0.4351087771942986 0.6595 0.03900975243810953 0.06
0 0.46830457614403603 0.65875 0.03938484621155289 0.0595
0 0.5069392348087022 0.649 0.03563390847711928 0.068
0 0.5468867216804201 0.6425 0.047261815453863466 0.071
0 0.4521755438859715 0.7175 0.03488372093023256 0.055
0 0.4951237809452363 0.7085 0.04126031507876969 0.051
0 0.4461740435108777 0.754 0.032633158289572396 0.057
0 0.46211552888222057 0.79725 0.033008252063015754 0.0515
0 0.48705926481620404 0.7965 0.038634658664666165 0.066
0 0.5031882970742686 0.7545 0.034133533383345835 0.056
0 0.5346961740435109 0.75275 0.03938484621155289 0.0665
0 0.5331957989497375 0.79575 0.04013503375843961 0.0535
0 0.5281320330082521 0.8305 0.0345086271567892 0.052
0 0.5806451612903226 0.2375 0.06451612903225806 0.107
0 0.640847711927982 0.1945 0.07764441110277569 0.115
0 0.6702925731432858 0.28975 0.07351837959489872 0.1065
0 0.5941485371342836 0.333 0.058514628657164294 0.08
0 0.586271567891973 0.4195 0.05776444111027757 0.088
0 0.653788447111778 0.3635 0.06601650412603151 0.089
0 0.7494373593398349 0.374 0.08252063015753938 0.106
0 0.6442235558889723 0.45175 0.06639159789947487 0.1025
0 0.577456864216054 0.49425 0.05438859714928732 0.0765
0 0.7074268567141786 0.442 0.07201800450112528 0.097
0 0.8233308327081771 0.41 0.0900225056264066 0.103
0 0.858027006751688 0.49875 0.08664666166541636 0.0965
0 0.7668792198049512 0.513 0.07989497374343586 0.093
0 0.6916729182295573 0.52175 0.07426856714178545 0.0865
0 0.6363465866466617 0.53275 0.05738934733683421 0.0825
0 0.5813953488372093 0.55425 0.05101275318829707 0.0645
0 0.577456864216054 0.60575 0.04988747186796699 0.0765
0 0.6340960240060015 0.5945 0.050637659414853715 0.067
0 0.7031132783195799 0.58125 0.0671417854463616 0.0745
0 0.7706301575393848 0.58525 0.0708927231807952 0.0805
0 0.8561515378844711 0.594 0.07689422355588897 0.09
0 0.8223930982745686 0.658 0.07464366091522881 0.086
0 0.7473743435858965 0.64325 0.07014253563390847 0.0775
0 0.6909227306826706 0.62275 0.046511627906976744 0.0705
0 0.6297824456114028 0.6935 0.056264066016504126 0.066
0 0.6862340585146287 0.695 0.059639909977494375 0.068
0 0.5662040510127532 0.7055 0.04388597149287322 0.063
0 0.5761440360090022 0.75975 0.0450112528132033 0.0655
0 0.5652663165791448 0.8005 0.03975993998499625 0.048
0 0.5978994748687172 0.82275 0.04951237809452363 0.0605
0 0.6087771942985747 0.76075 0.05401350337584396 0.0615
0 0.659039759939985 0.75725 0.05326331582895724 0.0685
0 0.6661665416354089 0.80575 0.05101275318829707 0.0725
0 0.7164291072768192 0.782 0.05326331582895724 0.069
0 0.7614403600900225 0.75175 0.05701425356339085 0.0745
0 0.8165791447861965 0.7655 0.06601650412603151 0.083
0 0.8782820705176294 0.81575 0.07389347336834208 0.0855
