0 0.10690172543135784 0.3755 0.07876969242310577 0.095
0 0.13653413353338334 0.311 0.07876969242310577 0.094
0 0.19411102775693923 0.402 0.061890472618154536 0.083
0 0.23518379594898725 0.45675 0.0622655663915979 0.0855
0 0.24943735933983496 0.36175 0.07126781695423856 0.0865
0 0.2233683420855214 0.24675 0.07314328582145536 0.0955
0 0.30532633158289574 0.2385 0.07426856714178545 0.1
0 0.36196549137284323 0.1965 0.06751687921980495 0.099
0 0.40266316579144784 0.28225 0.06639159789947487 0.0915
0 0.45817704426106526 0.2325 0.05588897224306077 0.089
0 0.4671792948237059 0.3185 0.06489122280570142 0.089
0 0.536946736684171 0.3895 0.07989497374343586 0.099
0 0.5620780195048762 0.32575 0.059639909977494375 0.0815
0 0.5609527381845462 0.23025 0.06789197299324831 0.1035
0 0.6065266316579144 0.25375 0.05251312828207052 0.0975
0 0.6517254313578394 0.258 0.06339084771192798 0.096
0 0.7003000750187547 0.2395 0.0622655663915979 0.081
0 0.7064891222805701 0.32425 0.07164291072768192 0.0795
0 0.6136534133533383 0.3405 0.056264066016504126 0.081
0 0.6389722430607652 0.35325 0.050637659414853715 0.0795
0 0.6896099024756189 0.39425 0.061890472618154536 0.0655
0 0.7503750937734434 0.4095 0.059639909977494375 0.083
0 0.7897599399849963 0.3195 0.05888972243060765 0.065
0 0.8027006751687922 0.3835 0.05251312828207052 0.072
0 0.8113278319579895 0.44375 0.04951237809452363 0.0655
0 0.8100150037509377 0.23925 0.0708927231807952 0.0955
0 0.8426481620405101 0.30325 0.050637659414853715 0.0785
0 0.844523630907727 0.35625 0.041635408852213056 0.0715
0 0.3351462865716429 0.32075 0.061890472618154536 0.0915
0 0.40922730682670666 0.372 0.06151537884471118 0.081
0 0.3411477869467367 0.4105 0.05888972243060765 0.093
0 0.30795198799699924 0.469 0.06526631657914479 0.07
0 0.122655663915979 0.49325 0.07576894223555888 0.0945
0 0.1946736684171043 0.50875 0.07126781695423856 0.0845
0 0.24399849962490622 0.56475 0.06864216054013503 0.0955
0 0.21567891972993247 0.6335 0.06676669167291822 0.088
0 0.286384096024006 0.65225 0.06864216054013503 0.0865
0 0.3017629407351838 0.5885 0.07614403600900226 0.094
0 0.3582145536384096 0.516 0.0622655663915979 0.089
0 0.39141035258814705 0.44875 0.059639909977494375 0.0845
0 0.4549887471867967 0.447 0.0622655663915979 0.088
0 0.4491747936984246 0.52775 0.06339084771192798 0.0735
0 0.3994748687171793 0.5795 0.06676669167291822 0.078
0 0.37134283570892723 0.64625 0.06151537884471118 0.0845
0 0.36102775693923483 0.718 0.05888972243060765 0.071
0 0.41916729182295576 0.7335 0.059639909977494375 0.071
0 0.450112528132033 0.697 0.07051762940735183 0.077
0 0.47505626406601653 0.62325 0.06789197299324831 0.0895
0 0.5015003750937734 0.67575 0.05776444111027757 0.0735
0 0.5211927981995499 0.74975 0.05888972243060765 0.0795
0 0.5902100525131283 0.72875 0.06489122280570142 0.0635
0 0.5840210052513128 0.79325 0.05101275318829707 0.0695
0 0.6067141785446362 0.6735 0.059639909977494375 0.088
0 0.5125656414103525 0.54725 0.05588897224306077 0.0795
0 0.555701425356339 0.58275 0.059639909977494375 0.0785
0 0.5133158289572393 0.4545 0.05438859714928732 0.067
0 0.5500750187546887 0.495 0.0536384096024006 0.078
0 0.5753938484621155 0.41475 0.04951237809452363 0.0845
0 0.6245311327831958 0.43425 0.06151537884471118 0.0845
0 0.635596399099775 0.5245 0.05888972243060765 0.082
0 0.6237809452363091 0.58775 0.05251312828207052 0.0785
0 0.7179294823705926 0.598 0.056264066016504126 0.087
0 0.6905476369092273 0.6645 0.05776444111027757 0.089
0 0.6577269317329333 0.73425 0.0603900975243811 0.0745
0 0.7293698424606152 0.73375 0.050637659414853715 0.0665
0 0.8042010502625656 0.729 0.06976744186046512 0.088
0 0.871530382595649 0.71175 0.06339084771192798 0.0855
0 0.8743435858964741 0.77925 0.06301575393848462 0.0615
0 0.8480870217554388 0.842 0.05401350337584396 0.086
0 0.7349962490622656 0.49425 0.05813953488372093 0.0895
0 0.7914478619654913 0.559 0.06451612903225806 0.095
0 0.8304576144036009 0.59075 0.060765191297824456 0.0795
