0 0.38458660680882906 0.1165 0.041900486344930786 0.054
0 0.429105873550318 0.082 0.03666292555181444 0.052
0 0.46315001870557426 0.0615 0.04564160119715675 0.051
0 0.36980920314253646 0.23225 0.046763935652824544 0.0585
0 0.3982416760194538 0.188 0.04451926674148896 0.056
0 0.4279835390946502 0.14925 0.041900486344930786 0.0465
0 0.46502057613168724 0.10725 0.04564160119715675 0.0575
0 0.5082304526748971 0.1045 0.03853348297792742 0.057
0 0.46333707444818556 0.1595 0.04826038159371493 0.062
0 0.5271230826786383 0.1295 0.04264870931537598 0.065
0 0.6053123830901609 0.0775 0.04713804713804714 0.069
0 0.5669659558548448 0.12025 0.040778151889263 0.0545
0 0.6352413019079686 0.117 0.03890759446315002 0.057
0 0.5183314627759072 0.1865 0.04152637485970819 0.061
0 0.5654695099139544 0.1625 0.04377104377104377 0.054
0 0.622895622895623 0.16975 0.04564160119715675 0.0505
0 0.6423494201271979 0.21375 0.04264870931537598 0.0595
0 0.5838009726898615 0.215 0.04302282080059858 0.066
0 0.4167601945379723 0.2325 0.04264870931537598 0.056
0 0.47568275346053124 0.2265 0.04526748971193416 0.064
0 0.5067340067340067 0.25425 0.04451926674148896 0.0535
0 0.5420875420875421 0.2495 0.03666292555181444 0.051
0 0.45435839880284323 0.2785 0.04451926674148896 0.056
0 0.5336700336700336 0.288 0.04751215862326973 0.067
0 0.5766928544706322 0.27075 0.04900860456416012 0.0505
0 0.6139169472502806 0.258 0.04339693228582117 0.048
0 0.6567527123082678 0.2865 0.04302282080059858 0.061
0 0.41264496820052377 0.29425 0.04339693228582117 0.0595
0 0.328095772540217 0.333 0.048634493078937524 0.058
0 0.37373737373737376 0.33375 0.04564160119715675 0.0625
0 0.4156378600823045 0.36425 0.04339693228582117 0.0585
0 0.4489337822671156 0.32975 0.04414515525626637 0.0515
0 0.6073699962588851 0.31675 0.04451926674148896 0.0565
0 0.7115600448933782 0.3265 0.04339693228582117 0.056
0 0.6404788627010849 0.3565 0.04638982416760194 0.062
0 0.6797605686494576 0.3695 0.04339693228582117 0.058
0 0.7100635989524878 0.40625 0.04489337822671156 0.0565
0 0.5613542835765059 0.3575 0.04601571268237935 0.056
0 0.6593714927048261 0.42225 0.04152637485970819 0.0615
0 0.7476618032173588 0.45325 0.04526748971193416 0.0565
0 0.48709315375982043 0.36275 0.04788627010849233 0.0515
0 0.5269360269360269 0.38225 0.04227459783015339 0.0535
0 0.5686494575383464 0.4055 0.04638982416760194 0.06
0 0.6131687242798354 0.4005 0.041900486344930786 0.054
0 0.6118593340815563 0.4575 0.04377104377104377 0.055
0 0.6930415263748597 0.46825 0.04526748971193416 0.0535
0 0.7630003741114852 0.495 0.03853348297792742 0.053
0 0.3277216610549944 0.3975 0.0508791619902731 0.063
0 0.3778526000748223 0.39825 0.04788627010849233 0.0585
0 0.2931163486719042 0.4475 0.046763935652824544 0.06
0 0.35260007482229705 0.44 0.04377104377104377 0.06
0 0.4481855592966704 0.41475 0.04788627010849233 0.0625
0 0.5031799476243921 0.427 0.048634493078937524 0.061
0 0.5495697717919941 0.4555 0.04788627010849233 0.056
0 0.40198279087167976 0.45575 0.04451926674148896 0.0555
0 0.4685746352413019 0.47 0.04751215862326973 0.061
0 0.2762813318368874 0.49025 0.034044145155256264 0.0385
0 0.3065843621399177 0.517 0.04751215862326973 0.064
0 0.3482977927422372 0.50525 0.04788627010849233 0.0615
0 0.3997381219603442 0.5045 0.04601571268237935 0.061
0 0.4405162738496072 0.508 0.04377104377104377 0.053
0 0.4831649831649832 0.5245 0.046763935652824544 0.061
0 0.5256266367377479 0.51725 0.04489337822671156 0.0625
0 0.5817433595211373 0.494 0.04264870931537598 0.061
0 0.621773288439955 0.523 0.04564160119715675 0.064
0 0.6608679386457165 0.51125 0.046763935652824544 0.0635
0 0.7093153759820426 0.51925 0.04489337822671156 0.0585
0 0.742798353909465 0.54725 0.03778526000748223 0.0535
0 0.5606060606060606 0.5555 0.04377104377104377 0.062
0 0.5998877665544332 0.575 0.04377104377104377 0.055
0 0.6651702207257763 0.57325 0.04788627010849233 0.0605
0 0.700710811821923 0.578 0.041900486344930786 0.066
0 0.7383090160867939 0.6135 0.04451926674148896 0.06
0 0.7130564908342686 0.65275 0.041900486344930786 0.0625
0 0.6442199775533108 0.6145 0.04564160119715675 0.054
0 0.5089786756453423 0.5805 0.04751215862326973 0.057
0 0.5561167227833894 0.61575 0.050505050505050504 0.0645
0 0.5944631500187055 0.6315 0.03741114852225964 0.059
0 0.6193415637860082 0.678 0.046763935652824544 0.064
0 0.6582491582491582 0.66925 0.040029928918817806 0.0535
0 0.6928544706322484 0.72425 0.04489337822671156 0.0595
0 0.732136176580621 0.7075 0.04489337822671156 0.057
0 0.32959221848110737 0.60925 0.051627384960718295 0.0665
0 0.25869809203142535 0.7185 0.04900860456416012 0.065
0 0.36962214739992516 0.65075 0.04713804713804714 0.0585
0 0.4792368125701459 0.61775 0.04564160119715675 0.0665
0 0.30808080808080807 0.696 0.04377104377104377 0.058
0 0.4004863449307894 0.69625 0.04152637485970819 0.0655
0 0.44350916573138793 0.68475 0.04227459783015339 0.0665
0 0.4895248784137673 0.6915 0.04826038159371493 0.063
0 0.5188926300037411 0.648 0.04564160119715675 0.065
0 0.2989150766928545 0.75725 0.048634493078937524 0.0625
0 0.27964833520389076 0.81125 0.04451926674148896 0.0605
0 0.29741863075196406 0.88 0.04713804713804714 0.068
0 0.34287317620650953 0.89525 0.04826038159371493 0.0735
0 0.4104002992891882 0.834 0.04788627010849233 0.066
0 0.43097643097643096 0.746 0.04938271604938271 0.065
0 0.5340441451552562 0.70625 0.04601571268237935 0.0695
0 0.575944631500187 0.6825 0.052749719416386086 0.066
0 0.5020576131687243 0.74625 0.05312383090160868 0.0685
0 0.5995136550692106 0.72825 0.04900860456416012 0.0585
0 0.6475869809203143 0.72975 0.04938271604938271 0.0625
0 0.40404040404040403 0.892 0.04564160119715675 0.062
0 0.466142910587355 0.81025 0.04938271604938271 0.0655
0 0.5185185185185185 0.80175 0.04713804713804714 0.0625
0 0.5607931163486719 0.76 0.04339693228582117 0.064
0 0.45248784137673026 0.864 0.049756827534605315 0.063
0 0.49513655069210627 0.8435 0.049756827534605315 0.063
0 0.5158997381219603 0.90025 0.04564160119715675 0.0545
0 0.542648709315376 0.85175 0.049756827534605315 0.0665
0 0.5895997007108118 0.828 0.0411522633744856 0.066
0 0.6163486719042275 0.7845 0.046763935652824544 0.058
0 0.6795735129068462 0.7825 0.04302282080059858 0.064
0 0.7263374485596708 0.76275 0.04377104377104377 0.0635
0 0.5675271230826786 0.88625 0.041900486344930786 0.0585
0 0.55331088664422 0.924 0.04938271604938271 0.066
0 0.6313131313131313 0.8455 0.04900860456416012 0.06
0 0.6225215114104004 0.89925 0.04339693228582117 0.0595
0 0.5918443696221474 0.9315 0.041900486344930786 0.058
0 0.63112607557052 0.9545 0.04339693228582117 0.058
0 0.668163112607557 0.91825 0.04489337822671156 0.0585
0 0.6719042274597831 0.852 0.04339693228582117 0.055
0 0.7080059857837636 0.819 0.04377104377104377 0.06
0 0.3445566778900112 0.708 0.05013093901982791 0.059
