0 0.16654163540885222 0.67975 0.04801200300075019 0.0725
0 0.17779444861215304 0.74225 0.04576144036009002 0.0635
0 0.22111777944486122 0.743 0.05588897224306077 0.085
0 0.17704426106526633 0.60825 0.04951237809452363 0.0645
0 0.23068267066766693 0.64475 0.06526631657914479 0.0785
0 0.2644411102775694 0.684 0.05251312828207052 0.075
0 0.27663165791447863 0.7485 0.052138034508627154 0.07
0 0.31957989497374345 0.788 0.0622655663915979 0.066
0 0.39309827456864216 0.74525 0.051762940735183796 0.0715
0 0.3177044261065266 0.7005 0.05701425356339085 0.074
0 0.377344336084021 0.689 0.05401350337584396 0.063
0 0.4356714178544636 0.71625 0.05888972243060765 0.0695
0 0.47430607651912976 0.75675 0.05288822205551388 0.0675
0 0.527006751687922 0.77025 0.05776444111027757 0.0775
0 0.4932483120780195 0.6865 0.060765191297824456 0.068
0 0.4808702175543886 0.62425 0.05476369092273068 0.0765
0 0.42441860465116277 0.64575 0.056639159789947484 0.0745
0 0.37115528882220555 0.6125 0.052138034508627154 0.068
0 0.3034508627156789 0.618 0.06001500375093773 0.076
0 0.25806451612903225 0.55025 0.06001500375093773 0.0745
0 0.1984246061515379 0.572 0.05701425356339085 0.069
0 0.2222430607651913 0.495 0.06339084771192798 0.075
0 0.23237059264816204 0.421 0.061890472618154536 0.078
0 0.25975243810952736 0.345 0.055138784696174045 0.086
0 0.3013878469617404 0.4215 0.05813953488372093 0.084
0 0.28675918979744935 0.4925 0.0603900975243811 0.076
0 0.31807951987997 0.55025 0.05776444111027757 0.0665
0 0.3675918979744936 0.492 0.06301575393848462 0.079
0 0.37978244561140284 0.55125 0.05438859714928732 0.0635
0 0.43135783945986494 0.58025 0.06826706676669167 0.0815
0 0.44111027756939236 0.49725 0.058514628657164294 0.0775
0 0.3606526631657914 0.41475 0.061890472618154536 0.0825
0 0.3302700675168792 0.347 0.061140285071267814 0.083
0 0.3038259564891223 0.27275 0.0555138784696174 0.0765
0 0.3537134283570893 0.2855 0.0622655663915979 0.087
0 0.40753938484621155 0.34425 0.05738934733683421 0.0835
0 0.45461365341335336 0.3205 0.06451612903225806 0.092
0 0.4240435108777194 0.236 0.05738934733683421 0.089
0 0.45573893473368343 0.17 0.06976744186046512 0.099
0 0.5076894223555889 0.246 0.061140285071267814 0.086
0 0.5566391597899475 0.178 0.07051762940735183 0.098
0 0.59152288072018 0.238 0.05476369092273068 0.075
0 0.5935858964741185 0.3165 0.05438859714928732 0.085
0 0.531695423855964 0.3185 0.056639159789947484 0.077
0 0.5003750937734434 0.3805 0.046511627906976744 0.073
0 0.44036009002250565 0.4195 0.06451612903225806 0.085
0 0.4904351087771943 0.46475 0.055138784696174045 0.0655
0 0.5444486121530383 0.447 0.0603900975243811 0.086
0 0.5977119279819955 0.469 0.05588897224306077 0.076
0 0.5932108027006752 0.39275 0.05813953488372093 0.0735
0 0.6519129782445612 0.41375 0.05926481620405101 0.0725
0 0.6504126031507877 0.333 0.060765191297824456 0.084
0 0.6616654163540885 0.2525 0.06751687921980495 0.084
0 0.6192798199549887 0.156 0.060765191297824456 0.086
0 0.6717929482370593 0.17125 0.0555138784696174 0.0755
0 0.4932483120780195 0.55275 0.05476369092273068 0.0715
0 0.5461365341335334 0.55125 0.056264066016504126 0.0795
0 0.6024006001500375 0.57375 0.06451612903225806 0.0705
0 0.5403225806451613 0.6245 0.061140285071267814 0.082
0 0.5521380345086272 0.686 0.0555138784696174 0.069
0 0.609152288072018 0.703 0.05476369092273068 0.074
0 0.581582895723931 0.75075 0.05288822205551388 0.0725
0 0.6340960240060015 0.765 0.05888972243060765 0.075
0 0.6776069017254314 0.6895 0.061140285071267814 0.076
0 0.6950487621905477 0.75925 0.0555138784696174 0.0655
0 0.6611027756939235 0.595 0.05738934733683421 0.07
0 0.6485371342835708 0.52275 0.06676669167291822 0.0745
0 0.7025506376594148 0.4885 0.06376594148537135 0.079
0 0.718304576144036 0.56275 0.06451612903225806 0.0655
0 0.7199924981245311 0.63575 0.059639909977494375 0.0825
0 0.7106151537884471 0.40625 0.05288822205551388 0.0755
0 0.7134283570892723 0.33375 0.06376594148537135 0.0845
0 0.7644411102775694 0.33325 0.04576144036009002 0.0815
0 0.7393098274568642 0.2515 0.06301575393848462 0.09
0 0.7871342835708928 0.212 0.05738934733683421 0.088
0 0.8353338334583645 0.25475 0.05251312828207052 0.0705
0 0.8940360090022506 0.3085 0.061140285071267814 0.086
0 0.8503375843960991 0.336 0.05926481620405101 0.083
0 0.8411477869467366 0.41025 0.052138034508627154 0.0775
0 0.8225806451612904 0.45925 0.07051762940735183 0.0935
0 0.7704426106526632 0.52075 0.05401350337584396 0.0765
0 0.8306451612903226 0.57375 0.05813953488372093 0.0755
0 0.7886346586646662 0.62 0.06789197299324831 0.08
0 0.8021380345086272 0.68225 0.0536384096024006 0.0765
0 0.732933233308327 0.699 0.06376594148537135 0.067
0 0.7496249062265566 0.7555 0.0536384096024006 0.061
0 0.804013503375844 0.7665 0.04988747186796699 0.065
0 0.8520255063765941 0.72775 0.04838709677419355 0.0795
0 0.8756564141035259 0.67175 0.06564141035258815 0.0725
0 0.9067891972993248 0.60325 0.06864216054013503 0.0805
0 0.9287321830457614 0.531 0.06826706676669167 0.068
0 0.8947861965491373 0.475 0.05888972243060765 0.074
0 0.832145536384096 0.49625 0.06639159789947487 0.0655
0 0.6093398349587397 0.64125 0.059639909977494375 0.0755
