0 0.12190547636909227 0.572 0.07651912978244561 0.086
0 0.16785446361590398 0.6435 0.0708927231807952 0.075
0 0.22786946736684172 0.6325 0.07239309827456865 0.082
0 0.2828207051762941 0.66525 0.06676669167291822 0.0865
0 0.32970742685671417 0.71225 0.06001500375093773 0.0755
0 0.31864216054013506 0.61475 0.05888972243060765 0.0845
0 0.18454613653413354 0.545 0.07051762940735183 0.082
0 0.23162040510127532 0.5205 0.06264066016504126 0.082
0 0.3225806451612903 0.51025 0.07876969242310577 0.0885
0 0.1301575393848462 0.4725 0.07201800450112528 0.076
0 0.13372093023255813 0.3885 0.07914478619654913 0.1
0 0.18304576144036008 0.34625 0.07651912978244561 0.0925
0 0.24174793698424607 0.24625 0.07689422355588897 0.1025
0 0.27813203300825207 0.33825 0.06789197299324831 0.0895
0 0.26462865716429107 0.42925 0.07239309827456865 0.0925
0 0.3336459114778695 0.42 0.06789197299324831 0.09
0 0.3486496624156039 0.348 0.0671417854463616 0.092
0 0.3117029257314329 0.25575 0.07201800450112528 0.0855
0 0.26894223555888974 0.15425 0.07426856714178545 0.0975
0 0.3537134283570893 0.155 0.06601650412603151 0.099
0 0.38840960240060013 0.088 0.06564141035258815 0.09
0 0.4604276069017254 0.071 0.07839459864966242 0.104
0 0.42273068267066766 0.1665 0.06451612903225806 0.079
0 0.37865716429107277 0.22925 0.07464366091522881 0.0895
0 0.4553638409602401 0.243 0.07126781695423856 0.106
0 0.422543135783946 0.32425 0.0708927231807952 0.0945
0 0.38915978994748684 0.41075 0.06339084771192798 0.0915
0 0.4508627156789197 0.398 0.06451612903225806 0.088
0 0.41597899474868716 0.49225 0.05776444111027757 0.0835
0 0.40247561890472616 0.5685 0.06151537884471118 0.084
0 0.37865716429107277 0.622 0.059639909977494375 0.08
0 0.42198049512378094 0.7025 0.06151537884471118 0.081
0 0.481807951987997 0.67125 0.05588897224306077 0.0745
0 0.532258064516129 0.7025 0.06151537884471118 0.077
0 0.4703675918979745 0.59375 0.056264066016504126 0.0785
0 0.5210052513128282 0.608 0.051762940735183796 0.079
0 0.5043135783945987 0.5095 0.04913728432108027 0.077
0 0.47674418604651164 0.46225 0.056264066016504126 0.0705
0 0.5241935483870968 0.39925 0.061890472618154536 0.0815
0 0.4964366091522881 0.32425 0.06339084771192798 0.0795
0 0.5208177044261065 0.22775 0.059639909977494375 0.0845
0 0.5692048012003 0.1685 0.06639159789947487 0.089
0 0.6087771942985747 0.274 0.05701425356339085 0.088
0 0.5804576144036009 0.35075 0.06489122280570142 0.0895
0 0.5662040510127532 0.46625 0.055138784696174045 0.0815
0 0.5776444111027756 0.54525 0.05776444111027757 0.0805
0 0.5778319579894974 0.64175 0.05813953488372093 0.0685
0 0.6243435858964741 0.6865 0.05138784696174044 0.07
0 0.681357839459865 0.647 0.05588897224306077 0.075
0 0.7231807951987997 0.64525 0.046511627906976744 0.0665
0 0.6340960240060015 0.60425 0.056639159789947484 0.0735
0 0.6770442610652663 0.5845 0.04951237809452363 0.076
0 0.6354088522130532 0.5295 0.05776444111027757 0.079
0 0.6252813203300825 0.44775 0.05251312828207052 0.0735
0 0.6839834958739685 0.474 0.04988747186796699 0.083
0 0.7381845461365342 0.58675 0.05326331582895724 0.0805
0 0.7179294823705926 0.508 0.05401350337584396 0.071
0 0.6307201800450113 0.3615 0.056639159789947484 0.079
0 0.6828582145536384 0.39175 0.061140285071267814 0.0865
0 0.7430607651912978 0.4525 0.058514628657164294 0.077
0 0.7469992498124531 0.36875 0.05588897224306077 0.0755
0 0.6712303075768942 0.28075 0.061140285071267814 0.0885
0 0.7291822955738935 0.31025 0.05926481620405101 0.0935
0 0.6618529632408102 0.1885 0.0671417854463616 0.095
0 0.7211177794448612 0.20725 0.0641410352588147 0.0895
0 0.755251312828207 0.1475 0.061140285071267814 0.093
0 0.8302700675168793 0.213 0.059639909977494375 0.084
0 0.791072768192048 0.3035 0.05776444111027757 0.085
0 0.808702175543886 0.37275 0.06526631657914479 0.0905
0 0.8049512378094523 0.4575 0.0555138784696174 0.091
0 0.7876969242310577 0.539 0.06676669167291822 0.076
0 0.8475243810952738 0.2945 0.06864216054013503 0.085
0 0.863278319579895 0.4315 0.055138784696174045 0.072
0 0.9201050262565641 0.47575 0.05926481620405101 0.0745
0 0.8383345836459115 0.47725 0.05251312828207052 0.0715
0 0.8623405851462865 0.54725 0.05251312828207052 0.0775
0 0.9124156039009752 0.564 0.05288822205551388 0.08
0 0.9007876969242311 0.629 0.05738934733683421 0.065
0 0.8368342085521381 0.63025 0.05101275318829707 0.0655
0 0.7803825956489122 0.59275 0.061890472618154536 0.0655
0 0.958927231807952 0.63425 0.047636909227306824 0.0725
