0 0.1005251312828207 0.642 0.0622655663915979 0.066
0 0.17891972993248312 0.6475 0.06451612903225806 0.063
0 0.26500375093773443 0.65425 0.056639159789947484 0.0745
0 0.3388972243060765 0.7195 0.055138784696174045 0.074
0 0.3893473368342086 0.661 0.04951237809452363 0.063
0 0.41410352588147037 0.70625 0.04876219054763691 0.0645
0 0.4634283570892723 0.72325 0.052138034508627154 0.0675
0 0.48105776444111026 0.65575 0.04988747186796699 0.0755
0 0.513503375843961 0.6885 0.047261815453863466 0.066
0 0.509939984996249 0.7715 0.04913728432108027 0.071
0 0.4915603900975244 0.58275 0.05738934733683421 0.0675
0 0.4317329332333083 0.605 0.05701425356339085 0.064
0 0.3775318829707427 0.6045 0.05738934733683421 0.079
0 0.32033008252063017 0.61325 0.051762940735183796 0.0835
0 0.14534883720930233 0.574 0.061890472618154536 0.073
0 0.14291072768192048 0.49375 0.06451612903225806 0.0805
0 0.2106151537884471 0.57125 0.06789197299324831 0.0725
0 0.2550637659414854 0.502 0.06451612903225806 0.077
0 0.27831957989497375 0.56925 0.0622655663915979 0.0805
0 0.32220555138784696 0.52575 0.060765191297824456 0.0715
0 0.40735183795948987 0.51225 0.05701425356339085 0.0825
0 0.4579894973743436 0.53525 0.05476369092273068 0.0695
0 0.503563390847712 0.507 0.0536384096024006 0.061
0 0.521755438859715 0.43875 0.05251312828207052 0.0755
0 0.5296324081020255 0.349 0.04951237809452363 0.081
0 0.48349587396849214 0.37475 0.056264066016504126 0.0835
0 0.45817704426106526 0.44075 0.056639159789947484 0.0795
0 0.39909977494373594 0.421 0.06001500375093773 0.076
0 0.3493998499624906 0.45525 0.06264066016504126 0.0785
0 0.2871342835708927 0.439 0.05738934733683421 0.075
0 0.2106151537884471 0.421 0.06264066016504126 0.074
0 0.1494748687171793 0.40275 0.0671417854463616 0.0785
0 0.1916729182295574 0.33775 0.0622655663915979 0.0935
0 0.2308702175543886 0.2795 0.05813953488372093 0.09
0 0.259377344336084 0.3675 0.059639909977494375 0.08
0 0.32239309827456863 0.37375 0.06564141035258815 0.0855
0 0.38465866466616655 0.35225 0.05813953488372093 0.0745
0 0.30007501875468867 0.2885 0.07051762940735183 0.093
0 0.37021755438859716 0.273 0.06001500375093773 0.085
0 0.8510877719429858 0.43075 0.05326331582895724 0.0655
0 0.8032633158289573 0.44925 0.0536384096024006 0.0615
0 0.7751312828207052 0.37425 0.055138784696174045 0.0725
0 0.7297449362340586 0.37425 0.052138034508627154 0.0775
0 0.659039759939985 0.363 0.05101275318829707 0.074
0 0.6014628657164292 0.4295 0.05438859714928732 0.083
0 0.5590772693173294 0.47175 0.04688672168042011 0.0745
0 0.6897974493623406 0.43625 0.05101275318829707 0.0635
0 0.7477494373593399 0.43475 0.04988747186796699 0.0775
0 0.8647786946736684 0.49975 0.04838709677419355 0.0675
0 0.8169542385596399 0.5175 0.047261815453863466 0.067
0 0.7586271567891973 0.49875 0.04088522130532633 0.0665
0 0.6897974493623406 0.511 0.05101275318829707 0.08
0 0.6346586646661665 0.491 0.05401350337584396 0.073
0 0.555701425356339 0.55 0.061140285071267814 0.075
0 0.6245311327831958 0.5615 0.046511627906976744 0.074
0 0.6603525881470368 0.57875 0.04463615903975994 0.0665
0 0.7299324831207802 0.55675 0.046511627906976744 0.0705
0 0.7831957989497375 0.577 0.051762940735183796 0.068
0 0.8458364591147787 0.567 0.0450112528132033 0.069
0 0.8887846961740435 0.526 0.04463615903975994 0.07
0 0.8829707426856714 0.58375 0.0450112528132033 0.0645
0 0.8478994748687172 0.62725 0.04088522130532633 0.0635
0 0.809264816204051 0.62675 0.04388597149287322 0.0635
0 0.7466241560390098 0.61675 0.04388597149287322 0.0685
0 0.7074268567141786 0.61375 0.03975993998499625 0.0725
0 0.6247186796699175 0.63175 0.04913728432108027 0.0725
0 0.582145536384096 0.60475 0.05326331582895724 0.0685
0 0.532258064516129 0.634 0.05326331582895724 0.072
0 0.5677044261065266 0.668 0.050637659414853715 0.063
0 0.614403600900225 0.69025 0.05026256564141035 0.0625
0 0.671980495123781 0.6645 0.0536384096024006 0.073
0 0.7190547636909227 0.6725 0.04051012753188297 0.071
0 0.781695423855964 0.68375 0.04351087771942986 0.0635
0 0.8242685671417854 0.67925 0.04388597149287322 0.0665
0 0.7421230307576894 0.72875 0.038634658664666165 0.0585
0 0.7025506376594148 0.73525 0.042010502625656414 0.0625
0 0.6485371342835708 0.719 0.04801200300075019 0.066
0 0.5995873968492123 0.7505 0.04838709677419355 0.064
0 0.5515753938484621 0.7215 0.05288822205551388 0.058
0 0.6639159789947486 0.792 0.0450112528132033 0.06
