0 0.04482370592648162 0.37875 0.06339084771192798 0.0845
0 0.07614403600900226 0.45275 0.058514628657164294 0.0785
0 0.08702175543885972 0.3235 0.05701425356339085 0.083
0 0.1121530382595649 0.40975 0.060765191297824456 0.0795
0 0.11627906976744186 0.49375 0.06151537884471118 0.0835
0 0.07708177044261065 0.548 0.05888972243060765 0.071
0 0.08514628657164292 0.6355 0.060765191297824456 0.082
0 0.07914478619654913 0.726 0.06001500375093773 0.082
0 0.1562265566391598 0.71825 0.06339084771192798 0.0785
0 0.17554388597149287 0.6415 0.046511627906976744 0.082
0 0.14253563390847712 0.57575 0.06526631657914479 0.0685
0 0.1774193548387097 0.513 0.0622655663915979 0.071
0 0.17085521380345087 0.4475 0.05888972243060765 0.07
0 0.18548387096774194 0.38275 0.06639159789947487 0.0785
0 0.17010502625656415 0.3065 0.06264066016504126 0.082
0 0.18098274568642161 0.23325 0.0603900975243811 0.0835
0 0.24081020255063765 0.2405 0.06451612903225806 0.076
0 0.2668792198049512 0.31575 0.05888972243060765 0.0775
0 0.25375093773443363 0.396 0.059639909977494375 0.088
0 0.31657914478619653 0.40525 0.0622655663915979 0.1035
0 0.37378094523630906 0.407 0.05888972243060765 0.085
0 0.4165416354088522 0.451 0.06864216054013503 0.087
0 0.27813203300825207 0.155 0.059639909977494375 0.083
0 0.3411477869467367 0.18075 0.06939234808702176 0.1035
0 0.3122655663915979 0.25025 0.06789197299324831 0.0805
0 0.33852213053263314 0.3225 0.0641410352588147 0.076
0 0.37715678919729934 0.27075 0.0603900975243811 0.0805
0 0.4120405101275319 0.34425 0.05813953488372093 0.0855
0 0.4405476369092273 0.202 0.06789197299324831 0.088
0 0.45142535633908476 0.2885 0.05888972243060765 0.082
0 0.46492873218304576 0.37275 0.0641410352588147 0.0795
0 0.505251312828207 0.26175 0.06001500375093773 0.0945
0 0.5178169542385597 0.34175 0.05813953488372093 0.0855
0 0.5090022505626407 0.40925 0.05251312828207052 0.0665
0 0.2616279069767442 0.487 0.05888972243060765 0.087
0 0.24549887471867968 0.53475 0.055138784696174045 0.0615
0 0.3184546136534134 0.49075 0.051762940735183796 0.0775
0 0.34414853713428356 0.57225 0.05813953488372093 0.0735
0 0.3081395348837209 0.58025 0.041635408852213056 0.0735
0 0.222993248312078 0.6305 0.06339084771192798 0.075
0 0.27644411102775696 0.65775 0.05026256564141035 0.0715
0 0.22749437359339836 0.7035 0.05438859714928732 0.076
0 0.2921980495123781 0.7255 0.05326331582895724 0.064
0 0.33064516129032256 0.67875 0.050637659414853715 0.0695
0 0.34339834958739685 0.7225 0.04688672168042011 0.064
0 0.3735933983495874 0.6585 0.05701425356339085 0.07
0 0.39722430607651915 0.7435 0.060765191297824456 0.071
0 0.39309827456864216 0.79925 0.05401350337584396 0.0555
0 0.45480120030007504 0.80175 0.050637659414853715 0.0675
0 0.5060015003750937 0.82 0.056264066016504126 0.07
0 0.5594523630907727 0.81125 0.052138034508627154 0.0675
0 0.5003750937734434 0.74375 0.05326331582895724 0.0625
0 0.4384846211552888 0.68825 0.04876219054763691 0.0555
0 0.4472993248312078 0.64025 0.05813953488372093 0.0625
0 0.49024756189047264 0.6745 0.05701425356339085 0.064
0 0.49943735933983496 0.60925 0.05138784696174044 0.0665
0 0.40078769692423105 0.59925 0.055138784696174045 0.0675
0 0.4079144786196549 0.53025 0.0603900975243811 0.0745
0 0.45461365341335336 0.56075 0.05401350337584396 0.0775
0 0.505251312828207 0.5435 0.05026256564141035 0.07
0 0.5463240810202551 0.58775 0.04988747186796699 0.0715
0 0.5476369092273068 0.67325 0.05251312828207052 0.0735
0 0.5703300825206301 0.724 0.050637659414853715 0.071
0 0.6065266316579144 0.7745 0.04876219054763691 0.076
0 0.6003375843960991 0.67325 0.05438859714928732 0.0635
0 0.6532258064516129 0.7295 0.0536384096024006 0.065
0 0.6517254313578394 0.77775 0.052138034508627154 0.0505
0 0.7085521380345087 0.754 0.04876219054763691 0.069
0 0.7526256564141035 0.7395 0.047636909227306824 0.071
0 0.6010877719429858 0.614 0.059639909977494375 0.064
0 0.6481620405101275 0.639 0.04876219054763691 0.077
0 0.6937359339834959 0.64975 0.05138784696174044 0.0555
0 0.7462490622655664 0.6385 0.0536384096024006 0.064
0 0.8077644411102776 0.63625 0.0536384096024006 0.0735
0 0.7402475618904726 0.58075 0.05588897224306077 0.0675
0 0.6864216054013503 0.59075 0.04426106526631658 0.0675
0 0.7768192048012003 0.577 0.05326331582895724 0.056
0 0.786946736684171 0.53425 0.05776444111027757 0.0645
0 0.6430982745686422 0.56325 0.05813953488372093 0.0605
0 0.6472243060765192 0.5025 0.05588897224306077 0.071
0 0.6834208552138035 0.505 0.04426106526631658 0.056
0 0.7207426856714179 0.45975 0.04688672168042011 0.0555
0 0.7051762940735183 0.4215 0.051762940735183796 0.066
0 0.6329707426856714 0.40675 0.0536384096024006 0.0825
0 0.5733308327081771 0.508 0.05888972243060765 0.069
0 0.47861965491372843 0.48275 0.05401350337584396 0.0695
0 0.530570142535634 0.46775 0.05588897224306077 0.0845
0 0.581020255063766 0.43825 0.05476369092273068 0.0665
0 0.5744561140285072 0.36625 0.06639159789947487 0.0825
0 0.6335333833458364 0.32225 0.05326331582895724 0.0825
0 0.68192048012003 0.358 0.06001500375093773 0.076
0 0.5776444111027756 0.2785 0.05326331582895724 0.079
0 0.767066766691673 0.40525 0.05476369092273068 0.0745
0 0.7336834208552138 0.32525 0.05401350337584396 0.0795
0 0.6924231057764441 0.2805 0.05401350337584396 0.074
0 0.6436609152288072 0.22275 0.05926481620405101 0.0795
0 0.536946736684171 0.14425 0.061140285071267814 0.0955
0 0.5802700675168793 0.187 0.06001500375093773 0.092
0 0.581582895723931 0.09375 0.0536384096024006 0.0885
0 0.628469617404351 0.14325 0.05438859714928732 0.0855
0 0.6882970742685671 0.16675 0.05776444111027757 0.0905
0 0.7458739684921231 0.23325 0.06564141035258815 0.0795
0 0.7674418604651163 0.1555 0.06151537884471118 0.088
0 0.8060765191297824 0.2025 0.056264066016504126 0.081
0 0.7897599399849963 0.28725 0.05738934733683421 0.0815
0 0.8351462865716429 0.26975 0.04688672168042011 0.0715
0 0.8884096024006002 0.292 0.04913728432108027 0.081
0 0.8589647411852963 0.117 0.05701425356339085 0.09
0 0.8743435858964741 0.1975 0.0555138784696174 0.088
0 0.9362340585146287 0.1925 0.05701425356339085 0.082
0 0.8330832708177044 0.40125 0.05401350337584396 0.0725
0 0.9270442610652663 0.38 0.055138784696174045 0.081
0 0.9673668417104276 0.504 0.06001500375093773 0.09
0 0.9092273068267067 0.545 0.06976744186046512 0.096
