0 0.16072768192048012 0.51825 0.04463615903975994 0.0705
0 0.1811702925731433 0.572 0.0555138784696174 0.077
0 0.2108027006751688 0.504 0.04801200300075019 0.076
0 0.24549887471867968 0.54225 0.0536384096024006 0.0785
0 0.1800450112528132 0.6455 0.04951237809452363 0.077
0 0.20930232558139536 0.69575 0.04801200300075019 0.0825
0 0.22580645161290322 0.619 0.04876219054763691 0.082
0 0.20648912228057015 0.423 0.046136534133533386 0.076
0 0.2516879219804951 0.38075 0.04951237809452363 0.0755
0 0.2595648912228057 0.3115 0.047261815453863466 0.067
0 0.3023255813953488 0.336 0.0555138784696174 0.076
0 0.29613653413353336 0.40725 0.05288822205551388 0.0735
0 0.2535633908477119 0.4645 0.05026256564141035 0.082
0 0.30007501875468867 0.4875 0.05251312828207052 0.076
0 0.33402100525131284 0.45975 0.05813953488372093 0.0785
0 0.33289572393098277 0.5325 0.05588897224306077 0.078
0 0.2950112528132033 0.575 0.050637659414853715 0.08
0 0.26969242310577646 0.6485 0.051762940735183796 0.087
0 0.2528132033008252 0.73175 0.05476369092273068 0.0735
0 0.3113278319579895 0.689 0.0555138784696174 0.078
0 0.353900975243811 0.7375 0.05438859714928732 0.09
0 0.40753938484621155 0.74175 0.0603900975243811 0.0915
0 0.382033008252063 0.65175 0.055138784696174045 0.0905
0 0.3265191297824456 0.61175 0.061890472618154536 0.0825
0 0.3870967741935484 0.4945 0.05701425356339085 0.086
0 0.4036009002250563 0.56925 0.0622655663915979 0.0845
0 0.35352588147036756 0.31525 0.05438859714928732 0.0775
0 0.3840960240060015 0.39425 0.05401350337584396 0.0845
0 0.42441860465116277 0.4295 0.059639909977494375 0.074
0 0.41822955738934736 0.30625 0.0555138784696174 0.0755
0 0.45255063765941483 0.351 0.056639159789947484 0.091
0 0.48237059264816207 0.42925 0.05401350337584396 0.0875
0 0.4503000750187547 0.50525 0.05738934733683421 0.0815
0 0.472993248312078 0.577 0.07051762940735183 0.085
0 0.4444861215303826 0.66 0.06301575393848462 0.091
0 0.48349587396849214 0.74425 0.06601650412603151 0.0945
0 0.5105026256564141 0.6625 0.05476369092273068 0.1
0 0.5425731432858214 0.58425 0.061890472618154536 0.0865
0 0.5116279069767442 0.5085 0.06376594148537135 0.09
0 0.5176294073518379 0.31225 0.05476369092273068 0.0835
0 0.5333833458364591 0.3855 0.05926481620405101 0.088
0 0.5564516129032258 0.443 0.06564141035258815 0.098
0 0.5802700675168793 0.32175 0.05776444111027757 0.0905
0 0.6177794448612153 0.3855 0.06376594148537135 0.094
0 0.6792948237059265 0.35625 0.07351837959489872 0.0915
0 0.727119279819955 0.41 0.06564141035258815 0.102
0 0.6693548387096774 0.494 0.07464366091522881 0.094
0 0.6018379594898725 0.50875 0.07389347336834208 0.0935
0 0.6074643660915229 0.59425 0.06489122280570142 0.0955
0 0.5720180045011253 0.6705 0.06451612903225806 0.095
0 0.5495123780945236 0.75475 0.06601650412603151 0.0865
0 0.6235933983495874 0.781 0.07164291072768192 0.1
0 0.6918604651162791 0.783 0.07689422355588897 0.099
0 0.6352213053263316 0.68275 0.07014253563390847 0.0995
0 0.668979744936234 0.59475 0.0671417854463616 0.1045
0 0.731807951987997 0.5405 0.07351837959489872 0.089
0 0.7828207051762941 0.46575 0.07651912978244561 0.0885
0 0.8422730682670667 0.42525 0.08139534883720931 0.0985
0 0.8049512378094523 0.552 0.07726931732933233 0.1
0 0.7123030757689423 0.678 0.06601650412603151 0.098
0 0.7786946736684172 0.642 0.07576894223555888 0.091
0 0.7691297824456114 0.73775 0.07689422355588897 0.0965
0 0.7496249062265566 0.84975 0.07914478619654913 0.1105
0 0.8514628657164292 0.70775 0.08027006751687922 0.1125
0 0.8987246811702926 0.63875 0.08777194298574643 0.1035
0 0.8863465866466617 0.52625 0.08702175543885972 0.0925
0 0.9006001500375094 0.4845 0.05251312828207052 0.056
