0 0.09658664666166542 0.069 0.07839459864966242 0.118
0 0.03338334583645911 0.19525 0.06526631657914479 0.1075
0 0.06395348837209303 0.2865 0.0671417854463616 0.102
0 0.09939984996249063 0.23175 0.06376594148537135 0.1105
0 0.10296324081020256 0.36325 0.07839459864966242 0.1125
0 0.10596399099774943 0.457 0.061140285071267814 0.098
0 0.1350337584396099 0.5475 0.0622655663915979 0.085
0 0.12978244561140284 0.60525 0.07051762940735183 0.0765
0 0.21867966991747936 0.605 0.06676669167291822 0.086
0 0.22243060765191297 0.508 0.0622655663915979 0.096
0 0.15866466616654162 0.4485 0.07651912978244561 0.085
0 0.16710427606901726 0.3135 0.07389347336834208 0.09
0 0.21136534133533383 0.21625 0.07239309827456865 0.1125
0 0.17798199549887472 0.17125 0.050637659414853715 0.0825
0 0.27644411102775696 0.0995 0.0795198799699925 0.121
0 0.30288822205551386 0.1865 0.08439609902475619 0.113
0 0.29182295573893474 0.2965 0.07051762940735183 0.091
0 0.26875468867216806 0.39675 0.06564141035258815 0.1015
0 0.3047636909227307 0.49075 0.0708927231807952 0.0905
0 0.29351087771942985 0.5545 0.0641410352588147 0.086
0 0.2633158289572393 0.66425 0.06751687921980495 0.0765
0 0.3353338334583646 0.69475 0.07051762940735183 0.0855
0 0.37378094523630906 0.7585 0.0603900975243811 0.066
0 0.3447111777944486 0.61675 0.06601650412603151 0.0765
0 0.336834208552138 0.4335 0.07201800450112528 0.092
0 0.353900975243811 0.328 0.07839459864966242 0.09
0 0.3764066016504126 0.09225 0.07539384846211553 0.1105
0 0.49099774943735935 0.05625 0.07051762940735183 0.1105
0 0.45630157539384847 0.15475 0.07239309827456865 0.0975
0 0.4004126031507877 0.24475 0.07389347336834208 0.0975
0 0.45423855963991 0.2975 0.06976744186046512 0.095
0 0.39572393098274566 0.389 0.06451612903225806 0.1
0 0.47168042010502625 0.39675 0.08139534883720931 0.0935
0 0.4289197299324831 0.473 0.05888972243060765 0.095
0 0.427231807951988 0.5715 0.06526631657914479 0.068
0 0.41785446361590395 0.673 0.05401350337584396 0.086
0 0.4322955738934734 0.76925 0.0536384096024006 0.0815
0 0.44579894973743434 0.83275 0.05288822205551388 0.0725
0 0.5086271567891973 0.87775 0.06826706676669167 0.0655
0 0.5583270817704427 0.86725 0.046136534133533386 0.0755
0 0.6172168042010503 0.87725 0.05738934733683421 0.0665
0 0.5043135783945987 0.81775 0.056639159789947484 0.0735
0 0.5688297074268567 0.81225 0.05813953488372093 0.0705
0 0.5268192048012003 0.7365 0.0641410352588147 0.085
0 0.6009002250562641 0.71025 0.06826706676669167 0.0735
0 0.6198424606151538 0.775 0.05813953488372093 0.068
0 0.4788072018004501 0.66325 0.06264066016504126 0.0865
0 0.5618904726181545 0.639 0.0690172543135784 0.086
0 0.4761815453863466 0.5525 0.05738934733683421 0.095
0 0.5500750187546887 0.564 0.07689422355588897 0.091
0 0.508252063015754 0.47825 0.07351837959489872 0.0785
0 0.5903975993998499 0.4925 0.07201800450112528 0.098
0 0.5924606151537885 0.39675 0.07014253563390847 0.1015
0 0.559264816204051 0.281 0.0690172543135784 0.08
0 0.5005626406601651 0.2185 0.06264066016504126 0.088
0 0.5303825956489122 0.11475 0.06976744186046512 0.1075
0 0.6333458364591148 0.0985 0.07914478619654913 0.096
0 0.59152288072018 0.1895 0.07576894223555888 0.1
0 0.6327831957989497 0.27475 0.06826706676669167 0.1035
0 0.6536009002250562 0.36675 0.07614403600900226 0.1075
0 0.709489872468117 0.16525 0.08064516129032258 0.1155
0 0.7539384846211553 0.10475 0.07351837959489872 0.1025
0 0.7758814703675919 0.19475 0.08139534883720931 0.1085
0 0.7891972993248312 0.29275 0.06676669167291822 0.0895
0 0.7267441860465116 0.41575 0.07539384846211553 0.0985
0 0.8272693173293323 0.41425 0.08064516129032258 0.0995
0 0.7603150787696924 0.47625 0.06601650412603151 0.0845
0 0.826331582895724 0.5395 0.07576894223555888 0.087
0 0.6957989497374344 0.50975 0.07351837959489872 0.0895
0 0.6339084771192798 0.57125 0.0690172543135784 0.0995
0 0.7233683420855214 0.5925 0.07764441110277569 0.094
0 0.7586271567891973 0.6365 0.0671417854463616 0.085
0 0.6517254313578394 0.65025 0.08289572393098274 0.0875
0 0.68192048012003 0.69925 0.07501875468867217 0.0725
0 0.7749437359339835 0.7485 0.07651912978244561 0.088
0 0.8330832708177044 0.70375 0.05026256564141035 0.0825
0 0.6978619654913728 0.781 0.059639909977494375 0.076
0 0.6539759939984996 0.83875 0.0603900975243811 0.0795
0 0.6875468867216804 0.911 0.06376594148537135 0.08
0 0.7348087021755438 0.92725 0.06676669167291822 0.0775
0 0.7310577644411103 0.85925 0.05926481620405101 0.0815
0 0.7818829707426856 0.7875 0.061890472618154536 0.077
