0 0.2753460531238309 0.285 0.03965581743359521 0.059
0 0.32416760194537975 0.3715 0.040778151889263 0.056
0 0.365132809577254 0.40025 0.0411522633744856 0.0545
0 0.3976805087916199 0.4495 0.03666292555181444 0.056
0 0.4176954732510288 0.48925 0.03928170594837262 0.0535
0 0.44107744107744107 0.4485 0.038159371492704826 0.053
0 0.41994014216236436 0.40775 0.04227459783015339 0.0525
0 0.36232697343808457 0.3375 0.040029928918817806 0.059
0 0.4068462401795735 0.348 0.037037037037037035 0.055
0 0.3679386457164235 0.27725 0.04302282080059858 0.0575
0 0.3959970071081182 0.2625 0.037037037037037035 0.051
0 0.4375233819678264 0.29275 0.04302282080059858 0.0545
0 0.45791245791245794 0.33275 0.03890759446315002 0.0495
0 0.45772540216984664 0.2545 0.03479236812570146 0.044
0 0.49251777029554805 0.276 0.03554059109614665 0.045
0 0.500561167227834 0.22075 0.03890759446315002 0.0475
0 0.5329218106995884 0.14775 0.040029928918817806 0.0525
0 0.5578002244668911 0.195 0.03666292555181444 0.052
0 0.5359147025813692 0.2405 0.037037037037037035 0.049
0 0.5346053123830902 0.29625 0.03965581743359521 0.0515
0 0.5123456790123457 0.32225 0.037037037037037035 0.0515
0 0.5488215488215489 0.34575 0.03741114852225964 0.0505
0 0.49251777029554805 0.37025 0.03853348297792742 0.0485
0 0.5306771417882529 0.388 0.040029928918817806 0.054
0 0.48110736999625886 0.4505 0.04040404040404041 0.049
0 0.508791619902731 0.44075 0.031425364758698095 0.0465
0 0.5447063224841002 0.448 0.038159371492704826 0.05
0 0.5151515151515151 0.4895 0.03890759446315002 0.05
0 0.46277590722035167 0.502 0.03591470258136925 0.052
0 0.48522259633370746 0.54175 0.03890759446315002 0.0525
0 0.448559670781893 0.56225 0.04339693228582117 0.0585
0 0.4075944631500187 0.6005 0.03778526000748223 0.06
0 0.43621399176954734 0.638 0.03741114852225964 0.061
0 0.4721286943509166 0.65725 0.03666292555181444 0.0615
0 0.4784885895997007 0.6025 0.03965581743359521 0.056
0 0.5188926300037411 0.59925 0.041900486344930786 0.0625
0 0.5303030303030303 0.53675 0.036288814066591846 0.0515
0 0.5699588477366255 0.5405 0.033295922184811075 0.054
0 0.565843621399177 0.487 0.03853348297792742 0.052
0 0.6040029928918818 0.57225 0.03928170594837262 0.0555
0 0.6152263374485597 0.5195 0.03554059109614665 0.058
0 0.6358024691358025 0.567 0.030303030303030304 0.054
0 0.5660306771417882 0.411 0.02843247287691732 0.041
0 0.5847362514029181 0.448 0.03741114852225964 0.05
0 0.6187803965581743 0.465 0.03741114852225964 0.056
0 0.6073699962588851 0.41375 0.03554059109614665 0.0545
0 0.44631500187055745 0.72475 0.03965581743359521 0.0595
0 0.4261129816685372 0.777 0.04414515525626637 0.054
0 0.43022820800598577 0.84025 0.03890759446315002 0.0625
0 0.4713804713804714 0.833 0.04339693228582117 0.06
0 0.5093527871305649 0.87175 0.04601571268237935 0.0575
0 0.4713804713804714 0.90575 0.04264870931537598 0.0545
0 0.560231949120838 0.834 0.04152637485970819 0.056
0 0.5607931163486719 0.913 0.04489337822671156 0.065
0 0.5823045267489712 0.95 0.03928170594837262 0.058
0 0.6159745604190049 0.921 0.03928170594837262 0.063
0 0.4719416386083053 0.7725 0.04227459783015339 0.059
0 0.5099139543583988 0.76525 0.04489337822671156 0.0535
0 0.5112233445566778 0.71925 0.040778151889263 0.0575
0 0.5168350168350169 0.656 0.04152637485970819 0.058
0 0.5490086045641601 0.62875 0.040029928918817806 0.0555
0 0.5548073325851104 0.681 0.0411522633744856 0.055
0 0.5879161990273102 0.6875 0.034044145155256264 0.062
0 0.5867938645716424 0.632 0.03554059109614665 0.05
0 0.6296296296296297 0.62825 0.03367003367003367 0.0545
0 0.6258885147774037 0.69225 0.03666292555181444 0.0485
0 0.6073699962588851 0.742 0.037037037037037035 0.057
0 0.6172839506172839 0.799 0.04040404040404041 0.061
0 0.6401047512158623 0.742 0.032173587729143284 0.059
0 0.6647961092405537 0.699 0.03666292555181444 0.054
0 0.668163112607557 0.6485 0.03666292555181444 0.051
0 0.6950991395435839 0.6675 0.03367003367003367 0.054
0 0.6771417882528994 0.593 0.03741114852225964 0.051
0 0.7199775533108866 0.6055 0.037037037037037035 0.05
0 0.6694725028058361 0.537 0.03554059109614665 0.042
0 0.6995884773662552 0.554 0.034418256640478866 0.051
0 0.7345679012345679 0.553 0.036288814066591846 0.052
0 0.6979049756827534 0.50425 0.037037037037037035 0.0535
0 0.719603441825664 0.49425 0.03179947624392069 0.0455
0 0.6496445940890385 0.49975 0.03853348297792742 0.0535
0 0.7790871679760568 0.5385 0.037037037037037035 0.054
0 0.769734380845492 0.4885 0.033295922184811075 0.054
0 0.6503928170594837 0.419 0.03554059109614665 0.051
0 0.6142910587355032 0.358 0.03591470258136925 0.053
0 0.6655443322109988 0.38575 0.03367003367003367 0.0485
0 0.6911709689487467 0.4315 0.03179947624392069 0.048
0 0.6937897493453049 0.4005 0.02880658436213992 0.04
0 0.5751964085297419 0.3205 0.03479236812570146 0.051
0 0.565282454171343 0.27725 0.03741114852225964 0.0495
0 0.5985783763561542 0.292 0.03367003367003367 0.047
0 0.5804339693228582 0.23275 0.03928170594837262 0.0455
0 0.6025065469509914 0.196 0.03479236812570146 0.05
0 0.6322484100261878 0.19325 0.03292181069958848 0.0465
0 0.6576879910213244 0.22125 0.041900486344930786 0.0515
0 0.6709689487467265 0.20175 0.03254769921436588 0.0415
0 0.622895622895623 0.2485 0.0411522633744856 0.054
0 0.6331836887392442 0.29025 0.03479236812570146 0.0505
0 0.6640478862701085 0.27175 0.03666292555181444 0.0465
0 0.6956603067714179 0.2435 0.036288814066591846 0.046
0 0.7136176580621025 0.21925 0.03554059109614665 0.0415
0 0.7207257762813318 0.27525 0.033295922184811075 0.0435
0 0.7502805836139169 0.238 0.034044145155256264 0.043
0 0.698279087167976 0.29725 0.03778526000748223 0.0475
0 0.6393565282454171 0.339 0.03591470258136925 0.051
0 0.6670407781518892 0.33775 0.0306771417882529 0.0445
0 0.696969696969697 0.3575 0.031425364758698095 0.05
0 0.7347549569771792 0.3425 0.038159371492704826 0.046
0 0.7545828656939768 0.30425 0.03965581743359521 0.0495
0 0.7704826038159371 0.342 0.033295922184811075 0.05
0 0.7426112981668537 0.416 0.041900486344930786 0.048
0 0.7523381967826412 0.39925 0.031425364758698095 0.0415
0 0.7936775158997381 0.23225 0.037037037037037035 0.0515
0 0.7884399551066218 0.284 0.03479236812570146 0.049
0 0.8178077066965956 0.326 0.03591470258136925 0.044
0 0.8391320613542835 0.365 0.034418256640478866 0.045
0 0.7964833520389076 0.3675 0.034418256640478866 0.041
0 0.797979797979798 0.4015 0.03367003367003367 0.047
0 0.8269734380845492 0.407 0.03179947624392069 0.046
0 0.7835765057987281 0.43925 0.03853348297792742 0.0395
0 0.8037785260007482 0.45475 0.031051253273475497 0.0435
0 0.8009726898615788 0.4965 0.03367003367003367 0.053
0 0.4620276842499065 0.38925 0.04040404040404041 0.0555
