0 0.14291072768192048 0.469 0.07726931732933233 0.091
0 0.15585146286571644 0.545 0.07614403600900226 0.085
0 0.16729182295573894 0.61925 0.0690172543135784 0.0795
0 0.13109527381845462 0.73 0.07614403600900226 0.066
0 0.20461365341335333 0.7675 0.07914478619654913 0.079
0 0.27644411102775696 0.78625 0.06451612903225806 0.0805
0 0.22486871717929482 0.67075 0.06264066016504126 0.0765
0 0.29257314328582146 0.678 0.06676669167291822 0.082
0 0.33983495873968494 0.7225 0.0622655663915979 0.073
0 0.24681170292573143 0.582 0.0622655663915979 0.083
0 0.2297449362340585 0.504 0.061890472618154536 0.085
0 0.21024006001500375 0.4055 0.06339084771192798 0.088
0 0.18529632408102026 0.31575 0.06301575393848462 0.1095
0 0.2334958739684921 0.19925 0.07989497374343586 0.0955
0 0.268192048012003 0.2965 0.07201800450112528 0.087
0 0.30307576894223553 0.38575 0.072768192048012 0.1095
0 0.3013878469617404 0.487 0.06639159789947487 0.093
0 0.3246436609152288 0.57825 0.06339084771192798 0.0875
0 0.377344336084021 0.595 0.05251312828207052 0.079
0 0.38559639909977494 0.67325 0.056264066016504126 0.0595
0 0.40585146286571644 0.7745 0.06001500375093773 0.075
0 0.46586646661665415 0.726 0.05701425356339085 0.072
0 0.44786196549137286 0.66275 0.06001500375093773 0.0845
0 0.38728432108027006 0.5175 0.059639909977494375 0.088
0 0.34921230307576895 0.44825 0.0555138784696174 0.0785
0 0.3623405851462866 0.3695 0.05326331582895724 0.085
0 0.326894223555889 0.29 0.05888972243060765 0.098
0 0.36459114778694673 0.16125 0.06526631657914479 0.0835
0 0.3927231807951988 0.271 0.06376594148537135 0.102
0 0.4553638409602401 0.059 0.04951237809452363 0.085
0 0.4315453863465866 0.13725 0.06564141035258815 0.0915
0 0.45311327831957987 0.22175 0.05101275318829707 0.0905
0 0.4367966991747937 0.34875 0.059639909977494375 0.0875
0 0.4212303075768942 0.44175 0.06676669167291822 0.0855
0 0.4754313578394599 0.4275 0.052138034508627154 0.066
0 0.45161290322580644 0.5465 0.058514628657164294 0.08
0 0.49268567141785446 0.4875 0.050637659414853715 0.07
0 0.5001875468867217 0.556 0.052138034508627154 0.071
0 0.5390097524381096 0.61775 0.047261815453863466 0.0705
0 0.5039384846211553 0.681 0.052138034508627154 0.078
0 0.5782070517629407 0.706 0.055138784696174045 0.084
0 0.6327831957989497 0.66675 0.05251312828207052 0.0865
0 0.5513878469617405 0.5305 0.05326331582895724 0.068
0 0.5990247561890473 0.528 0.0345086271567892 0.069
0 0.5527006751687922 0.455 0.0536384096024006 0.077
0 0.6069017254313578 0.4705 0.04876219054763691 0.068
0 0.5472618154538634 0.36825 0.0555138784696174 0.0705
0 0.5255063765941486 0.303 0.04801200300075019 0.094
0 0.5866466616654163 0.3025 0.060765191297824456 0.083
0 0.5071267816954238 0.2 0.06001500375093773 0.064
0 0.4932483120780195 0.119 0.05476369092273068 0.087
0 0.5613278319579895 0.101 0.05138784696174044 0.085
0 0.5759564891222806 0.208 0.059639909977494375 0.094
0 0.6001500375093773 0.254 0.04276069017254314 0.068
0 0.6095273818454614 0.355 0.042010502625656414 0.078
0 0.6350337584396099 0.6085 0.042010502625656414 0.056
0 0.682483120780195 0.68 0.04463615903975994 0.076
0 0.6695423855963991 0.72425 0.04126031507876969 0.0475
0 0.6864216054013503 0.75575 0.042010502625656414 0.0585
0 0.7154913728432108 0.78 0.03788447111777944 0.058
0 0.7595648912228057 0.79375 0.04351087771942986 0.0495
0 0.7421230307576894 0.735 0.04688672168042011 0.056
0 0.7706301575393848 0.726 0.028132033008252063 0.065
0 0.7963240810202551 0.67175 0.03900975243810953 0.0665
0 0.8199549887471868 0.67825 0.0277569392348087 0.0625
0 0.8379594898724682 0.6235 0.04051012753188297 0.062
0 0.8038259564891223 0.59125 0.04801200300075019 0.0765
0 0.732933233308327 0.6235 0.05026256564141035 0.066
0 0.6961740435108777 0.655 0.0277569392348087 0.047
0 0.6669167291822956 0.58925 0.04426106526631658 0.0565
0 0.7134283570892723 0.56 0.04426106526631658 0.062
0 0.6817329332333083 0.539 0.03563390847711928 0.071
0 0.6597899474868717 0.47125 0.047261815453863466 0.0725
0 0.705926481620405 0.489 0.0450112528132033 0.071
0 0.7515003750937734 0.4465 0.04988747186796699 0.061
0 0.7620030007501876 0.50125 0.04388597149287322 0.0645
0 0.81807951987997 0.46575 0.04351087771942986 0.0635
0 0.6671042760690172 0.376 0.052138034508627154 0.066
0 0.6896099024756189 0.40275 0.04013503375843961 0.0625
0 0.7950112528132033 0.41775 0.04538634658664666 0.0735
0 0.6536009002250562 0.3045 0.04238559639909977 0.075
0 0.7164291072768192 0.34 0.04876219054763691 0.08
0 0.7573143285821455 0.3465 0.046511627906976744 0.074
0 0.8312078019504876 0.358 0.04276069017254314 0.075
0 0.7618154538634658 0.284 0.04426106526631658 0.069
0 0.6781695423855963 0.216 0.04276069017254314 0.076
0 0.699549887471868 0.261 0.03075768942235559 0.068
0 0.7800075018754689 0.17475 0.059639909977494375 0.0795
0 0.6545386346586647 0.15 0.04276069017254314 0.074
0 0.6399099774943736 0.07425 0.047261815453863466 0.0805
