0 0.4300450112528132 0.12025 0.09714928732183045 0.1405
0 0.5178169542385597 0.13375 0.1054013503375844 0.1305
0 0.5872093023255814 0.23825 0.10390097524381095 0.1395
0 0.6903600900225056 0.25575 0.09939984996249063 0.1345
0 0.7995123780945236 0.2295 0.109152288072018 0.138
0 0.8602775693923481 0.314 0.10015003750937734 0.137
0 0.8983495873968492 0.44475 0.0967741935483871 0.1425
0 0.932483120780195 0.57125 0.1005251312828207 0.1295
0 0.8407726931732933 0.62825 0.10090022505626407 0.1185
0 0.7818829707426856 0.749 0.10015003750937734 0.121
0 0.695986496624156 0.801 0.09489872468117029 0.123
0 0.609714928732183 0.87025 0.09789947486871718 0.1215
0 0.5208177044261065 0.8925 0.09414853713428357 0.111
0 0.4307951987996999 0.8935 0.09039759939984997 0.093
0 0.34827456864216055 0.865 0.08514628657164292 0.101
0 0.2511252813203301 0.8745 0.09039759939984997 0.114
0 0.1993623405851463 0.78775 0.08814703675918979 0.1215
0 0.1714178544636159 0.68975 0.09302325581395349 0.1355
0 0.1926106526631658 0.5425 0.09639909977494374 0.123
0 0.22111777944486122 0.4085 0.09114778694673668 0.119
0 0.30195048762190546 0.35675 0.09452363090772693 0.1155
0 0.2873218304576144 0.24975 0.08927231807951988 0.1295
0 0.3495873968492123 0.20825 0.10427606901725431 0.1295
0 0.47861965491372843 0.25875 0.09452363090772693 0.1125
0 0.37809452363090773 0.32825 0.10277569392348088 0.1415
0 0.46230307576894225 0.40725 0.09489872468117029 0.1365
0 0.35765191297824456 0.50625 0.09714928732183045 0.1185
0 0.28394598649662417 0.5745 0.11627906976744186 0.114
0 0.27419354838709675 0.724 0.09827456864216054 0.105
0 0.3674043510877719 0.818 0.09939984996249063 0.12
0 0.46661665416354087 0.80475 0.09302325581395349 0.1065
0 0.554576144036009 0.78075 0.09939984996249063 0.1225
0 0.6399099774943736 0.699 0.09527381845461365 0.128
0 0.7449362340585146 0.6575 0.10802700675168792 0.134
0 0.7871342835708928 0.4875 0.09264816204051013 0.127
0 0.7591897974493623 0.35675 0.0967741935483871 0.1315
0 0.7004876219054764 0.46275 0.08289572393098274 0.1275
0 0.6247186796699175 0.571 0.0986496624156039 0.119
0 0.5309452363090773 0.6325 0.09564891222805702 0.125
0 0.4503000750187547 0.6735 0.09489872468117029 0.103
0 0.3488372093023256 0.6715 0.1005251312828207 0.118
0 0.4482370592648162 0.5565 0.09377344336084022 0.132
0 0.5348837209302325 0.4875 0.10127531882970743 0.125
0 0.6213428357089272 0.4255 0.10165041260315079 0.128
0 0.5412603150787697 0.3575 0.09602400600150038 0.133
