0 0.1207801950487622 0.50625 0.047261815453863466 0.0745
0 0.12865716429107277 0.4335 0.03900975243810953 0.071
0 0.16204051012753187 0.44625 0.04801200300075019 0.0675
0 0.16654163540885222 0.51 0.04801200300075019 0.065
0 0.20367591897974494 0.49375 0.04051012753188297 0.0735
0 0.21886721680420104 0.54125 0.04988747186796699 0.0775
0 0.19992498124531133 0.56425 0.03150787696924231 0.0555
0 0.17460615153788447 0.575 0.03563390847711928 0.065
0 0.15210052513128283 0.647 0.046136534133533386 0.076
0 0.18998499624906226 0.692 0.04988747186796699 0.067
0 0.2098649662415604 0.62875 0.046136534133533386 0.0805
0 0.2533758439609902 0.64625 0.04988747186796699 0.0795
0 0.28675918979744935 0.56675 0.055138784696174045 0.0815
0 0.2668792198049512 0.5005 0.046136534133533386 0.08
0 0.3058889722430608 0.48525 0.0536384096024006 0.0755
0 0.24943735933983496 0.442 0.03975993998499625 0.069
0 0.22749437359339836 0.4215 0.03788447111777944 0.069
0 0.1629782445611403 0.37025 0.04088522130532633 0.0725
0 0.18548387096774194 0.31875 0.046136534133533386 0.0735
0 0.16579144786196548 0.30325 0.04426106526631658 0.0755
0 0.22993248312078018 0.265 0.04801200300075019 0.076
0 0.22955738934733683 0.20025 0.04351087771942986 0.0695
0 0.2565641410352588 0.22475 0.04351087771942986 0.0735
0 0.2738184546136534 0.14975 0.0450112528132033 0.0725
0 0.31976744186046513 0.17 0.043135783945986494 0.094
0 0.34733683420855216 0.191 0.04801200300075019 0.083
0 0.36177794448612155 0.11525 0.055138784696174045 0.0785
0 0.4011627906976744 0.173 0.050637659414853715 0.088
0 0.4414853713428357 0.207 0.06601650412603151 0.088
0 0.4129782445611403 0.08825 0.06001500375093773 0.0795
0 0.45817704426106526 0.14775 0.05588897224306077 0.0635
0 0.5150037509377344 0.15675 0.05251312828207052 0.0675
0 0.5663915978994749 0.16025 0.0622655663915979 0.0845
0 0.6581020255063766 0.1675 0.07614403600900226 0.106
0 0.7295573893473368 0.13475 0.0795198799699925 0.0925
0 0.7488747186796699 0.2405 0.07539384846211553 0.117
0 0.6579144786196549 0.26175 0.07051762940735183 0.0915
0 0.5960240060015004 0.23325 0.06601650412603151 0.1005
0 0.5144411102775694 0.23375 0.06339084771192798 0.0915
0 0.5337584396099024 0.2965 0.05701425356339085 0.094
0 0.5926481620405101 0.34225 0.05701425356339085 0.0865
0 0.6770442610652663 0.35025 0.07051762940735183 0.0975
0 0.753563390847712 0.366 0.07876969242310577 0.105
0 0.7273068267066767 0.46225 0.08252063015753938 0.1025
0 0.6035258814703676 0.43275 0.07876969242310577 0.0965
0 0.5455738934733684 0.41 0.056639159789947484 0.101
0 0.4748687171792948 0.303 0.05326331582895724 0.093
0 0.5007501875468867 0.373 0.05776444111027757 0.093
0 0.46211552888222057 0.413 0.05326331582895724 0.088
0 0.4197299324831208 0.3105 0.060765191297824456 0.088
0 0.39403600900225055 0.255 0.06864216054013503 0.09
0 0.3152663165791448 0.2725 0.05438859714928732 0.077
0 0.2740060015003751 0.29825 0.04988747186796699 0.0735
0 0.2471867966991748 0.36375 0.051762940735183796 0.0785
0 0.3015753938484621 0.4145 0.04876219054763691 0.07
0 0.33308327081770445 0.35225 0.04426106526631658 0.0725
0 0.37303075768942234 0.329 0.041635408852213056 0.082
0 0.3970367591897975 0.38575 0.05138784696174044 0.0865
0 0.3574643660915229 0.40925 0.04801200300075019 0.0735
0 0.3812828207051763 0.461 0.052138034508627154 0.083
0 0.4165416354088522 0.49 0.05438859714928732 0.088
0 0.3809077269317329 0.5395 0.055138784696174045 0.076
0 0.3572768192048012 0.619 0.05138784696174044 0.093
0 0.31939234808702177 0.6335 0.038634658664666165 0.081
0 0.3548387096774194 0.69275 0.05326331582895724 0.0875
0 0.2987621905476369 0.7185 0.055138784696174045 0.094
0 0.26106526631657917 0.79825 0.056264066016504126 0.0815
0 0.27925731432858214 0.894 0.05588897224306077 0.095
0 0.3250187546886722 0.842 0.05888972243060765 0.088
0 0.34827456864216055 0.79575 0.05888972243060765 0.0865
0 0.4187921980495124 0.85725 0.05888972243060765 0.0985
0 0.40941485371342834 0.6125 0.05588897224306077 0.084
0 0.40753938484621155 0.69025 0.04538634658664666 0.0835
0 0.44898724681170293 0.70175 0.05776444111027757 0.1035
0 0.5026256564141035 0.665 0.06151537884471118 0.093
0 0.4309827456864216 0.76375 0.04876219054763691 0.0735
0 0.4643660915228807 0.78725 0.05776444111027757 0.0915
0 0.5144411102775694 0.85475 0.07239309827456865 0.0965
0 0.5251312828207052 0.7515 0.056264066016504126 0.095
0 0.572205551387847 0.81625 0.07239309827456865 0.0915
0 0.6339084771192798 0.80725 0.07126781695423856 0.1095
0 0.5782070517629407 0.72825 0.07689422355588897 0.0985
0 0.6588522130532634 0.70675 0.07314328582145536 0.1085
0 0.7190547636909227 0.8025 0.07501875468867217 0.105
0 0.6837959489872468 0.8885 0.07876969242310577 0.089
0 0.7366841710427607 0.689 0.07576894223555888 0.102
0 0.7680045011252813 0.589 0.08064516129032258 0.11
0 0.6815453863465867 0.601 0.07576894223555888 0.093
0 0.5975243810952738 0.62525 0.08327081770442611 0.0955
0 0.5255063765941486 0.58675 0.06751687921980495 0.0955
0 0.4568642160540135 0.55225 0.060765191297824456 0.0845
0 0.5178169542385597 0.4895 0.06339084771192798 0.094
0 0.5806451612903226 0.5305 0.0622655663915979 0.099
0 0.6513503375843961 0.5095 0.07314328582145536 0.105
