0 0.2695048762190548 0.3435 0.08514628657164292 0.139
0 0.34414853713428356 0.332 0.10165041260315079 0.129
0 0.4195423855963991 0.24025 0.0986496624156039 0.1435
0 0.509939984996249 0.2545 0.10690172543135784 0.133
0 0.4679294823705927 0.35475 0.09639909977494374 0.1065
0 0.578019504876219 0.3615 0.09752438109527382 0.124
0 0.6742310577644411 0.372 0.10690172543135784 0.124
0 0.7824456114028507 0.362 0.10652663165791448 0.129
0 0.8345836459114778 0.42875 0.09752438109527382 0.1245
0 0.7385596399099775 0.4725 0.09902475618904726 0.121
0 0.22111777944486122 0.51 0.08889722430607652 0.104
0 0.29538634658664664 0.46125 0.08589647411852963 0.1065
0 0.3775318829707427 0.4565 0.10615153788447111 0.122
0 0.4568642160540135 0.516 0.09377344336084022 0.119
0 0.5326331582895724 0.47775 0.09227306826706677 0.1165
0 0.609152288072018 0.51825 0.09302325581395349 0.1255
0 0.6815453863465867 0.543 0.07651912978244561 0.117
0 0.7597524381095274 0.56825 0.09039759939984997 0.1115
0 0.86384096024006 0.55125 0.09077269317329333 0.1205
0 0.886721680420105 0.65825 0.08852213053263316 0.1055
0 0.8008252063015754 0.708 0.09227306826706677 0.094
0 0.7186796699174793 0.7605 0.09377344336084022 0.105
0 0.7462490622655664 0.808 0.08514628657164292 0.091
0 0.6095273818454614 0.669 0.09377344336084022 0.098
0 0.6219054763690923 0.77025 0.08627156789197299 0.0985
0 0.667854463615904 0.85075 0.08364591147786947 0.0965
0 0.527006751687922 0.58275 0.09602400600150038 0.1055
0 0.52344336084021 0.71675 0.08589647411852963 0.1045
0 0.5435108777194299 0.838 0.08777194298574643 0.095
0 0.5926481620405101 0.90625 0.08852213053263316 0.0825
0 0.4465491372843211 0.656 0.08439609902475619 0.112
0 0.4503000750187547 0.7445 0.08664666166541636 0.082
0 0.46755438859714926 0.84975 0.08589647411852963 0.0855
0 0.514066016504126 0.913 0.07989497374343586 0.09
0 0.4347336834208552 0.91225 0.08552138034508627 0.0745
0 0.3812828207051763 0.8735 0.08664666166541636 0.09
0 0.3555888972243061 0.754 0.0900225056264066 0.092
0 0.3599024756189047 0.60025 0.09039759939984997 0.1055
0 0.2888222055513878 0.66325 0.09152288072018004 0.1055
0 0.20142535633908476 0.63925 0.09227306826706677 0.1085
0 0.19579894973743436 0.77625 0.09452363090772693 0.1065
0 0.2890097524381095 0.7785 0.08664666166541636 0.092
0 0.2250562640660165 0.8405 0.08777194298574643 0.084
0 0.2751312828207052 0.90675 0.08289572393098274 0.0875
0 0.3486496624156039 0.88875 0.05588897224306077 0.0805
