0 0.2031425364758698 0.13125 0.05312383090160868 0.0635
0 0.13786008230452676 0.22 0.05424616535727647 0.055
0 0.07276468387579499 0.277 0.03928170594837262 0.066
0 0.13879536101758325 0.2795 0.04638982416760194 0.061
0 0.20707070707070707 0.2425 0.04751215862326973 0.07
0 0.2545828656939768 0.20525 0.04601571268237935 0.0695
0 0.29255518144407033 0.248 0.03890759446315002 0.067
0 0.3348297792742237 0.18325 0.0508791619902731 0.0765
0 0.24579124579124578 0.26775 0.04564160119715675 0.0635
0 0.28208005985783763 0.31475 0.04489337822671156 0.0635
0 0.32379349046015715 0.2745 0.04751215862326973 0.072
0 0.1836887392442948 0.3275 0.04638982416760194 0.059
0 0.23063973063973064 0.32325 0.04302282080059858 0.0665
0 0.1120463898241676 0.32225 0.053497942386831275 0.0595
0 0.1634867190422746 0.3695 0.05312383090160868 0.063
0 0.2224092779648335 0.38 0.04751215862326973 0.064
0 0.26917321361765806 0.36825 0.049756827534605315 0.0635
0 0.31967826412270856 0.35175 0.04751215862326973 0.0605
0 0.3045267489711934 0.43 0.04564160119715675 0.071
0 0.2667414889637112 0.449 0.04339693228582117 0.058
0 0.22596333707444818 0.4545 0.04564160119715675 0.052
0 0.14814814814814814 0.45075 0.04638982416760194 0.0625
0 0.08903853348297792 0.43825 0.04040404040404041 0.0655
0 0.1011971567527123 0.51125 0.04601571268237935 0.0615
0 0.17620650953984288 0.492 0.05013093901982791 0.057
0 0.24841002618780397 0.5095 0.04713804713804714 0.059
0 0.2884399551066218 0.50125 0.048634493078937524 0.0545
0 0.34044145155256267 0.52925 0.04638982416760194 0.0615
0 0.29274223718668163 0.563 0.04751215862326973 0.058
0 0.20632248410026188 0.55675 0.04152637485970819 0.0605
0 0.15712682379349047 0.53575 0.04638982416760194 0.0635
0 0.18742985409652077 0.58775 0.04788627010849233 0.0545
0 0.21717171717171718 0.6175 0.0512532734754957 0.058
0 0.29218106995884774 0.6365 0.05013093901982791 0.06
0 0.2542087542087542 0.67225 0.03928170594837262 0.0555
0 0.1728395061728395 0.68 0.051627384960718295 0.054
0 0.257201646090535 0.73825 0.046763935652824544 0.0585
0 0.31462775907220353 0.7455 0.04564160119715675 0.063
0 0.3552188552188552 0.7635 0.050505050505050504 0.059
0 0.31855592966704077 0.6745 0.04751215862326973 0.068
0 0.367003367003367 0.714 0.04414515525626637 0.056
0 0.36962214739992516 0.65075 0.04339693228582117 0.0515
0 0.4060980172091283 0.6805 0.046763935652824544 0.061
0 0.45173961840628507 0.69325 0.04152637485970819 0.0565
0 0.4711934156378601 0.75125 0.03853348297792742 0.0585
0 0.5158997381219603 0.74425 0.038159371492704826 0.0495
0 0.5555555555555556 0.716 0.04040404040404041 0.057
0 0.44668911335578004 0.6325 0.04264870931537598 0.053
0 0.5072951739618407 0.632 0.04414515525626637 0.054
0 0.5205761316872428 0.683 0.04227459783015339 0.059
0 0.5591096146651702 0.6555 0.04227459783015339 0.06
0 0.5462027684249906 0.5915 0.04264870931537598 0.052
0 0.4985035540591096 0.5735 0.04451926674148896 0.057
0 0.4227459783015339 0.56075 0.051627384960718295 0.0595
0 0.38215488215488214 0.57525 0.04526748971193416 0.0615
0 0.35110362888140667 0.466 0.04601571268237935 0.06
0 0.38570894126449684 0.51225 0.035166479610924055 0.0625
0 0.42312008978675647 0.511 0.04713804713804714 0.058
0 0.3684998129442574 0.395 0.04489337822671156 0.061
0 0.3956228956228956 0.43675 0.04751215862326973 0.0715
0 0.43247287691732134 0.41125 0.04638982416760194 0.0615
0 0.4556677890011223 0.4685 0.04564160119715675 0.053
0 0.49551066217732886 0.4835 0.04826038159371493 0.058
0 0.48447437336326227 0.426 0.03965581743359521 0.055
0 0.5347923681257014 0.45475 0.04451926674148896 0.0485
0 0.5188926300037411 0.40525 0.04040404040404041 0.0585
0 0.459221848110737 0.36425 0.040029928918817806 0.0515
0 0.35821174710063597 0.3315 0.04377104377104377 0.059
0 0.4057239057239057 0.33325 0.04152637485970819 0.0625
0 0.43434343434343436 0.2985 0.04788627010849233 0.06
0 0.36270108492330716 0.236 0.04601571268237935 0.066
0 0.3683127572016461 0.1505 0.04751215862326973 0.067
0 0.3991769547325103 0.185 0.04264870931537598 0.064
0 0.44743733632622523 0.241 0.04264870931537598 0.071
0 0.500561167227834 0.26225 0.04414515525626637 0.0545
0 0.5344182566404788 0.34775 0.04227459783015339 0.0585
0 0.5433969322858212 0.27875 0.04302282080059858 0.0595
0 0.5263748597081931 0.2335 0.051627384960718295 0.057
0 0.4990647212869435 0.18675 0.04414515525626637 0.0635
0 0.45211372989150767 0.13525 0.046763935652824544 0.0635
0 0.49233071455293675 0.11675 0.04713804713804714 0.0645
0 0.5912832023943135 0.12475 0.04377104377104377 0.0685
0 0.6303778526000748 0.099 0.04040404040404041 0.063
0 0.6653572764683876 0.13025 0.04377104377104377 0.0625
0 0.622895622895623 0.176 0.04414515525626637 0.061
0 0.6799476243920688 0.1765 0.04526748971193416 0.048
0 0.6341189674523008 0.22775 0.04788627010849233 0.0505
0 0.6026936026936027 0.25575 0.03965581743359521 0.0595
0 0.6344930789375234 0.28375 0.04264870931537598 0.0505
0 0.6803217358772914 0.26275 0.04152637485970819 0.0605
0 0.7349420127197905 0.26875 0.04826038159371493 0.0545
0 0.7994762439206884 0.21475 0.035166479610924055 0.0615
0 0.5811821922933034 0.334 0.03778526000748223 0.058
0 0.5619154508043397 0.38975 0.04040404040404041 0.0605
0 0.6165357276468387 0.36425 0.04040404040404041 0.0585
0 0.6853722409277965 0.32475 0.038159371492704826 0.0615
0 0.7197904975682754 0.3555 0.04040404040404041 0.056
0 0.7594463150018705 0.32175 0.04489337822671156 0.0655
0 0.8112607557052002 0.32325 0.03778526000748223 0.0565
0 0.8574635241301908 0.243 0.04489337822671156 0.065
0 0.6997755331088664 0.404 0.04526748971193416 0.06
0 0.757201646090535 0.3895 0.034418256640478866 0.056
0 0.7867564534231201 0.4145 0.04938271604938271 0.062
0 0.8234193789749346 0.4 0.04040404040404041 0.06
0 0.7729143284698841 0.47175 0.04339693228582117 0.0565
0 0.7312008978675645 0.4485 0.04152637485970819 0.061
0 0.6799476243920688 0.43625 0.04302282080059858 0.0525
0 0.6382341937897493 0.4485 0.04264870931537598 0.065
0 0.5798728020950243 0.476 0.041900486344930786 0.061
0 0.5718294051627385 0.5215 0.046763935652824544 0.047
0 0.6623643845866068 0.49875 0.04526748971193416 0.0555
0 0.6992143658810326 0.485 0.04489337822671156 0.049
0 0.7334455667789002 0.5095 0.04152637485970819 0.055
0 0.8389450056116723 0.51425 0.03853348297792742 0.0635
0 0.8284698840254395 0.58975 0.04302282080059858 0.0765
0 0.7098765432098766 0.5535 0.04601571268237935 0.054
0 0.644968200523756 0.56175 0.04264870931537598 0.0495
0 0.5961466517022073 0.57075 0.03853348297792742 0.0505
0 0.5924055368499813 0.62625 0.037037037037037035 0.0545
0 0.6322484100261878 0.6015 0.03890759446315002 0.054
0 0.6743359521137299 0.59225 0.04152637485970819 0.0575
0 0.7635615413393191 0.63825 0.0411522633744856 0.0505
0 0.8277216610549943 0.656 0.03554059109614665 0.062
0 0.5914702581369248 0.6805 0.03292181069958848 0.055
0 0.6361765806210251 0.68375 0.04526748971193416 0.0485
0 0.6887392442947998 0.67175 0.03741114852225964 0.0545
0 0.7394313505424617 0.6895 0.03928170594837262 0.054
0 0.7824541713430603 0.68575 0.04377104377104377 0.0555
0 0.7699214365881033 0.73075 0.034418256640478866 0.0595
0 0.6840628507295174 0.7445 0.04302282080059858 0.054
0 0.5983913206135428 0.732 0.03853348297792742 0.053
0 0.6200897867564534 0.78225 0.04227459783015339 0.0535
0 0.5695847362514029 0.77175 0.03928170594837262 0.0575
0 0.8731762065095399 0.62775 0.03666292555181444 0.0625
0 0.9242424242424242 0.599 0.04377104377104377 0.059
0 0.878226711560045 0.5455 0.04302282080059858 0.066
0 0.9526748971193416 0.539 0.034044145155256264 0.072
0 0.9616535727646839 0.463 0.037037037037037035 0.068
0 0.8686868686868687 0.445 0.0411522633744856 0.049
0 0.9386457164234941 0.3995 0.03965581743359521 0.061
