0 0.17648162040510126 0.25575 0.06789197299324831 0.0795
0 0.1369092273068267 0.332 0.0690172543135784 0.065
0 0.14834958739684923 0.40925 0.0708927231807952 0.0715
0 0.24212303075768943 0.24925 0.06489122280570142 0.0785
0 0.2126781695423856 0.33025 0.06976744186046512 0.0775
0 0.22168042010502625 0.4045 0.06301575393848462 0.085
0 0.20911477869467368 0.47025 0.055138784696174045 0.0675
0 0.2469992498124531 0.5155 0.0603900975243811 0.067
0 0.2798199549887472 0.41 0.05101275318829707 0.076
0 0.28019504876219054 0.3225 0.05701425356339085 0.076
0 0.3283945986496624 0.2785 0.06489122280570142 0.075
0 0.3561515378844711 0.213 0.0641410352588147 0.078
0 0.39309827456864216 0.2855 0.06676669167291822 0.085
0 0.3822205551387847 0.3555 0.058514628657164294 0.082
0 0.3285821455363841 0.3685 0.060765191297824456 0.076
0 0.3379594898724681 0.44375 0.06376594148537135 0.0705
0 0.2972618154538635 0.47175 0.05813953488372093 0.0665
0 0.30307576894223553 0.53475 0.06001500375093773 0.0605
0 0.349774943735934 0.5075 0.055138784696174045 0.062
0 0.3529632408102025 0.5575 0.05401350337584396 0.053
0 0.413728432108027 0.5735 0.05401350337584396 0.068
0 0.4105401350337584 0.517 0.050637659414853715 0.069
0 0.4004126031507877 0.4475 0.05588897224306077 0.069
0 0.4384846211552888 0.38775 0.05926481620405101 0.0745
0 0.4508627156789197 0.31325 0.06001500375093773 0.0705
0 0.43210802700675166 0.2205 0.05776444111027757 0.087
0 0.4795573893473368 0.2555 0.05738934733683421 0.094
0 0.527569392348087 0.192 0.06564141035258815 0.081
0 0.5294448612153039 0.315 0.059639909977494375 0.082
0 0.5133158289572393 0.3885 0.052138034508627154 0.074
0 0.48255813953488375 0.44 0.052138034508627154 0.069
0 0.46230307576894225 0.4865 0.05288822205551388 0.061
0 0.5020630157539385 0.509 0.04838709677419355 0.054
0 0.4608027006751688 0.5425 0.055138784696174045 0.059
0 0.46586646661665415 0.5915 0.05401350337584396 0.059
0 0.5056264066016504 0.61725 0.04876219054763691 0.0575
0 0.5039384846211553 0.5695 0.047636909227306824 0.059
0 0.536946736684171 0.65625 0.04688672168042011 0.0565
0 0.5515753938484621 0.57675 0.04538634658664666 0.0645
0 0.5588897224306076 0.52475 0.05251312828207052 0.0565
0 0.5345086271567892 0.44625 0.051762940735183796 0.0645
0 0.5941485371342836 0.213 0.058514628657164294 0.082
0 0.5840210052513128 0.29325 0.05476369092273068 0.0775
0 0.5791447861965492 0.36125 0.05926481620405101 0.0745
0 0.5907726931732933 0.4275 0.05776444111027757 0.068
0 0.6082145536384096 0.4825 0.050637659414853715 0.059
0 0.5975243810952738 0.543 0.04951237809452363 0.066
0 0.5995873968492123 0.6035 0.043135783945986494 0.06
0 0.5870217554388597 0.6505 0.05251312828207052 0.054
0 0.6303450862715679 0.63375 0.04538634658664666 0.0505
0 0.6429107276819205 0.58675 0.04126031507876969 0.0555
0 0.6494748687171793 0.452 0.04913728432108027 0.053
0 0.6400975243810952 0.3915 0.04838709677419355 0.067
0 0.6474118529632408 0.3005 0.06001500375093773 0.086
0 0.6509752438109527 0.206 0.06339084771192798 0.086
0 0.6967366841710427 0.23675 0.05888972243060765 0.0785
0 0.6832333083270817 0.33675 0.050637659414853715 0.0735
0 0.7040510127531883 0.38725 0.05251312828207052 0.0605
0 0.7175543885971493 0.4405 0.060765191297824456 0.066
0 0.6845461365341335 0.49775 0.047261815453863466 0.0615
0 0.6877344336084021 0.56275 0.04688672168042011 0.0605
0 0.6723555888972244 0.63175 0.04088522130532633 0.0605
0 0.7205551387846961 0.644 0.03600900225056264 0.043
0 0.7143660915228808 0.60275 0.050637659414853715 0.0535
0 0.7554388597149287 0.60025 0.0345086271567892 0.0595
0 0.741747936984246 0.53875 0.04538634658664666 0.0515
0 0.7421230307576894 0.48875 0.04538634658664666 0.0655
0 0.7355588897224306 0.2985 0.05476369092273068 0.084
0 0.759939984996249 0.20575 0.05926481620405101 0.0825
0 0.8115153788447111 0.2505 0.0671417854463616 0.077
0 0.7901350337584396 0.32725 0.05588897224306077 0.0785
0 0.7698799699924981 0.3935 0.055138784696174045 0.066
0 0.8447111777944486 0.3905 0.05701425356339085 0.074
0 0.7835708927231808 0.4435 0.05476369092273068 0.062
0 0.8525881470367592 0.4525 0.05776444111027757 0.062
0 0.7950112528132033 0.49975 0.05288822205551388 0.0575
0 0.8385221305326331 0.50375 0.047636909227306824 0.0545
0 0.7966991747936985 0.56025 0.05326331582895724 0.0505
0 0.846211552888222 0.56525 0.04051012753188297 0.0635
0 0.8053263315828957 0.60225 0.051762940735183796 0.0495
