0 0.06601650412603151 0.27125 0.06151537884471118 0.1015
0 0.1609152288072018 0.2645 0.06526631657914479 0.089
0 0.25431357839459867 0.16425 0.07801950487621906 0.1035
0 0.33758439609902474 0.244 0.07126781695423856 0.088
0 0.2432483120780195 0.25975 0.06864216054013503 0.0965
0 0.2348087021755439 0.329 0.06826706676669167 0.092
0 0.29351087771942985 0.355 0.06489122280570142 0.086
0 0.22355588897224307 0.394 0.0555138784696174 0.08
0 0.27063015753938485 0.4205 0.06864216054013503 0.075
0 0.11009002250562641 0.39375 0.06264066016504126 0.0815
0 0.1828582145536384 0.42425 0.05738934733683421 0.0785
0 0.08495873968492124 0.48 0.05588897224306077 0.074
0 0.12996999249812452 0.46575 0.05813953488372093 0.0735
0 0.2003000750187547 0.493 0.05701425356339085 0.082
0 0.24962490622655664 0.51025 0.05888972243060765 0.0805
0 0.29744936234058517 0.50725 0.06301575393848462 0.0895
0 0.12996999249812452 0.5585 0.05588897224306077 0.078
0 0.1734808702175544 0.626 0.06264066016504126 0.071
0 0.23405851462865718 0.57725 0.04801200300075019 0.0705
0 0.29013503375843963 0.5955 0.061140285071267814 0.08
0 0.25881470367591897 0.65725 0.06676669167291822 0.0695
0 0.20630157539384847 0.69425 0.05101275318829707 0.0645
0 0.2633158289572393 0.727 0.05101275318829707 0.052
0 0.31376594148537135 0.72775 0.04988747186796699 0.0535
0 0.16916729182295573 0.67525 0.04276069017254314 0.0515
0 0.363278319579895 0.738 0.06339084771192798 0.074
0 0.41766691672918227 0.75675 0.05588897224306077 0.0675
0 0.459489872468117 0.71525 0.0555138784696174 0.0715
0 0.31639159789947485 0.682 0.059639909977494375 0.065
0 0.34583645911477867 0.63 0.06001500375093773 0.081
0 0.39497374343585895 0.61625 0.06151537884471118 0.0785
0 0.4054763690922731 0.6795 0.058514628657164294 0.07
0 0.45461365341335336 0.64675 0.05926481620405101 0.0785
0 0.34527381845461363 0.564 0.061140285071267814 0.078
0 0.39984996249062266 0.503 0.06676669167291822 0.079
0 0.43904726181545384 0.56175 0.06264066016504126 0.0865
0 0.3486496624156039 0.44825 0.06564141035258815 0.0725
0 0.39478619654913727 0.39625 0.06564141035258815 0.0775
0 0.3857839459864966 0.3195 0.06789197299324831 0.09
0 0.4045386346586647 0.232 0.0641410352588147 0.1
0 0.472993248312078 0.2225 0.0622655663915979 0.094
0 0.5361965491372843 0.18325 0.061890472618154536 0.1005
0 0.47561890472618157 0.31575 0.06526631657914479 0.1035
0 0.4568642160540135 0.41625 0.06376594148537135 0.0835
0 0.4703675918979745 0.4965 0.0622655663915979 0.083
0 0.49531132783195797 0.591 0.06339084771192798 0.074
0 0.5163165791447862 0.652 0.05438859714928732 0.074
0 0.5067516879219804 0.7665 0.058514628657164294 0.084
0 0.5547636909227307 0.8005 0.05776444111027757 0.054
0 0.5690172543135784 0.7655 0.05101275318829707 0.048
0 0.554013503375844 0.72275 0.04951237809452363 0.0645
0 0.5755813953488372 0.66625 0.0536384096024006 0.0705
0 0.6027756939234808 0.699 0.0622655663915979 0.075
0 0.6442235558889723 0.737 0.056639159789947484 0.054
0 0.6657914478619655 0.69325 0.058514628657164294 0.0825
0 0.5483870967741935 0.5735 0.0555138784696174 0.072
0 0.6192798199549887 0.6145 0.058514628657164294 0.073
0 0.6759189797449362 0.605 0.05701425356339085 0.073
0 0.6800450112528132 0.5365 0.0622655663915979 0.075
0 0.5296324081020255 0.514 0.05776444111027757 0.077
0 0.5900225056264066 0.53925 0.05926481620405101 0.0795
0 0.5491372843210802 0.446 0.06676669167291822 0.08
0 0.6389722430607652 0.458 0.0641410352588147 0.075
0 0.5866466616654163 0.38 0.06301575393848462 0.083
0 0.5643285821455364 0.2855 0.06639159789947487 0.085
0 0.6564141035258815 0.33225 0.06676669167291822 0.0865
0 0.6886721680420105 0.244 0.0690172543135784 0.097
0 0.72655663915979 0.33725 0.06826706676669167 0.0805
0 0.6847336834208552 0.4125 0.061140285071267814 0.091
0 0.7196174043510878 0.478 0.06564141035258815 0.092
0 0.7291822955738935 0.58025 0.06151537884471118 0.0825
0 0.7291822955738935 0.66475 0.0622655663915979 0.0655
0 0.782258064516129 0.62675 0.06489122280570142 0.0745
0 0.772880720180045 0.52625 0.06864216054013503 0.0785
0 0.7621905476369092 0.41825 0.0690172543135784 0.0855
0 0.8088897224306076 0.34975 0.06789197299324831 0.0915
0 0.7689422355588897 0.2445 0.06751687921980495 0.101
0 0.753563390847712 0.1455 0.07051762940735183 0.098
0 0.8379594898724682 0.2455 0.06451612903225806 0.096
0 0.917291822955739 0.32475 0.06939234808702176 0.0975
0 0.8599024756189048 0.373 0.06489122280570142 0.085
0 0.9105401350337584 0.42375 0.061140285071267814 0.0965
0 0.8210802700675168 0.45 0.06526631657914479 0.08
0 0.8728432108027007 0.49 0.06826706676669167 0.081
0 0.9429857464366092 0.519 0.06751687921980495 0.081
0 0.904351087771943 0.582 0.05926481620405101 0.077
0 0.8492123030757689 0.564 0.06301575393848462 0.083
0 0.8473368342085521 0.6525 0.0690172543135784 0.088
