0 0.18848462115528883 0.4015 0.06864216054013503 0.092
0 0.2231807951987997 0.47525 0.07801950487621906 0.0925
0 0.20367591897974494 0.56225 0.072768192048012 0.0925
0 0.25037509377344336 0.626 0.07164291072768192 0.099
0 0.3158289572393098 0.67675 0.08102025506376594 0.0895
0 0.2856339084771193 0.5425 0.07314328582145536 0.096
0 0.34602400600150035 0.584 0.07689422355588897 0.101
0 0.39478619654913727 0.6365 0.07764441110277569 0.092
0 0.2704426106526632 0.3995 0.07501875468867217 0.089
0 0.31714178544636157 0.455 0.07464366091522881 0.085
0 0.3777194298574644 0.50675 0.06976744186046512 0.0965
0 0.4232933233308327 0.55425 0.0708927231807952 0.0885
0 0.49006001500375096 0.61 0.06864216054013503 0.098
0 0.4519879969992498 0.697 0.06826706676669167 0.099
0 0.5150037509377344 0.707 0.06676669167291822 0.101
0 0.2753188297074269 0.30375 0.06376594148537135 0.0935
0 0.3379594898724681 0.27425 0.06601650412603151 0.0845
0 0.3505251312828207 0.198 0.06489122280570142 0.081
0 0.40847711927981994 0.24525 0.07126781695423856 0.0815
0 0.39122280570142537 0.3245 0.06526631657914479 0.086
0 0.3351462865716429 0.3715 0.07014253563390847 0.097
0 0.3925356339084771 0.4115 0.0708927231807952 0.086
0 0.4476744186046512 0.39075 0.06789197299324831 0.0915
0 0.47936984246061515 0.2445 0.06601650412603151 0.088
0 0.5435108777194299 0.25875 0.0622655663915979 0.0845
0 0.49962490622655664 0.33625 0.0690172543135784 0.0895
0 0.545198799699925 0.3865 0.06789197299324831 0.083
0 0.5033758439609902 0.44475 0.06526631657914479 0.0875
0 0.43942235558889725 0.47 0.07014253563390847 0.081
0 0.52231807951988 0.526 0.0671417854463616 0.092
0 0.5892723180795199 0.317 0.06301575393848462 0.091
0 0.6410352588147037 0.30075 0.058514628657164294 0.0825
0 0.6652288072018004 0.3725 0.061140285071267814 0.083
0 0.7057389347336834 0.33025 0.05588897224306077 0.0905
0 0.7389347336834209 0.40025 0.056264066016504126 0.0895
0 0.6821080270067517 0.4365 0.06339084771192798 0.09
0 0.6010877719429858 0.40475 0.056639159789947484 0.0855
0 0.5656414103525882 0.4705 0.06526631657914479 0.08
0 0.6365341335333834 0.488 0.06751687921980495 0.091
0 0.5907726931732933 0.54875 0.07126781695423856 0.0815
0 0.6562265566391597 0.56825 0.06789197299324831 0.0845
0 0.5609527381845462 0.62975 0.06789197299324831 0.0915
0 0.6192798199549887 0.64325 0.06376594148537135 0.0975
0 0.5902100525131283 0.71925 0.0671417854463616 0.0965
0 0.6556639159789948 0.7385 0.06676669167291822 0.08
0 0.6862340585146287 0.66025 0.06489122280570142 0.0905
0 0.7244936234058514 0.76675 0.06564141035258815 0.0975
0 0.7209302325581395 0.59375 0.05926481620405101 0.0935
0 0.7162415603900976 0.5135 0.06564141035258815 0.084
0 0.7755063765941486 0.51075 0.05813953488372093 0.0875
0 0.7873218304576144 0.38875 0.05326331582895724 0.0835
0 0.8220180045011253 0.4445 0.05138784696174044 0.088
0 0.8690922730682671 0.50625 0.058514628657164294 0.0795
0 0.9103525881470368 0.486 0.05476369092273068 0.08
0 0.8255813953488372 0.563 0.05926481620405101 0.078
0 0.8801575393848462 0.58525 0.05738934733683421 0.0855
0 0.9351087771942985 0.57575 0.05926481620405101 0.0775
0 0.7730682670667667 0.6005 0.0555138784696174 0.088
0 0.7438109527381845 0.67825 0.060765191297824456 0.0895
0 0.7972618154538634 0.68125 0.052138034508627154 0.0895
0 0.8478994748687172 0.65875 0.05738934733683421 0.0745
0 0.7798199549887472 0.77375 0.05926481620405101 0.0895
0 0.8345836459114778 0.74 0.0555138784696174 0.082
0 0.9036009002250562 0.72375 0.060765191297824456 0.0905
0 0.9341710427606902 0.6695 0.055138784696174045 0.084
