0 0.12584396099024756 0.44375 0.06864216054013503 0.0835
0 0.145536384096024 0.5215 0.06451612903225806 0.087
0 0.20836459114778694 0.41775 0.05138784696174044 0.0845
0 0.21980495123780946 0.51275 0.06601650412603151 0.0885
0 0.1695423855963991 0.595 0.06751687921980495 0.08
0 0.2243060765191298 0.6415 0.058514628657164294 0.073
0 0.2605026256564141 0.70125 0.056639159789947484 0.0875
0 0.29632408102025504 0.7475 0.06151537884471118 0.085
0 0.3584021005251313 0.7945 0.06564141035258815 0.073
0 0.24456114028507125 0.593 0.06376594148537135 0.086
0 0.2846961740435109 0.53025 0.05776444111027757 0.0885
0 0.25712678169542386 0.45625 0.06339084771192798 0.0735
0 0.26800450112528135 0.39325 0.059639909977494375 0.0785
0 0.30963990997749435 0.42525 0.06339084771192798 0.0875
0 0.34602400600150035 0.4925 0.06789197299324831 0.081
0 0.3175168792198049 0.603 0.0536384096024006 0.088
0 0.31357839459864967 0.676 0.07201800450112528 0.08
0 0.42198049512378094 0.8555 0.0622655663915979 0.085
0 0.41035258814703673 0.756 0.06376594148537135 0.082
0 0.3589647411852963 0.719 0.06526631657914479 0.083
0 0.3756564141035259 0.64025 0.056639159789947484 0.0825
0 0.3758439609902476 0.5695 0.07051762940735183 0.079
0 0.4309827456864216 0.54375 0.06526631657914479 0.0875
0 0.3968492123030758 0.47425 0.06451612903225806 0.0745
0 0.35690172543135784 0.37625 0.06564141035258815 0.0915
0 0.33927231807951985 0.261 0.06639159789947487 0.079
0 0.3951612903225806 0.235 0.056639159789947484 0.088
0 0.4060390097524381 0.326 0.0603900975243811 0.088
0 0.4300450112528132 0.4015 0.047636909227306824 0.083
0 0.46774193548387094 0.476 0.060765191297824456 0.088
0 0.4559264816204051 0.61475 0.061890472618154536 0.0845
0 0.42516879219804954 0.67425 0.06789197299324831 0.0795
0 0.4696174043510878 0.74175 0.060765191297824456 0.0835
0 0.495873968492123 0.79925 0.0622655663915979 0.0735
0 0.532258064516129 0.74875 0.06526631657914479 0.0855
0 0.4971867966991748 0.671 0.06489122280570142 0.08
0 0.5633908477119279 0.66825 0.05701425356339085 0.0765
0 0.5163165791447862 0.5945 0.061140285071267814 0.072
0 0.5011252813203301 0.5205 0.058514628657164294 0.083
0 0.5995873968492123 0.62 0.061140285071267814 0.078
0 0.5692048012003 0.56475 0.059639909977494375 0.0725
0 0.6464741185296324 0.587 0.05813953488372093 0.083
0 0.6699174793698425 0.52575 0.05701425356339085 0.0815
0 0.6072768192048013 0.51 0.05776444111027757 0.078
0 0.5481995498874719 0.49625 0.05738934733683421 0.0685
0 0.45330082520630155 0.2285 0.059639909977494375 0.079
0 0.46211552888222057 0.31675 0.06451612903225806 0.0885
0 0.4874343585896474 0.38275 0.059639909977494375 0.0885
0 0.5491372843210802 0.4135 0.06451612903225806 0.075
0 0.6070892723180795 0.4325 0.06339084771192798 0.077
0 0.5067516879219804 0.18975 0.06376594148537135 0.0805
0 0.5129407351837959 0.26125 0.06339084771192798 0.0955
0 0.536384096024006 0.341 0.06151537884471118 0.086
0 0.5963990997749438 0.3695 0.058514628657164294 0.079
0 0.6747936984246061 0.45 0.05326331582895724 0.084
0 0.731245311327832 0.483 0.07239309827456865 0.078
0 0.7355588897224306 0.412 0.060765191297824456 0.07
0 0.667291822955739 0.372 0.05326331582895724 0.082
0 0.6856714178544636 0.27175 0.0622655663915979 0.0795
0 0.7571267816954238 0.32475 0.06639159789947487 0.0865
0 0.572205551387847 0.2295 0.061890472618154536 0.09
0 0.6074643660915229 0.29275 0.050637659414853715 0.0885
