0 0.1312828207051763 0.67675 0.05401350337584396 0.0495
0 0.14834958739684923 0.637 0.05138784696174044 0.051
0 0.15491372843210802 0.573 0.0555138784696174 0.056
0 0.1828582145536384 0.6845 0.04988747186796699 0.066
0 0.2213053263315829 0.71375 0.05326331582895724 0.0505
0 0.27081770442610653 0.704 0.05476369092273068 0.05
0 0.20798949737434358 0.63575 0.05288822205551388 0.0605
0 0.25806451612903225 0.64425 0.051762940735183796 0.0575
0 0.31301575393848463 0.6545 0.04838709677419355 0.057
0 0.23199549887471868 0.58725 0.052138034508627154 0.0545
0 0.2897599399849963 0.59125 0.05288822205551388 0.0665
0 0.2031132783195799 0.5345 0.05813953488372093 0.067
0 0.26219054763690924 0.52 0.058514628657164294 0.068
0 0.31864216054013506 0.504 0.05738934733683421 0.069
0 0.3345836459114779 0.56625 0.05401350337584396 0.0635
0 0.231807951987997 0.4435 0.056264066016504126 0.07
0 0.28507126781695424 0.4375 0.06151537884471118 0.072
0 0.2747561890472618 0.33975 0.055138784696174045 0.0755
0 0.326894223555889 0.373 0.05888972243060765 0.074
0 0.3437734433608402 0.44725 0.05438859714928732 0.0705
0 0.377344336084021 0.505 0.05401350337584396 0.073
0 0.40153788447111777 0.55875 0.04838709677419355 0.0615
0 0.3833458364591148 0.615 0.04876219054763691 0.057
0 0.3630907726931733 0.66375 0.046511627906976744 0.0565
0 0.4199174793698425 0.65825 0.056639159789947484 0.0535
0 0.46905476369092275 0.67075 0.050637659414853715 0.0685
0 0.43623405851462865 0.5965 0.046511627906976744 0.06
0 0.4836834208552138 0.61575 0.050637659414853715 0.0565
0 0.4754313578394599 0.5625 0.04913728432108027 0.059
0 0.4467366841710428 0.51825 0.05101275318829707 0.0655
0 0.4163540885221305 0.461 0.05026256564141035 0.067
0 0.3876594148537134 0.397 0.05888972243060765 0.075
0 0.37884471117779445 0.32625 0.05476369092273068 0.0745
0 0.4292948237059265 0.35275 0.052138034508627154 0.0705
0 0.44973743435858965 0.40475 0.05401350337584396 0.0595
0 0.4808702175543886 0.32975 0.05401350337584396 0.0615
0 0.5255063765941486 0.28525 0.056264066016504126 0.0785
0 0.5105026256564141 0.36275 0.046511627906976744 0.0555
0 0.5573893473368342 0.33375 0.04951237809452363 0.0715
0 0.5026256564141035 0.43925 0.04951237809452363 0.0595
0 0.549324831207802 0.45475 0.04838709677419355 0.0625
0 0.5857089272318079 0.3945 0.047636909227306824 0.068
0 0.5037509377344336 0.5135 0.05026256564141035 0.065
0 0.54576144036009 0.514 0.047261815453863466 0.062
0 0.5281320330082521 0.57975 0.04576144036009002 0.0595
0 0.5782070517629407 0.5955 0.046136534133533386 0.062
0 0.527006751687922 0.63925 0.04426106526631658 0.0565
0 0.5752063015753939 0.6475 0.04688672168042011 0.052
0 0.5281320330082521 0.692 0.042010502625656414 0.058
0 0.5703300825206301 0.71525 0.04238559639909977 0.0575
0 0.621530382595649 0.74625 0.04351087771942986 0.0525
0 0.6114028507126782 0.67075 0.04126031507876969 0.0535
0 0.6575393848462115 0.65525 0.047261815453863466 0.0625
0 0.6087771942985747 0.56175 0.042010502625656414 0.0625
0 0.6646661665416355 0.584 0.046511627906976744 0.056
0 0.672543135783946 0.5365 0.056264066016504126 0.059
0 0.6340960240060015 0.52025 0.050637659414853715 0.0715
0 0.5872093023255814 0.48325 0.04463615903975994 0.0635
0 0.6303450862715679 0.44775 0.047636909227306824 0.0685
0 0.6770442610652663 0.46225 0.05251312828207052 0.0595
0 0.6288447111777945 0.366 0.050637659414853715 0.068
0 0.6851087771942985 0.34475 0.05138784696174044 0.0705
0 0.7409977494373593 0.31975 0.05438859714928732 0.0755
0 0.8145161290322581 0.34425 0.04988747186796699 0.0675
0 0.8554013503375844 0.32625 0.047636909227306824 0.0625
0 0.7003000750187547 0.391 0.05401350337584396 0.067
0 0.7741935483870968 0.39775 0.04801200300075019 0.0655
0 0.8499624906226556 0.3925 0.03900975243810953 0.065
0 0.727119279819955 0.4525 0.052138034508627154 0.066
0 0.7850712678169542 0.44125 0.04351087771942986 0.0615
0 0.744748687171793 0.49975 0.04838709677419355 0.0595
0 0.8124531132783196 0.48275 0.04426106526631658 0.0575
0 0.8677794448612153 0.4725 0.04388597149287322 0.055
0 0.7153038259564891 0.555 0.03975993998499625 0.058
0 0.7738184546136534 0.5265 0.04801200300075019 0.059
0 0.8463990997749438 0.53525 0.05138784696174044 0.0565
0 0.8055138784696174 0.587 0.050637659414853715 0.059
0 0.7138034508627157 0.60725 0.04801200300075019 0.0595
0 0.7711927981995499 0.62925 0.03975993998499625 0.0585
0 0.6948612153038259 0.67175 0.047636909227306824 0.0515
