0 0.019129782445611403 0.67275 0.037509377344336084 0.0635
0 0.0450112528132033 0.601 0.046511627906976744 0.065
0 0.09171042760690172 0.64775 0.04388597149287322 0.0505
0 0.1063390847711928 0.70625 0.04838709677419355 0.0665
0 0.13953488372093023 0.69625 0.047261815453863466 0.0615
0 0.1024006001500375 0.62625 0.0450112528132033 0.0585
0 0.14403600900225055 0.626 0.05251312828207052 0.057
0 0.090960240060015 0.539 0.04988747186796699 0.058
0 0.053075768942235556 0.4515 0.04913728432108027 0.061
0 0.11252813203300825 0.49025 0.042010502625656414 0.0585
0 0.15960240060015005 0.5435 0.04463615903975994 0.055
0 0.07051762940735183 0.3855 0.047261815453863466 0.062
0 0.10071267816954238 0.34925 0.04688672168042011 0.0785
0 0.0737059264816204 0.25975 0.04688672168042011 0.0705
0 0.16804201050262565 0.19125 0.04576144036009002 0.0615
0 0.14084771192798198 0.23275 0.04088522130532633 0.0715
0 0.17123030757689423 0.26325 0.04913728432108027 0.0625
0 0.14328582145536384 0.31375 0.04426106526631658 0.0675
0 0.2289947486871718 0.23675 0.04238559639909977 0.0615
0 0.2575018754688672 0.20725 0.04238559639909977 0.0565
0 0.30026256564141035 0.2 0.0536384096024006 0.068
0 0.2751312828207052 0.242 0.05138784696174044 0.062
0 0.25056264066016504 0.29225 0.04876219054763691 0.0615
0 0.19392348087021755 0.3235 0.04426106526631658 0.07
0 0.17760690172543137 0.375 0.047636909227306824 0.061
0 0.13240810202550637 0.4265 0.04951237809452363 0.06
0 0.1524756189047262 0.47625 0.04913728432108027 0.0575
0 0.21774193548387097 0.70675 0.04388597149287322 0.0545
0 0.25806451612903225 0.7015 0.0450112528132033 0.053
0 0.3034508627156789 0.70825 0.04351087771942986 0.0595
0 0.33927231807951985 0.68675 0.050637659414853715 0.0535
0 0.20198799699924982 0.6355 0.03788447111777944 0.06
0 0.24962490622655664 0.64175 0.04388597149287322 0.0495
0 0.2893848462115529 0.65675 0.03938484621155289 0.0615
0 0.322768192048012 0.63025 0.047636909227306824 0.0595
0 0.2098649662415604 0.58325 0.04988747186796699 0.0555
0 0.2668792198049512 0.59475 0.04388597149287322 0.0545
0 0.3370217554388597 0.57875 0.047636909227306824 0.0575
0 0.23162040510127532 0.5445 0.047636909227306824 0.063
0 0.1991747936984246 0.51075 0.04801200300075019 0.0555
0 0.19017254313578394 0.4615 0.0450112528132033 0.066
0 0.23537134283570893 0.47425 0.04238559639909977 0.0635
0 0.2903225806451613 0.507 0.04276069017254314 0.061
0 0.218304576144036 0.40675 0.04951237809452363 0.0665
0 0.2625656414103526 0.42825 0.04351087771942986 0.0605
0 0.31545386346586646 0.4655 0.04351087771942986 0.052
0 0.3418979744936234 0.52275 0.04538634658664666 0.0595
0 0.38465866466616655 0.51675 0.04538634658664666 0.0605
0 0.24437359339834958 0.35225 0.04388597149287322 0.0685
0 0.2946361590397599 0.3695 0.05138784696174044 0.06
0 0.2938859714928732 0.312 0.04838709677419355 0.064
0 0.33570892723180795 0.2955 0.04576144036009002 0.06
0 0.34846211552888223 0.3535 0.04276069017254314 0.067
0 0.33289572393098277 0.4105 0.047636909227306824 0.064
0 0.37378094523630906 0.25225 0.04463615903975994 0.0655
0 0.3745311327831958 0.316 0.0536384096024006 0.061
0 0.4127906976744186 0.27575 0.04463615903975994 0.0695
0 0.43135783945986494 0.33175 0.04576144036009002 0.0625
0 0.38297074268567144 0.41275 0.03975993998499625 0.0685
0 0.3630907726931733 0.4585 0.04801200300075019 0.064
0 0.38747186796699173 0.5725 0.04426106526631658 0.059
0 0.40678919729932483 0.63075 0.04088522130532633 0.0615
0 0.3899099774943736 0.66225 0.04538634658664666 0.0545
0 0.41410352588147037 0.71825 0.051762940735183796 0.0655
0 0.45836459114778694 0.712 0.042010502625656414 0.058
0 0.43885971492873216 0.67175 0.04801200300075019 0.0545
0 0.47168042010502625 0.652 0.04688672168042011 0.061
0 0.49531132783195797 0.71675 0.047636909227306824 0.0655
0 0.43435858964741186 0.59525 0.04576144036009002 0.0615
0 0.41354088522130533 0.4685 0.04838709677419355 0.06
0 0.436046511627907 0.52375 0.04538634658664666 0.0615
0 0.4324831207801951 0.39175 0.05326331582895724 0.0715
0 0.47336834208552137 0.298 0.04351087771942986 0.067
0 0.5125656414103525 0.31425 0.04238559639909977 0.0675
0 0.5054388597149287 0.3805 0.050637659414853715 0.064
0 0.45255063765941483 0.44875 0.04988747186796699 0.0595
0 0.4975618904726182 0.443 0.050637659414853715 0.068
0 0.4778694673668417 0.5045 0.04951237809452363 0.062
0 0.4788072018004501 0.567 0.047636909227306824 0.06
0 0.5116279069767442 0.61025 0.04876219054763691 0.0525
0 0.5221305326331583 0.66825 0.05251312828207052 0.0575
0 0.5420105026256564 0.71825 0.04876219054763691 0.0555
0 0.5838334583645911 0.701 0.04238559639909977 0.056
0 0.5695798949737434 0.6555 0.04538634658664666 0.053
0 0.5558889722430608 0.597 0.05326331582895724 0.062
0 0.522880720180045 0.542 0.0555138784696174 0.058
0 0.549324831207802 0.49025 0.047636909227306824 0.0615
0 0.581582895723931 0.54275 0.047636909227306824 0.0565
0 0.5913353338334584 0.5945 0.04088522130532633 0.054
0 0.549324831207802 0.43525 0.052138034508627154 0.0605
0 0.5635783945986497 0.356 0.04838709677419355 0.065
0 0.5609527381845462 0.295 0.04238559639909977 0.071
0 0.604463615903976 0.31325 0.050637659414853715 0.0695
0 0.6316579144786196 0.35825 0.04801200300075019 0.0645
0 0.5928357089272318 0.3965 0.04838709677419355 0.062
0 0.5952738184546137 0.4595 0.05101275318829707 0.064
0 0.6305326331582896 0.42875 0.04426106526631658 0.0675
0 0.6174043510877719 0.514 0.047261815453863466 0.061
0 0.635596399099775 0.56375 0.046136534133533386 0.0555
0 0.6350337584396099 0.62425 0.046511627906976744 0.0635
0 0.6235933983495874 0.6825 0.04538634658664666 0.054
0 0.6567891972993248 0.71475 0.04126031507876969 0.0575
0 0.6952363090772693 0.7515 0.04013503375843961 0.05
0 0.6957989497374344 0.703 0.03825956489122281 0.049
0 0.6755438859714928 0.653 0.04576144036009002 0.066
0 0.6822955738934734 0.60475 0.04876219054763691 0.0575
0 0.6691672918229558 0.5335 0.04426106526631658 0.065
0 0.6706676669167292 0.47875 0.04876219054763691 0.0615
0 0.6884846211552889 0.42175 0.052138034508627154 0.0585
0 0.6821080270067517 0.355 0.04988747186796699 0.064
0 0.6749812453113279 0.292 0.047636909227306824 0.072
0 0.7256189047261815 0.359 0.04238559639909977 0.069
0 0.7226181545386346 0.4215 0.04463615903975994 0.066
0 0.7323705926481621 0.48425 0.047636909227306824 0.0615
0 0.741747936984246 0.54075 0.05288822205551388 0.0585
0 0.722993248312078 0.5995 0.046136534133533386 0.059
0 0.7207426856714179 0.65 0.04913728432108027 0.057
0 0.7250562640660165 0.6855 0.042010502625656414 0.058
0 0.7603150787696924 0.6975 0.03900975243810953 0.049
0 0.7736309077269318 0.651 0.041635408852213056 0.052
0 0.7629407351837959 0.62275 0.0450112528132033 0.0565
0 0.7702550637659414 0.5645 0.04238559639909977 0.057
0 0.809264816204051 0.56975 0.041635408852213056 0.0525
0 0.8343960990247562 0.5295 0.03938484621155289 0.057
0 0.7933233308327082 0.50175 0.046511627906976744 0.0605
0 0.7745686421605401 0.452 0.04351087771942986 0.064
0 0.7732558139534884 0.3795 0.050637659414853715 0.059
