0 0.10821455363840961 0.31525 0.041635408852213056 0.0595
0 0.18735933983495873 0.345 0.04088522130532633 0.047
0 0.21605401350337583 0.38575 0.03900975243810953 0.0505
0 0.2348087021755439 0.435 0.03825956489122281 0.047
0 0.2576894223555889 0.40375 0.035258814703675916 0.0495
0 0.24118529632408103 0.33425 0.035258814703675916 0.0465
0 0.2203675918979745 0.29825 0.037134283570892726 0.0435
0 0.21117779444861215 0.471 0.03900975243810953 0.048
0 0.23499624906226557 0.48775 0.034133533383345835 0.0505
0 0.2175543885971493 0.524 0.035258814703675916 0.036
0 0.2511252813203301 0.531 0.037134283570892726 0.049
0 0.12959489872468116 0.50225 0.04013503375843961 0.0545
0 0.16429107276819205 0.53275 0.05026256564141035 0.0635
0 0.17948237059264815 0.58925 0.041635408852213056 0.0435
0 0.2768192048012003 0.5675 0.04051012753188297 0.046
0 0.26462865716429107 0.616 0.04238559639909977 0.063
0 0.3058889722430608 0.65775 0.04238559639909977 0.0525
0 0.3210802700675169 0.60425 0.03975993998499625 0.0555
0 0.3621530382595649 0.636 0.03488372093023256 0.05
0 0.353900975243811 0.6855 0.03488372093023256 0.057
0 0.40397599399849965 0.6775 0.04126031507876969 0.057
0 0.39797449362340587 0.614 0.042010502625656414 0.047
0 0.3754688672168042 0.5915 0.035258814703675916 0.045
0 0.33983495873968494 0.55775 0.03600900225056264 0.0555
0 0.3784696174043511 0.5355 0.03900975243810953 0.051
0 0.31657914478619653 0.5415 0.03675918979744936 0.046
0 0.2805701425356339 0.5045 0.037509377344336084 0.047
0 0.27419354838709675 0.44975 0.03900975243810953 0.0465
0 0.30007501875468867 0.42275 0.03975993998499625 0.0495
0 0.32633158289572395 0.45475 0.037509377344336084 0.0415
0 0.3334583645911478 0.494 0.035258814703675916 0.055
0 0.35952738184546135 0.43625 0.037134283570892726 0.0475
0 0.3915978994748687 0.49 0.04051012753188297 0.044
0 0.3141410352588147 0.377 0.037134283570892726 0.044
0 0.35258814703675917 0.3935 0.03675918979744936 0.049
0 0.3951612903225806 0.4035 0.036384096024006 0.04
0 0.3803450862715679 0.3535 0.03600900225056264 0.045
0 0.34733683420855216 0.33625 0.03675918979744936 0.0435
0 0.2871342835708927 0.34275 0.038634658664666165 0.0475
0 0.30888972243060764 0.3075 0.04013503375843961 0.043
0 0.25993998499624904 0.28475 0.03900975243810953 0.0425
0 0.2376219054763691 0.249 0.037134283570892726 0.044
0 0.25975243810952736 0.21075 0.04088522130532633 0.0455
0 0.2828207051762941 0.24625 0.037509377344336084 0.0455
0 0.2813203300825206 0.1725 0.03675918979744936 0.045
0 0.32314328582145535 0.187 0.03338334583645911 0.043
0 0.31039009752438107 0.233 0.030382595648912228 0.043
0 0.3561515378844711 0.2505 0.032633158289572396 0.042
0 0.34752438109527384 0.28975 0.034133533383345835 0.0445
0 0.3852213053263316 0.3105 0.035258814703675916 0.043
0 0.38447111777944487 0.2625 0.03375843960990248 0.045
0 0.3784696174043511 0.2005 0.03975993998499625 0.046
0 0.3554013503375844 0.157 0.041635408852213056 0.041
0 0.4187921980495124 0.2215 0.034133533383345835 0.046
0 0.45817704426106526 0.22825 0.03788447111777944 0.0465
0 0.42966991747936983 0.2765 0.03938484621155289 0.043
0 0.4643660915228807 0.287 0.035258814703675916 0.042
0 0.4855588897224306 0.3075 0.038634658664666165 0.047
0 0.5101275318829708 0.27425 0.03900975243810953 0.0475
0 0.4214178544636159 0.322 0.03338334583645911 0.043
0 0.45255063765941483 0.33125 0.037134283570892726 0.0425
0 0.48537134283570893 0.3535 0.03900975243810953 0.045
0 0.5238184546136534 0.348 0.03788447111777944 0.045
0 0.422543135783946 0.37725 0.03113278319579895 0.0455
0 0.4570517629407352 0.386 0.03338334583645911 0.043
0 0.4904351087771943 0.40425 0.037134283570892726 0.0395
0 0.505251312828207 0.44275 0.03675918979744936 0.0495
0 0.46492873218304576 0.42875 0.038634658664666165 0.0485
0 0.42685671417854465 0.42425 0.03600900225056264 0.0495
0 0.40416354088522133 0.455 0.037134283570892726 0.046
0 0.43023255813953487 0.488 0.033008252063015754 0.047
0 0.4249812453113278 0.53 0.035258814703675916 0.045
0 0.4529257314328582 0.5115 0.03563390847711928 0.045
0 0.45048762190547637 0.558 0.037509377344336084 0.049
0 0.41260315078769694 0.57375 0.0345086271567892 0.0435
0 0.4392348087021755 0.61125 0.03825956489122281 0.0505
0 0.47093023255813954 0.63425 0.03113278319579895 0.0565
0 0.4386721680420105 0.65925 0.037134283570892726 0.0495
0 0.49474868717179293 0.67225 0.0345086271567892 0.0515
0 0.45067516879219804 0.72 0.037134283570892726 0.056
0 0.4934358589647412 0.732 0.04013503375843961 0.055
0 0.530570142535634 0.73875 0.032633158289572396 0.0525
0 0.5333833458364591 0.68725 0.035258814703675916 0.0525
0 0.5159414853713429 0.6355 0.03788447111777944 0.048
0 0.49118529632408103 0.5825 0.038634658664666165 0.049
0 0.4941860465116279 0.53375 0.036384096024006 0.0495
0 0.49362340585146286 0.4825 0.03900975243810953 0.045
0 0.5206301575393848 0.508 0.03675918979744936 0.043
0 0.5356339084771192 0.5575 0.035258814703675916 0.052
0 0.5470742685671418 0.60275 0.037134283570892726 0.0465
0 0.5579519879969993 0.6475 0.04088522130532633 0.055
0 0.6093398349587397 0.7205 0.050637659414853715 0.064
0 0.596211552888222 0.6705 0.036384096024006 0.045
0 0.6312828207051763 0.64675 0.03675918979744936 0.0455
0 0.6631657914478619 0.68575 0.03975993998499625 0.0515
0 0.5913353338334584 0.6155 0.03488372093023256 0.05
0 0.572768192048012 0.575 0.03675918979744936 0.052
0 0.6067141785446362 0.58025 0.03488372093023256 0.0425
0 0.6462865716429107 0.596 0.04126031507876969 0.046
0 0.6020255063765941 0.52075 0.03900975243810953 0.0485
0 0.5575768942235559 0.51575 0.036384096024006 0.0495
0 0.5712678169542386 0.47325 0.033008252063015754 0.0455
0 0.5391972993248312 0.45825 0.034133533383345835 0.0455
0 0.5605776444111028 0.42075 0.03563390847711928 0.0495
0 0.5268192048012003 0.404 0.03338334583645911 0.045
0 0.5581395348837209 0.38575 0.0345086271567892 0.0385
0 0.594523630907727 0.39975 0.03825956489122281 0.0465
0 0.5787696924231058 0.318 0.03975993998499625 0.051
0 0.5967741935483871 0.35575 0.03375843960990248 0.0485
0 0.628469617404351 0.34075 0.03788447111777944 0.0395
0 0.6200300075018754 0.291 0.0345086271567892 0.041
0 0.6545386346586647 0.294 0.03825956489122281 0.041
0 0.6785446361590397 0.25825 0.03150787696924231 0.0435
0 0.7016129032258065 0.2885 0.03563390847711928 0.042
0 0.6582895723930983 0.37125 0.03900975243810953 0.0395
0 0.671980495123781 0.40175 0.03563390847711928 0.0525
0 0.6260315078769693 0.39925 0.03375843960990248 0.0415
0 0.6260315078769693 0.43675 0.04051012753188297 0.0515
0 0.653788447111778 0.4475 0.037509377344336084 0.052
0 0.6324081020255063 0.4875 0.037509377344336084 0.048
0 0.667291822955739 0.50025 0.03675918979744936 0.0475
0 0.6884846211552889 0.46325 0.034133533383345835 0.0455
0 0.7021755438859715 0.5055 0.0345086271567892 0.046
0 0.667291822955739 0.567 0.03825956489122281 0.047
0 0.6922355588897224 0.55825 0.034133533383345835 0.0395
0 0.7331207801950488 0.54 0.038634658664666165 0.049
0 0.7413728432108027 0.593 0.036384096024006 0.049
0 0.7342460615153789 0.4735 0.036384096024006 0.042
0 0.7091147786946737 0.39775 0.038634658664666165 0.0445
0 0.7319954988747187 0.4275 0.029632408102025505 0.049
0 0.7595648912228057 0.43975 0.03375843960990248 0.0485
0 0.7288072018004501 0.3845 0.03150787696924231 0.041
0 0.7563765941485371 0.39525 0.03563390847711928 0.0455
0 0.7743810952738185 0.369 0.032633158289572396 0.037
0 0.6946736684171043 0.35275 0.03900975243810953 0.0485
0 0.722430607651913 0.33525 0.035258814703675916 0.0465
0 0.740060015003751 0.293 0.03600900225056264 0.047
0 0.7661290322580645 0.318 0.03938484621155289 0.049
0 0.7725056264066017 0.2845 0.029632408102025505 0.042
0 0.7164291072768192 0.24575 0.033008252063015754 0.0475
0 0.7575018754688673 0.2335 0.034133533383345835 0.042
0 0.7736309077269318 0.22825 0.02738184546136534 0.0435
0 0.8030757689422355 0.20975 0.030007501875468866 0.0395
0 0.8068267066766691 0.24025 0.03375843960990248 0.0395
0 0.8073893473368342 0.2815 0.03488372093023256 0.045
0 0.8225806451612904 0.3185 0.03375843960990248 0.045
0 0.836271567891973 0.33175 0.02288072018004501 0.0405
0 0.8664666166541636 0.323 0.03225806451612903 0.044
0 0.8381470367591898 0.27975 0.03188297074268567 0.0435
0 0.8640285071267817 0.263 0.034133533383345835 0.042
0 0.8452738184546137 0.22425 0.03113278319579895 0.0415
0 0.8295198799699925 0.184 0.03488372093023256 0.036
0 0.877344336084021 0.1375 0.03225806451612903 0.039
0 0.9079144786196549 0.16375 0.028132033008252063 0.0375
0 0.8831582895723931 0.205 0.03113278319579895 0.047
0 0.8831582895723931 0.1855 0.034133533383345835 0.034
0 0.9156039009752438 0.2035 0.028507126781695424 0.046
0 0.9608027006751688 0.1555 0.02738184546136534 0.044
0 0.940735183795949 0.12175 0.02625656414103526 0.0365
0 0.9754313578394599 0.19575 0.037134283570892726 0.0325
0 0.9491747936984246 0.22725 0.03338334583645911 0.0415
0 0.9638034508627157 0.259 0.03113278319579895 0.039
0 0.9120405101275318 0.25225 0.032633158289572396 0.0425
0 0.8921605401350338 0.281 0.03188297074268567 0.044
0 0.9262940735183796 0.295 0.028882220555138786 0.039
0 0.9114778694673669 0.3315 0.03225806451612903 0.043
0 0.9028507126781695 0.36575 0.03600900225056264 0.0415
0 0.9518004501125281 0.39 0.034133533383345835 0.041
0 0.8505251312828207 0.36575 0.028882220555138786 0.0385
0 0.8524006001500375 0.401 0.029632408102025505 0.044
0 0.8677794448612153 0.438 0.034133533383345835 0.052
0 0.8750937734433608 0.39925 0.0277569392348087 0.0445
0 0.8252063015753939 0.365 0.03375843960990248 0.046
0 0.8015753938484621 0.39475 0.033008252063015754 0.0505
0 0.8015753938484621 0.4565 0.03375843960990248 0.036
