0 0.18473368342085522 0.24 0.04538634658664666 0.061
0 0.22786946736684172 0.19625 0.04913728432108027 0.0685
0 0.14497374343585898 0.31975 0.04538634658664666 0.0665
0 0.1399099774943736 0.3875 0.05101275318829707 0.058
0 0.16222805701425355 0.44375 0.056639159789947484 0.0605
0 0.19823705926481622 0.5035 0.04913728432108027 0.061
0 0.22730682670667668 0.43025 0.05326331582895724 0.0585
0 0.2213053263315829 0.3785 0.05326331582895724 0.064
0 0.21999249812453114 0.30325 0.04838709677419355 0.0655
0 0.23912228057014254 0.25375 0.0536384096024006 0.0705
0 0.30045011252813203 0.1935 0.046511627906976744 0.063
0 0.28507126781695424 0.249 0.04801200300075019 0.068
0 0.2633158289572393 0.31925 0.042010502625656414 0.0665
0 0.29951237809452363 0.33 0.0536384096024006 0.072
0 0.2805701425356339 0.3785 0.05026256564141035 0.068
0 0.2788822205551388 0.44125 0.050637659414853715 0.0595
0 0.2569392348087022 0.48125 0.05026256564141035 0.0595
0 0.23968492123030757 0.553 0.04426106526631658 0.058
0 0.27419354838709675 0.6035 0.04951237809452363 0.047
0 0.3148912228057014 0.6035 0.04388597149287322 0.056
0 0.31376594148537135 0.66325 0.04838709677419355 0.0555
0 0.3477119279819955 0.692 0.0450112528132033 0.047
0 0.38390847711927983 0.71075 0.04013503375843961 0.0475
0 0.390285071267817 0.67975 0.04238559639909977 0.0515
0 0.36534133533383345 0.6305 0.04351087771942986 0.055
0 0.41410352588147037 0.65375 0.04351087771942986 0.0525
0 0.2835708927231808 0.53125 0.03825956489122281 0.0605
0 0.3216429107276819 0.54825 0.03938484621155289 0.0635
0 0.30120030007501875 0.48925 0.046511627906976744 0.0585
0 0.3300825206301575 0.4425 0.04576144036009002 0.061
0 0.36627906976744184 0.461 0.04688672168042011 0.063
0 0.35277569392348085 0.504 0.04238559639909977 0.057
0 0.3554013503375844 0.57725 0.04538634658664666 0.0555
0 0.3278319579894974 0.37975 0.04876219054763691 0.0605
0 0.39047261815453865 0.538 0.04426106526631658 0.062
0 0.40003750937734434 0.58475 0.04013503375843961 0.0535
0 0.4351087771942986 0.601 0.04876219054763691 0.06
0 0.4291072768192048 0.68475 0.035258814703675916 0.0355
0 0.45067516879219804 0.67575 0.04238559639909977 0.0535
0 0.427231807951988 0.75725 0.04351087771942986 0.0495
0 0.4472993248312078 0.763 0.02738184546136534 0.041
0 0.4679294823705927 0.7085 0.04238559639909977 0.049
0 0.4894973743435859 0.71725 0.02700675168792198 0.0435
0 0.48799699924981244 0.80825 0.04126031507876969 0.0515
0 0.5249437359339835 0.7795 0.032633158289572396 0.046
0 0.5570142535633908 0.818 0.0345086271567892 0.046
0 0.5588897224306076 0.777 0.03600900225056264 0.048
0 0.5251312828207052 0.72825 0.037509377344336084 0.0475
0 0.5611402850712678 0.73475 0.03975993998499625 0.0465
0 0.48687171792948236 0.648 0.028507126781695424 0.038
0 0.4722430607651913 0.61425 0.04276069017254314 0.0465
0 0.5084396099024756 0.63675 0.04388597149287322 0.0555
0 0.5086271567891973 0.67525 0.024006001500375095 0.0385
0 0.5253188297074268 0.66725 0.034133533383345835 0.0445
0 0.5495123780945236 0.6935 0.03225806451612903 0.043
0 0.5718304576144037 0.68925 0.04913728432108027 0.0445
0 0.5933983495873969 0.697 0.035258814703675916 0.039
0 0.6087771942985747 0.7375 0.03900975243810953 0.045
0 0.6095273818454614 0.795 0.04351087771942986 0.041
0 0.3548387096774194 0.2645 0.04576144036009002 0.065
0 0.38053263315828956 0.20025 0.04838709677419355 0.0635
0 0.4036009002250563 0.25625 0.04276069017254314 0.0625
0 0.38803450862715677 0.307 0.047636909227306824 0.062
0 0.37490622655663913 0.3875 0.04688672168042011 0.064
0 0.42010502625656415 0.36225 0.05401350337584396 0.0645
0 0.40735183795948987 0.49525 0.04276069017254314 0.0545
0 0.43942235558889725 0.52525 0.04013503375843961 0.0515
0 0.42610652663165793 0.44025 0.04576144036009002 0.0605
0 0.4576144036009002 0.48825 0.047261815453863466 0.0575
0 0.4857464366091523 0.54025 0.03975993998499625 0.0505
0 0.5178169542385597 0.56625 0.04538634658664666 0.0525
0 0.5568267066766691 0.60975 0.038634658664666165 0.0515
0 0.5918979744936234 0.6245 0.04051012753188297 0.054
0 0.6022130532633159 0.65475 0.04013503375843961 0.0385
0 0.6245311327831958 0.66525 0.03225806451612903 0.0455
0 0.6477869467366841 0.69925 0.037509377344336084 0.0475
0 0.6511627906976745 0.74125 0.03600900225056264 0.0485
0 0.5918979744936234 0.81625 0.035258814703675916 0.0425
0 0.6166541635408852 0.82375 0.021005251312828207 0.0345
0 0.6350337584396099 0.82125 0.03900975243810953 0.0445
0 0.6507876969242311 0.848 0.04126031507876969 0.036
0 0.6676669167291823 0.80325 0.04126031507876969 0.0535
0 0.6971117779444861 0.83575 0.03563390847711928 0.0425
0 0.7220555138784697 0.818 0.03375843960990248 0.043
0 0.7441860465116279 0.805 0.03150787696924231 0.035
0 0.7340585146286571 0.78125 0.042010502625656414 0.0395
0 0.6948612153038259 0.7635 0.036384096024006 0.032
0 0.6963615903975994 0.74475 0.041635408852213056 0.0485
0 0.7246811702925732 0.74225 0.03825956489122281 0.0465
0 0.7524381095273819 0.74175 0.03225806451612903 0.0465
0 0.7642535633908477 0.7695 0.03563390847711928 0.04
0 0.786384096024006 0.8065 0.032633158289572396 0.047
0 0.8548387096774194 0.80575 0.03825956489122281 0.0465
0 0.7980120030007501 0.7545 0.04388597149287322 0.044
0 0.7801950487621906 0.721 0.03675918979744936 0.045
0 0.7368717179294824 0.704 0.03788447111777944 0.046
0 0.6927981995498874 0.68825 0.03975993998499625 0.0475
0 0.6663540885221305 0.66625 0.04013503375843961 0.0495
0 0.640847711927982 0.62975 0.046136534133533386 0.0425
0 0.5967741935483871 0.57675 0.0450112528132033 0.0645
0 0.6252813203300825 0.59625 0.035258814703675916 0.0475
0 0.5573893473368342 0.54175 0.04351087771942986 0.0495
0 0.5048762190547637 0.48525 0.04126031507876969 0.0495
0 0.536946736684171 0.503 0.04238559639909977 0.047
0 0.4863090772693173 0.43875 0.04838709677419355 0.0535
0 0.4606151537884471 0.387 0.047261815453863466 0.06
0 0.45630157539384847 0.3315 0.04238559639909977 0.057
0 0.49962490622655664 0.35875 0.042010502625656414 0.0575
0 0.5367591897974494 0.3935 0.0450112528132033 0.061
0 0.5376969242310577 0.447 0.04238559639909977 0.067
0 0.5725806451612904 0.4375 0.04088522130532633 0.052
0 0.5834583645911477 0.51575 0.04388597149287322 0.0585
0 0.4529257314328582 0.1575 0.04538634658664666 0.061
0 0.4281695423855964 0.2085 0.04688672168042011 0.062
0 0.45236309077269315 0.25225 0.05101275318829707 0.0665
0 0.49681170292573146 0.24675 0.04388597149287322 0.0595
0 0.542198049512378 0.122 0.043135783945986494 0.064
0 0.5236309077269318 0.20625 0.0450112528132033 0.0605
0 0.5356339084771192 0.27125 0.047261815453863466 0.0705
0 0.4975618904726182 0.305 0.04538634658664666 0.059
0 0.5371342835708928 0.33225 0.04426106526631658 0.0555
0 0.5765191297824456 0.18175 0.0450112528132033 0.0615
0 0.5699549887471868 0.242 0.04463615903975994 0.06
0 0.5716429107276819 0.29625 0.0450112528132033 0.0495
0 0.572768192048012 0.35325 0.04276069017254314 0.0565
0 0.6119654913728432 0.16175 0.04238559639909977 0.0625
0 0.6033383345836459 0.2175 0.03938484621155289 0.056
0 0.6102775693923481 0.26925 0.04426106526631658 0.0595
0 0.6035258814703676 0.325 0.042010502625656414 0.052
0 0.6061515378844711 0.38425 0.04276069017254314 0.0685
0 0.6147786946736684 0.4485 0.03675918979744936 0.058
0 0.6415978994748687 0.44725 0.034133533383345835 0.0575
0 0.6235933983495874 0.509 0.04088522130532633 0.056
0 0.6335333833458364 0.55675 0.04876219054763691 0.0585
0 0.6620405101275318 0.517 0.0450112528132033 0.064
0 0.6646661665416355 0.592 0.03975993998499625 0.053
0 0.6839834958739685 0.564 0.04463615903975994 0.042
0 0.6931732933233309 0.60875 0.03675918979744936 0.0475
0 0.6982370592648162 0.6455 0.037134283570892726 0.044
0 0.8208927231807952 0.7245 0.03788447111777944 0.044
0 0.8557764441110277 0.7135 0.036384096024006 0.042
0 0.7409977494373593 0.65075 0.04013503375843961 0.0435
0 0.7758814703675919 0.67775 0.04838709677419355 0.0495
0 0.8085146286571643 0.67725 0.03563390847711928 0.0465
0 0.8546511627906976 0.684 0.041635408852213056 0.047
0 0.7301200300075019 0.6145 0.04388597149287322 0.053
0 0.7672543135783946 0.61925 0.03788447111777944 0.0495
0 0.8105776444111028 0.63175 0.0450112528132033 0.0575
0 0.8486496624156039 0.62175 0.041635408852213056 0.0485
0 0.7063015753938484 0.5645 0.03075768942235559 0.058
0 0.7393098274568642 0.569 0.03975993998499625 0.049
0 0.7777569392348087 0.58 0.038634658664666165 0.053
0 0.8169542385596399 0.57725 0.0450112528132033 0.0485
0 0.859152288072018 0.576 0.04388597149287322 0.048
0 0.6894223555888972 0.49475 0.046511627906976744 0.0585
0 0.7171792948237059 0.51775 0.03825956489122281 0.0485
0 0.7573143285821455 0.52475 0.03825956489122281 0.0535
0 0.7933233308327082 0.534 0.04426106526631658 0.048
0 0.8375843960990248 0.53925 0.05101275318829707 0.0585
0 0.6511627906976745 0.22275 0.047261815453863466 0.0625
0 0.6470367591897974 0.2725 0.0450112528132033 0.058
0 0.6939234808702176 0.237 0.0450112528132033 0.063
0 0.6963615903975994 0.29475 0.0536384096024006 0.0545
0 0.659039759939985 0.33 0.04576144036009002 0.06
0 0.6474118529632408 0.388 0.04426106526631658 0.058
0 0.694298574643661 0.38175 0.04576144036009002 0.0545
0 0.6798574643660915 0.42975 0.04388597149287322 0.0515
0 0.7216804201050263 0.45575 0.04351087771942986 0.0565
0 0.7428732183045762 0.48625 0.04463615903975994 0.0535
0 0.741185296324081 0.2565 0.04951237809452363 0.055
0 0.7531882970742686 0.29575 0.04876219054763691 0.0605
0 0.7218679669917479 0.34025 0.04913728432108027 0.0595
0 0.7813203300825207 0.32625 0.03675918979744936 0.0585
0 0.7595648912228057 0.36075 0.04426106526631658 0.0575
0 0.7845086271567892 0.3875 0.038634658664666165 0.054
0 0.7516879219804952 0.41625 0.04051012753188297 0.0555
0 0.7743810952738185 0.44575 0.04463615903975994 0.0545
0 0.8122655663915979 0.438 0.043135783945986494 0.048
0 0.7970742685671418 0.48775 0.04351087771942986 0.0505
0 0.8340210052513128 0.4785 0.04238559639909977 0.046
