0 0.326 0.8111402850712678 0.081 0.06339084771192798
0 0.39575 0.8319579894973743 0.0655 0.0555138784696174
0 0.47175 0.8567141785446362 0.0755 0.06676669167291822
0 0.56675 0.7674418604651163 0.0735 0.0622655663915979
0 0.59825 0.8021380345086272 0.0695 0.061890472618154536
0 0.681 0.8072018004501126 0.083 0.05401350337584396
0 0.74675 0.7631282820705176 0.0665 0.055138784696174045
0 0.69575 0.7336834208552138 0.0775 0.06976744186046512
0 0.62575 0.7346211552888222 0.0705 0.055138784696174045
0 0.58375 0.6924231057764441 0.0685 0.06001500375093773
0 0.51675 0.6971117779444861 0.0745 0.05588897224306077
0 0.4525 0.7314328582145536 0.077 0.056264066016504126
0 0.38975 0.7445611402850713 0.0665 0.06151537884471118
0 0.38875 0.6680420105026257 0.0685 0.06001500375093773
0 0.4565 0.6629782445611403 0.069 0.05138784696174044
0 0.51775 0.6397224306076519 0.0755 0.05138784696174044
0 0.5995 0.6380345086271568 0.075 0.05101275318829707
0 0.667 0.6526631657914479 0.076 0.05401350337584396
0 0.75825 0.707801950487622 0.0715 0.0555138784696174
0 0.76175 0.6511627906976745 0.0835 0.051762940735183796
0 0.696 0.6046511627906976 0.083 0.05776444111027757
0 0.611 0.5731432858214554 0.073 0.051762940735183796
0 0.5425 0.5872093023255814 0.07 0.0536384096024006
0 0.46675 0.6134658664666166 0.0665 0.056639159789947484
0 0.391 0.6155288822205551 0.075 0.04876219054763691
0 0.35825 0.5598274568642161 0.0645 0.04913728432108027
0 0.436 0.562828207051763 0.074 0.04838709677419355
0 0.48225 0.5418229557389347 0.0695 0.05438859714928732
0 0.5505 0.5318829707426856 0.062 0.056264066016504126
0 0.63425 0.5238184546136534 0.0675 0.05438859714928732
0 0.697 0.5534508627156789 0.068 0.05588897224306077
0 0.76 0.5605776444111028 0.07 0.05738934733683421
0 0.82875 0.5838334583645911 0.0765 0.05438859714928732
0 0.84375 0.531695423855964 0.0755 0.04913728432108027
0 0.7365 0.5078769692423106 0.067 0.0555138784696174
0 0.65575 0.4816204051012753 0.0665 0.05251312828207052
0 0.5645 0.4829332333083271 0.07 0.04988747186796699
0 0.465 0.48499624906226557 0.067 0.05251312828207052
0 0.384 0.5076894223555889 0.068 0.0536384096024006
0 0.317 0.5015003750937734 0.073 0.05326331582895724
0 0.238 0.4212303075768942 0.075 0.056264066016504126
0 0.3635 0.4654913728432108 0.057 0.04276069017254314
0 0.4015 0.4351087771942986 0.091 0.060765191297824456
0 0.317 0.38634658664666166 0.082 0.05926481620405101
0 0.242 0.34527381845461363 0.067 0.0536384096024006
0 0.249 0.3818454613653413 0.073 0.04351087771942986
0 0.304 0.34621155288822203 0.074 0.04801200300075019
0 0.23125 0.2914478619654914 0.0615 0.04876219054763691
0 0.1645 0.25300075018754686 0.069 0.04538634658664666
0 0.362 0.3160165041260315 0.067 0.052138034508627154
0 0.39275 0.35671417854463616 0.0795 0.05401350337584396
0 0.454 0.3919729932483121 0.079 0.0555138784696174
0 0.52475 0.40491372843210804 0.0785 0.0603900975243811
0 0.6075 0.4257314328582146 0.07 0.05026256564141035
0 0.6745 0.40660165041260315 0.073 0.051762940735183796
0 0.715 0.3878469617404351 0.075 0.05401350337584396
0 0.75825 0.44786196549137286 0.0805 0.05926481620405101
0 0.822 0.4804951237809452 0.081 0.056264066016504126
0 0.8475 0.4386721680420105 0.081 0.05288822205551388
0 0.784 0.4054763690922731 0.08 0.04801200300075019
0 0.5695 0.3724681170292573 0.062 0.05251312828207052
0 0.54075 0.3304576144036009 0.0645 0.04801200300075019
0 0.6105 0.33477119279819956 0.07 0.05588897224306077
0 0.7165 0.33177044261065264 0.064 0.04988747186796699
0 0.796 0.31039009752438107 0.065 0.05438859714928732
0 0.7355 0.286384096024006 0.072 0.050637659414853715
0 0.6835 0.25525131282820707 0.078 0.046136534133533386
0 0.65475 0.2923855963990998 0.0725 0.04688672168042011
0 0.586 0.2785071267816954 0.068 0.04838709677419355
0 0.545 0.259377344336084 0.061 0.04838709677419355
0 0.595 0.2222430607651913 0.072 0.04538634658664666
0 0.6185 0.18098274568642161 0.067 0.04838709677419355
0 0.56575 0.145536384096024 0.0745 0.03975993998499625
0 0.51275 0.20142535633908476 0.0715 0.05101275318829707
0 0.4745 0.23912228057014254 0.08 0.0603900975243811
0 0.4495 0.19392348087021755 0.07 0.04426106526631658
0 0.43375 0.23593398349587397 0.0515 0.04801200300075019
0 0.42325 0.28225806451612906 0.0825 0.0641410352588147
0 0.462 0.32726931732933234 0.084 0.056639159789947484
0 0.3465 0.2672543135783946 0.077 0.05288822205551388
0 0.3735 0.236496624156039 0.071 0.04538634658664666
0 0.38875 0.1886721680420105 0.0615 0.05701425356339085
0 0.334 0.15678919729932483 0.064 0.0450112528132033
0 0.304 0.1972993248312078 0.063 0.05401350337584396
0 0.2525 0.22824456114028507 0.066 0.04388597149287322
0 0.20775 0.22074268567141786 0.0665 0.050637659414853715
0 0.2195 0.16579144786196548 0.059 0.047261815453863466
0 0.26775 0.18417104276069018 0.0605 0.05101275318829707
0 0.277 0.14197299324831208 0.065 0.04538634658664666
0 0.18775 0.11290322580645161 0.0675 0.0450112528132033
0 0.238 0.07689422355588897 0.065 0.05251312828207052
0 0.3235 0.07745686421605401 0.068 0.04913728432108027
0 0.2895 0.03507126781695424 0.062 0.05138784696174044
0 0.3595 0.032820705176294075 0.061 0.05138784696174044
0 0.428 0.08270817704426106 0.046 0.04838709677419355
0 0.46975 0.09527381845461365 0.0785 0.05326331582895724
0 0.503 0.0785821455363841 0.071 0.05288822205551388
0 0.424 0.14047261815453863 0.063 0.04838709677419355
