0 0.3612153038259565 0.87975 0.07201800450112528 0.0845
0 0.4347336834208552 0.91175 0.0690172543135784 0.0875
0 0.35408852213053266 0.77275 0.07126781695423856 0.0955
0 0.4253563390847712 0.80775 0.07201800450112528 0.0915
0 0.48874718679669915 0.84675 0.07201800450112528 0.0895
0 0.3381470367591898 0.682 0.06639159789947487 0.094
0 0.41035258814703673 0.702 0.06826706676669167 0.097
0 0.4804951237809452 0.73275 0.07201800450112528 0.0855
0 0.5498874718679669 0.779 0.0795198799699925 0.096
0 0.3237059264816204 0.582 0.06976744186046512 0.089
0 0.3878469617404351 0.617 0.06526631657914479 0.107
0 0.45930232558139533 0.6325 0.07464366091522881 0.093
0 0.5354463615903976 0.6645 0.07839459864966242 0.094
0 0.6072768192048013 0.71 0.07801950487621906 0.084
0 0.30776444111027756 0.4855 0.07464366091522881 0.099
0 0.38953488372093026 0.4475 0.0708927231807952 0.092
0 0.44129782445611404 0.5355 0.07614403600900226 0.095
0 0.5121905476369092 0.54675 0.0708927231807952 0.0985
0 0.5819579894973743 0.59725 0.07839459864966242 0.0945
0 0.6635408852213053 0.6535 0.08402100525131283 0.094
0 0.7413728432108027 0.60925 0.08664666166541636 0.0975
0 0.640847711927982 0.52575 0.08139534883720931 0.1085
0 0.7158664666166542 0.499 0.08214553638409602 0.109
0 0.5583270817704427 0.459 0.07539384846211553 0.103
0 0.47861965491372843 0.4605 0.07426856714178545 0.099
0 0.8240810202550638 0.58825 0.08402100525131283 0.0995
0 0.8674043510877719 0.474 0.08589647411852963 0.104
0 0.8522130532633159 0.365 0.07801950487621906 0.111
0 0.7560015003750937 0.3795 0.07839459864966242 0.119
0 0.632033008252063 0.40975 0.07726931732933233 0.0965
0 0.6851087771942985 0.3275 0.08064516129032258 0.111
0 0.8000750187546887 0.27375 0.08552138034508627 0.1085
0 0.7263690922730682 0.212 0.08364591147786947 0.107
0 0.6202175543885972 0.20275 0.08064516129032258 0.1075
0 0.5990247561890473 0.30975 0.08552138034508627 0.1015
0 0.5163165791447862 0.36875 0.08214553638409602 0.0975
0 0.5313203300825207 0.26825 0.07689422355588897 0.1105
0 0.5333833458364591 0.146 0.08177044261065267 0.11
0 0.40378844711177797 0.14 0.07539384846211553 0.114
0 0.436609152288072 0.25175 0.07576894223555888 0.1015
0 0.4307951987996999 0.365 0.07164291072768192 0.109
0 0.36552888222055513 0.30925 0.06789197299324831 0.1085
0 0.30026256564141035 0.236 0.07464366091522881 0.106
0 0.2786946736684171 0.30125 0.07351837959489872 0.0785
0 0.2940735183795949 0.381 0.07201800450112528 0.106
