0 0.05870217554388597 0.5735 0.04913728432108027 0.067
0 0.10765191297824456 0.58 0.046511627906976744 0.072
0 0.11346586646661666 0.52 0.04988747186796699 0.069
0 0.14159789947486873 0.436 0.056639159789947484 0.063
0 0.1571642910727682 0.39675 0.05476369092273068 0.0775
0 0.18079519879969994 0.4785 0.05401350337584396 0.069
0 0.23105776444111029 0.412 0.05476369092273068 0.072
0 0.23293323330832708 0.48 0.0450112528132033 0.068
0 0.2745686421605401 0.51625 0.05476369092273068 0.0745
0 0.26969242310577646 0.356 0.05251312828207052 0.077
0 0.22580645161290322 0.56025 0.051762940735183796 0.0695
0 0.18079519879969994 0.57125 0.04801200300075019 0.0715
0 0.1588522130532633 0.619 0.04463615903975994 0.064
0 0.08852213053263316 0.64825 0.056264066016504126 0.0585
0 0.14722430607651912 0.66525 0.05138784696174044 0.0525
0 0.18548387096774194 0.70375 0.04688672168042011 0.0645
0 0.2068642160540135 0.676 0.047636909227306824 0.071
0 0.2394973743435859 0.71375 0.04988747186796699 0.0615
0 0.26800450112528135 0.64825 0.04913728432108027 0.0645
0 0.29013503375843963 0.70675 0.04988747186796699 0.0665
0 0.33570892723180795 0.694 0.05476369092273068 0.063
0 0.34171042760690173 0.62175 0.0450112528132033 0.0655
0 0.2837584396099025 0.6 0.061140285071267814 0.076
0 0.3283945986496624 0.5605 0.05813953488372093 0.063
0 0.31957989497374345 0.46175 0.04876219054763691 0.0695
0 0.36702925731432856 0.527 0.05438859714928732 0.076
0 0.3790322580645161 0.576 0.047636909227306824 0.063
0 0.35858964741185295 0.4265 0.04951237809452363 0.072
0 0.404351087771943 0.48125 0.05476369092273068 0.0645
0 0.44579894973743434 0.51075 0.0536384096024006 0.0725
0 0.34077269317329334 0.3455 0.05588897224306077 0.071
0 0.3741560390097524 0.29925 0.052138034508627154 0.0695
0 0.40960240060015 0.35625 0.05701425356339085 0.0715
0 0.4358589647411853 0.4135 0.056264066016504126 0.075
0 0.4754313578394599 0.459 0.047636909227306824 0.083
0 0.40472618154538637 0.25 0.05476369092273068 0.083
0 0.4701800450112528 0.303 0.05438859714928732 0.078
0 0.4885596399099775 0.372 0.05813953488372093 0.078
0 0.4324831207801951 0.58025 0.051762940735183796 0.0665
0 0.48518379594898725 0.56775 0.05138784696174044 0.0615
0 0.4330457614403601 0.658 0.04838709677419355 0.068
0 0.3992873218304576 0.676 0.04838709677419355 0.068
0 0.4264816204051013 0.742 0.05401350337584396 0.071
0 0.47243060765191297 0.716 0.04988747186796699 0.072
0 0.5138784696174044 0.73825 0.04576144036009002 0.0645
0 0.5189422355588897 0.6575 0.04913728432108027 0.064
0 0.531695423855964 0.59525 0.050637659414853715 0.0555
0 0.5337584396099024 0.5465 0.051762940735183796 0.069
0 0.5268192048012003 0.47625 0.04988747186796699 0.0695
0 0.5309452363090773 0.41725 0.05138784696174044 0.0605
0 0.5078769692423106 0.20175 0.0555138784696174 0.0835
0 0.527569392348087 0.273 0.061140285071267814 0.071
0 0.545198799699925 0.33875 0.05588897224306077 0.0645
0 0.5857089272318079 0.38225 0.05813953488372093 0.0745
0 0.6241560390097525 0.4305 0.05401350337584396 0.068
0 0.5935858964741185 0.267 0.05438859714928732 0.083
0 0.6209677419354839 0.338 0.055138784696174045 0.08
0 0.660165041260315 0.36775 0.05251312828207052 0.0725
0 0.6766691672918229 0.441 0.04876219054763691 0.077
0 0.6627906976744186 0.2805 0.046511627906976744 0.086
0 0.6922355588897224 0.31825 0.04238559639909977 0.0665
0 0.5802700675168793 0.4775 0.04951237809452363 0.071
0 0.627344336084021 0.4985 0.05138784696174044 0.066
0 0.6929857464366092 0.5085 0.04913728432108027 0.066
0 0.5845836459114778 0.53575 0.047636909227306824 0.0615
0 0.5797074268567142 0.59825 0.04913728432108027 0.0665
0 0.5832708177044261 0.671 0.04351087771942986 0.067
0 0.6399099774943736 0.57125 0.04576144036009002 0.0715
0 0.6796699174793699 0.596 0.05026256564141035 0.07
0 0.6436609152288072 0.642 0.05701425356339085 0.062
0 0.6732933233308327 0.70025 0.04951237809452363 0.0745
0 0.6264066016504126 0.71875 0.04801200300075019 0.0605
0 0.5819579894973743 0.775 0.05138784696174044 0.065
0 0.6333458364591148 0.76875 0.04913728432108027 0.0565
0 0.6384096024006002 0.814 0.046511627906976744 0.053
0 0.6785446361590397 0.8505 0.05101275318829707 0.063
0 0.6755438859714928 0.76125 0.04576144036009002 0.0625
0 0.7280570142535634 0.82025 0.04876219054763691 0.0545
0 0.7751312828207052 0.83075 0.04538634658664666 0.0535
0 0.7766316579144786 0.78075 0.04913728432108027 0.0575
0 0.8147036759189797 0.80675 0.04876219054763691 0.0585
0 0.7241185296324081 0.771 0.04688672168042011 0.062
0 0.7111777944486122 0.71125 0.04876219054763691 0.0585
0 0.7237434358589647 0.65575 0.05588897224306077 0.0565
0 0.7678169542385597 0.712 0.051762940735183796 0.065
0 0.7516879219804952 0.591 0.05776444111027757 0.066
0 0.7616279069767442 0.63225 0.04988747186796699 0.0565
0 0.8160165041260315 0.6615 0.04913728432108027 0.067
0 0.8267066766691673 0.729 0.0450112528132033 0.059
0 0.8705926481620405 0.7805 0.04951237809452363 0.064
0 0.8874718679669917 0.7315 0.046511627906976744 0.046
0 0.9032258064516129 0.70525 0.05101275318829707 0.0575
0 0.8608402100525131 0.68175 0.04876219054763691 0.0575
0 0.9060390097524381 0.6525 0.0536384096024006 0.054
0 0.8655288822205551 0.60975 0.05588897224306077 0.0645
0 0.822768192048012 0.586 0.04988747186796699 0.067
0 0.7845086271567892 0.5565 0.047636909227306824 0.068
0 0.9321080270067517 0.59025 0.04876219054763691 0.0675
0 0.7342460615153789 0.45675 0.055138784696174045 0.0695
0 0.7603150787696924 0.493 0.06376594148537135 0.066
0 0.8208927231807952 0.51575 0.05138784696174044 0.0735
0 0.8713428357089272 0.534 0.056264066016504126 0.066
0 0.8936609152288072 0.4705 0.04913728432108027 0.068
0 0.8458364591147787 0.42075 0.051762940735183796 0.0605
0 0.790510127531883 0.43675 0.052138034508627154 0.0735
0 0.745311327831958 0.3845 0.051762940735183796 0.074
0 0.7561890472618155 0.31125 0.05251312828207052 0.0725
0 0.7871342835708928 0.35925 0.04688672168042011 0.0695
0 0.859152288072018 0.353 0.056639159789947484 0.073
0 0.8520255063765941 0.2815 0.061140285071267814 0.079
0 0.7987621905476369 0.23625 0.05813953488372093 0.0825
0 0.7111777944486122 0.18625 0.056264066016504126 0.0885
0 0.7415603900975244 0.19675 0.046511627906976744 0.0815
