0 0.4214365881032548 0.10175 0.03928170594837262 0.0535
0 0.4678264122708567 0.06725 0.037037037037037035 0.0555
0 0.500561167227834 0.047 0.04339693228582117 0.049
0 0.5028058361391695 0.0935 0.04264870931537598 0.057
0 0.547699214365881 0.08775 0.03965581743359521 0.0605
0 0.5682753460531238 0.113 0.04339693228582117 0.063
0 0.6073699962588851 0.10325 0.04302282080059858 0.0545
0 0.6068088290310513 0.146 0.04564160119715675 0.05
0 0.6651702207257763 0.1525 0.04489337822671156 0.052
0 0.6249532360643472 0.198 0.04152637485970819 0.063
0 0.6174710063598953 0.2565 0.04377104377104377 0.051
0 0.6582491582491582 0.2425 0.04152637485970819 0.047
0 0.5809951365506921 0.245 0.03591470258136925 0.044
0 0.5606060606060606 0.172 0.03853348297792742 0.061
0 0.5454545454545454 0.24125 0.041900486344930786 0.0545
0 0.5157126823793491 0.211 0.040029928918817806 0.062
0 0.5013093901982791 0.14325 0.04564160119715675 0.0615
0 0.46371118593340815 0.1365 0.040029928918817806 0.049
0 0.4373363262252151 0.17425 0.04713804713804714 0.0565
0 0.4047886270108492 0.221 0.04564160119715675 0.059
0 0.45454545454545453 0.2195 0.03890759446315002 0.056
0 0.49382716049382713 0.266 0.04264870931537598 0.057
0 0.5738870183314628 0.27575 0.04339693228582117 0.0645
0 0.6502057613168725 0.306 0.0411522633744856 0.06
0 0.6556303778526 0.3895 0.04152637485970819 0.058
0 0.6013842124953236 0.34175 0.040029928918817806 0.0545
0 0.4882154882154882 0.31975 0.04264870931537598 0.0545
0 0.4493078937523382 0.283 0.04040404040404041 0.056
0 0.4105873550317995 0.323 0.04227459783015339 0.058
0 0.3655069210624766 0.323 0.04414515525626637 0.056
0 0.36457164234942013 0.38675 0.04302282080059858 0.0635
0 0.41451552562663674 0.389 0.041900486344930786 0.054
0 0.45417134306023194 0.35325 0.03890759446315002 0.0505
0 0.48634493078937524 0.4015 0.041900486344930786 0.061
0 0.5237560793116348 0.351 0.04564160119715675 0.058
0 0.565843621399177 0.37225 0.04152637485970819 0.0575
0 0.6086793864571642 0.39425 0.04713804713804714 0.0605
0 0.6531986531986532 0.4485 0.04414515525626637 0.053
0 0.5905349794238683 0.445 0.040778151889263 0.054
0 0.5437710437710438 0.41475 0.04377104377104377 0.0595
0 0.4380845491956603 0.44875 0.04264870931537598 0.0565
0 0.39132061354283576 0.432 0.041900486344930786 0.061
0 0.3445566778900112 0.50725 0.0411522633744856 0.0665
0 0.33090160867938645 0.43675 0.04302282080059858 0.0645
0 0.38570894126449684 0.49675 0.04414515525626637 0.0615
0 0.4377104377104377 0.49825 0.04040404040404041 0.0545
0 0.48092031425364756 0.5005 0.040029928918817806 0.052
0 0.5052375607931163 0.46125 0.04451926674148896 0.0595
0 0.522633744855967 0.51425 0.04339693228582117 0.0635
0 0.5628507295173962 0.509 0.04227459783015339 0.064
0 0.622334455667789 0.48525 0.04227459783015339 0.0605
0 0.601010101010101 0.54875 0.040778151889263 0.0635
0 0.5995136550692106 0.60825 0.04451926674148896 0.0585
0 0.5473251028806584 0.57075 0.04339693228582117 0.0575
0 0.3675645342312009 0.6015 0.04526748971193416 0.062
0 0.40834268612046387 0.64325 0.04451926674148896 0.0535
0 0.5177702955480733 0.60975 0.04040404040404041 0.0575
0 0.560231949120838 0.64375 0.04302282080059858 0.0635
0 0.6165357276468387 0.6775 0.04489337822671156 0.06
0 0.5744481855592967 0.70375 0.04227459783015339 0.0655
0 0.5293677515899738 0.68525 0.04713804713804714 0.0655
0 0.4820426487093154 0.67725 0.04152637485970819 0.0675
0 0.4390198279087168 0.6905 0.04227459783015339 0.067
0 0.38458660680882906 0.7015 0.04938271604938271 0.058
0 0.3451178451178451 0.687 0.04601571268237935 0.058
0 0.29704451926674147 0.7105 0.04489337822671156 0.061
0 0.3378226711560045 0.74925 0.04638982416760194 0.0625
0 0.3183688739244295 0.803 0.041900486344930786 0.062
0 0.4702581369248036 0.73875 0.04938271604938271 0.0585
0 0.5424616535727647 0.74275 0.04713804713804714 0.0595
0 0.6019453797231575 0.755 0.03890759446315002 0.06
0 0.644968200523756 0.72575 0.04264870931537598 0.0575
0 0.6286943509165731 0.8245 0.04227459783015339 0.067
0 0.5574261129816686 0.79875 0.04638982416760194 0.0635
0 0.5065469509913955 0.8035 0.0508791619902731 0.065
0 0.4493078937523382 0.83025 0.04788627010849233 0.0665
0 0.5830527497194163 0.84975 0.04451926674148896 0.0615
0 0.535727646838758 0.843 0.04638982416760194 0.058
0 0.4910213243546577 0.859 0.04826038159371493 0.065
0 0.44369622147399923 0.88825 0.04564160119715675 0.0635
0 0.3832772166105499 0.89025 0.04826038159371493 0.0695
0 0.3370744481855593 0.87275 0.04713804713804714 0.0665
0 0.5557426112981668 0.89975 0.04377104377104377 0.0555
0 0.5940890385334829 0.92275 0.04414515525626637 0.0645
0 0.632435465768799 0.9325 0.040778151889263 0.054
0 0.6734006734006734 0.955 0.04339693228582117 0.06
0 0.6073699962588851 0.88325 0.04152637485970819 0.0555
0 0.6664796109240554 0.89875 0.04227459783015339 0.0565
0 0.7102506546950992 0.918 0.04526748971193416 0.06
0 0.7596333707444819 0.89125 0.04302282080059858 0.0565
0 0.7153011597456042 0.849 0.04339693228582117 0.059
0 0.6735877291432847 0.84375 0.04826038159371493 0.0575
0 0.6588103254769921 0.783 0.04564160119715675 0.05
0 0.7246539468761691 0.78175 0.041900486344930786 0.0585
0 0.7523381967826412 0.8155 0.04414515525626637 0.057
0 0.7744107744107744 0.85825 0.03666292555181444 0.0505
0 0.7712308267863823 0.7605 0.04377104377104377 0.061
0 0.7772166105499438 0.7025 0.04377104377104377 0.055
0 0.7381219603441825 0.72075 0.041900486344930786 0.0565
0 0.6922933034044145 0.7265 0.04302282080059858 0.056
0 0.6644219977553311 0.67225 0.03890759446315002 0.0555
0 0.7010849233071456 0.6625 0.03890759446315002 0.056
0 0.7575757575757576 0.64825 0.0411522633744856 0.0585
0 0.801720912832024 0.66275 0.038159371492704826 0.0605
0 0.7832023943135055 0.6065 0.04451926674148896 0.056
0 0.6872427983539094 0.60825 0.04713804713804714 0.0515
0 0.6331836887392442 0.62625 0.037037037037037035 0.0535
0 0.6406659184436962 0.567 0.04227459783015339 0.054
0 0.7098765432098766 0.56625 0.04601571268237935 0.0585
0 0.7474747474747475 0.5645 0.04040404040404041 0.049
0 0.7882528993640104 0.53775 0.03741114852225964 0.0485
0 0.810512532734755 0.4875 0.03853348297792742 0.052
0 0.7555181444070332 0.51 0.04302282080059858 0.056
0 0.7063224841002619 0.502 0.041900486344930786 0.058
0 0.6646090534979424 0.51425 0.04227459783015339 0.0615
0 0.7379349046015713 0.457 0.04526748971193416 0.05
0 0.7933034044145155 0.4425 0.04227459783015339 0.051
0 0.812383090160868 0.3795 0.04227459783015339 0.062
0 0.7542087542087542 0.39725 0.041900486344930786 0.0545
0 0.7035166479610924 0.4095 0.04152637485970819 0.058
0 0.6835016835016835 0.34475 0.04638982416760194 0.0645
0 0.7240927796483352 0.35675 0.04152637485970819 0.0585
0 0.7725402169846615 0.357 0.03292181069958848 0.039
0 0.7564534231200898 0.31075 0.04264870931537598 0.0535
0 0.69884025439581 0.273 0.04264870931537598 0.062
0 0.6851851851851852 0.19725 0.04227459783015339 0.0605
0 0.6790123456790124 0.1 0.03965581743359521 0.061
