0 0.05686494575383464 0.30625 0.048634493078937524 0.0465
0 0.09913954358398804 0.28325 0.05312383090160868 0.0555
0 0.14964459408903855 0.28325 0.04489337822671156 0.0575
0 0.1734006734006734 0.255 0.049756827534605315 0.058
0 0.18892630003741115 0.1815 0.052375607931163484 0.062
0 0.23138795361017583 0.2275 0.03778526000748223 0.066
0 0.23681257014590348 0.1725 0.04564160119715675 0.054
0 0.2787130564908343 0.2265 0.05611672278338945 0.072
0 0.061541339319117094 0.36425 0.04826038159371493 0.0565
0 0.10400299289188178 0.403 0.04788627010849233 0.05
0 0.11896745230078563 0.3615 0.04713804713804714 0.05
0 0.17732884399551066 0.3415 0.038159371492704826 0.055
0 0.21829405162738497 0.338 0.04227459783015339 0.056
0 0.18144407033295923 0.39 0.04638982416760194 0.04
0 0.16479610924055368 0.43425 0.04302282080059858 0.0525
0 0.12439206883651328 0.46425 0.040778151889263 0.0515
0 0.08099513655069211 0.45125 0.04377104377104377 0.0445
0 0.152450430228208 0.48575 0.04751215862326973 0.0405
0 0.12738496071829405 0.52575 0.03928170594837262 0.0515
0 0.16479610924055368 0.54225 0.04302282080059858 0.0375
0 0.21212121212121213 0.54075 0.04339693228582117 0.0435
0 0.26356154133931914 0.56825 0.03778526000748223 0.0545
0 0.24990647212869435 0.519 0.04489337822671156 0.045
0 0.2022072577628133 0.49025 0.04152637485970819 0.0425
0 0.21156004489337824 0.44075 0.04227459783015339 0.0475
0 0.235877291432847 0.479 0.04152637485970819 0.047
0 0.23718668163112608 0.39575 0.04564160119715675 0.0545
0 0.25215114104002995 0.43825 0.041900486344930786 0.0445
0 0.27665544332211 0.4095 0.04377104377104377 0.049
0 0.29105873550317996 0.4535 0.04788627010849233 0.05
0 0.2777777777777778 0.4925 0.040029928918817806 0.048
0 0.2934904601571268 0.5295 0.037037037037037035 0.052
0 0.3157500935278713 0.56525 0.04264870931537598 0.0445
0 0.3352038907594463 0.53275 0.03890759446315002 0.0475
0 0.32136176580621023 0.4925 0.03890759446315002 0.041
0 0.35409652076318743 0.58075 0.03778526000748223 0.0535
0 0.38552188552188554 0.55825 0.03853348297792742 0.0465
0 0.3888888888888889 0.58925 0.03778526000748223 0.0455
0 0.4218106995884774 0.56925 0.03554059109614665 0.0485
0 0.43172465394687615 0.61025 0.03591470258136925 0.0455
0 0.36980920314253646 0.512 0.03853348297792742 0.044
0 0.40273101384212495 0.49375 0.04152637485970819 0.0455
0 0.4190048634493079 0.51975 0.03591470258136925 0.0555
0 0.32940516273849607 0.44275 0.04152637485970819 0.0455
0 0.35877291432846986 0.4715 0.04040404040404041 0.048
0 0.3449307893752338 0.413 0.04489337822671156 0.057
0 0.3836513280957725 0.43975 0.03778526000748223 0.0515
0 0.4012345679012346 0.395 0.04601571268237935 0.05
0 0.42312008978675647 0.4395 0.03666292555181444 0.055
0 0.4392068836513281 0.402 0.04339693228582117 0.056
0 0.448559670781893 0.486 0.038159371492704826 0.041
0 0.45230078563411896 0.53 0.03741114852225964 0.051
0 0.45435839880284323 0.58075 0.03853348297792742 0.0365
0 0.46389824167601945 0.61375 0.034418256640478866 0.0395
0 0.2671156004489338 0.35325 0.03890759446315002 0.0545
0 0.3075196408529742 0.37025 0.041900486344930786 0.0515
0 0.31855592966704077 0.325 0.04601571268237935 0.054
0 0.27010849233071454 0.30325 0.04564160119715675 0.0545
0 0.3383838383838384 0.226 0.046763935652824544 0.061
0 0.34137673026561915 0.161 0.046763935652824544 0.067
0 0.3870183314627759 0.21775 0.049756827534605315 0.0645
0 0.4098391320613543 0.161 0.050505050505050504 0.065
0 0.4337822671156005 0.2275 0.04751215862326973 0.061
0 0.4074074074074074 0.2715 0.04339693228582117 0.06
0 0.3572764683875795 0.29525 0.04564160119715675 0.0495
0 0.3610175832398055 0.34425 0.04489337822671156 0.0515
0 0.3974934530490086 0.33725 0.04451926674148896 0.0575
0 0.4373363262252151 0.3515 0.03666292555181444 0.061
0 0.448559670781893 0.29425 0.04339693228582117 0.0505
0 0.471754582865694 0.1945 0.04638982416760194 0.057
0 0.4777403666292555 0.2515 0.04564160119715675 0.054
0 0.5188926300037411 0.22425 0.04788627010849233 0.0615
0 0.5157126823793491 0.281 0.04377104377104377 0.055
0 0.5534979423868313 0.26825 0.049756827534605315 0.0615
0 0.5153385708941265 0.33625 0.040029928918817806 0.0575
0 0.47549569771791994 0.34975 0.04414515525626637 0.0605
0 0.48466142910587356 0.398 0.04377104377104377 0.046
0 0.5284324728769173 0.38825 0.04152637485970819 0.0485
0 0.5102880658436214 0.434 0.03965581743359521 0.049
0 0.47437336326225216 0.45525 0.03666292555181444 0.0505
0 0.5061728395061729 0.48425 0.03591470258136925 0.0545
0 0.48447437336326227 0.51775 0.03965581743359521 0.0555
0 0.48522259633370746 0.5525 0.0411522633744856 0.046
0 0.4891507669285447 0.583 0.03479236812570146 0.038
0 0.5014964459408904 0.6275 0.040778151889263 0.033
0 0.5243172465394688 0.64925 0.027310138421249533 0.0395
0 0.5291806958473625 0.59875 0.037037037037037035 0.0485
0 0.5205761316872428 0.56575 0.040029928918817806 0.0365
0 0.5261878039655817 0.5155 0.03479236812570146 0.043
0 0.5538720538720538 0.544 0.037037037037037035 0.042
0 0.5596707818930041 0.578 0.03666292555181444 0.034
0 0.5619154508043397 0.62925 0.038159371492704826 0.0525
0 0.5929667040778152 0.6455 0.03367003367003367 0.043
0 0.5957725402169847 0.60775 0.03853348297792742 0.0285
0 0.5939019827908717 0.574 0.030303030303030304 0.044
0 0.5929667040778152 0.52625 0.03741114852225964 0.0315
0 0.5437710437710438 0.47325 0.03853348297792742 0.0535
0 0.5579872802095024 0.49725 0.03853348297792742 0.0405
0 0.5927796483352039 0.491 0.03928170594837262 0.043
0 0.5832398054620277 0.4465 0.04264870931537598 0.049
0 0.560231949120838 0.405 0.040029928918817806 0.042
0 0.5744481855592967 0.371 0.04451926674148896 0.055
0 0.6023194912083801 0.40725 0.03965581743359521 0.0505
0 0.6359895248784138 0.43225 0.03741114852225964 0.0555
0 0.6313131313131313 0.50825 0.040778151889263 0.0385
0 0.6294425738870183 0.555 0.040029928918817806 0.044
0 0.5559296670407782 0.3275 0.03965581743359521 0.057
0 0.6041900486344931 0.2685 0.041900486344930786 0.063
0 0.6015712682379349 0.33 0.04564160119715675 0.06
0 0.6434717545828657 0.304 0.04489337822671156 0.057
0 0.6848110736999626 0.282 0.03778526000748223 0.056
0 0.6690983913206136 0.34075 0.04227459783015339 0.0525
0 0.6316872427983539 0.3595 0.04377104377104377 0.056
0 0.6556303778526 0.389 0.04377104377104377 0.054
0 0.6840628507295174 0.42175 0.03778526000748223 0.0605
0 0.7027684249906472 0.357 0.03853348297792742 0.055
0 0.6640478862701085 0.471 0.04264870931537598 0.052
0 0.6967826412270857 0.47375 0.03479236812570146 0.0485
0 0.6651702207257763 0.5105 0.03666292555181444 0.041
0 0.6659184436962214 0.5475 0.04040404040404041 0.042
0 0.7029554807332585 0.525 0.038159371492704826 0.05
0 0.6797605686494576 0.5765 0.03965581743359521 0.041
0 0.6425364758698092 0.592 0.040778151889263 0.04
0 0.6305649083426861 0.62275 0.04227459783015339 0.0315
0 0.6322484100261878 0.66525 0.035166479610924055 0.0455
0 0.6720912832023943 0.68225 0.03479236812570146 0.0365
0 0.6692854470632248 0.64225 0.035166479610924055 0.0295
0 0.6726524504302283 0.61325 0.03741114852225964 0.0385
0 0.7167976056864945 0.6745 0.034418256640478866 0.04
0 0.7109988776655444 0.642 0.037037037037037035 0.036
0 0.748410026187804 0.65525 0.033295922184811075 0.0395
0 0.7456041900486345 0.621 0.03666292555181444 0.044
0 0.7757201646090535 0.6245 0.03179947624392069 0.037
0 0.7109988776655444 0.601 0.03479236812570146 0.043
0 0.7166105499438833 0.561 0.03554059109614665 0.044
0 0.7495323606434717 0.57925 0.03554059109614665 0.0315
0 0.7860082304526749 0.58875 0.034418256640478866 0.0395
0 0.8127572016460906 0.6115 0.037037037037037035 0.044
0 0.8316498316498316 0.571 0.04339693228582117 0.034
0 0.7759072203516648 0.55275 0.03666292555181444 0.0435
0 0.7424242424242424 0.529 0.03853348297792742 0.04
0 0.7347549569771792 0.493 0.041900486344930786 0.039
0 0.7740366629255518 0.51 0.038159371492704826 0.045
0 0.7343808454919566 0.4435 0.03890759446315002 0.048
0 0.7682379349046016 0.465 0.03778526000748223 0.048
0 0.7231575009352788 0.39775 0.03666292555181444 0.0475
0 0.7491582491582491 0.336 0.046763935652824544 0.064
0 0.7751589973812196 0.39075 0.04264870931537598 0.0535
0 0.7674897119341564 0.41925 0.03778526000748223 0.0385
0 0.8075196408529742 0.38625 0.034044145155256264 0.0545
0 0.8035914702581369 0.43675 0.041900486344930786 0.0535
0 0.8095772540216984 0.49 0.03292181069958848 0.051
0 0.8151889263000374 0.52625 0.034418256640478866 0.0475
0 0.845679012345679 0.53075 0.03479236812570146 0.0505
0 0.8496071829405163 0.48825 0.03890759446315002 0.0385
0 0.8492330714552937 0.45575 0.041900486344930786 0.0485
