0 0.09264816204051013 0.4545 0.03975993998499625 0.047
0 0.11515378844711177 0.423 0.035258814703675916 0.054
0 0.14497374343585898 0.4025 0.03938484621155289 0.045
0 0.16222805701425355 0.351 0.03788447111777944 0.056
0 0.1858589647411853 0.38325 0.02663165791447862 0.0435
0 0.20517629407351837 0.364 0.04576144036009002 0.045
0 0.18473368342085522 0.4275 0.037134283570892726 0.051
0 0.16260315078769694 0.4555 0.038634658664666165 0.049
0 0.18942235558889722 0.329 0.04126031507876969 0.05
0 0.13109527381845462 0.50675 0.037134283570892726 0.0535
0 0.09021005251312829 0.51225 0.04388597149287322 0.0565
0 0.1140285071267817 0.545 0.04351087771942986 0.048
0 0.1140285071267817 0.593 0.04351087771942986 0.06
0 0.15772693173293323 0.552 0.03563390847711928 0.055
0 0.17216804201050262 0.506 0.04426106526631658 0.05
0 0.16691672918229558 0.5995 0.04426106526631658 0.047
0 0.10090022505626407 0.7045 0.03975993998499625 0.051
0 0.17179294823705926 0.72375 0.0345086271567892 0.0645
0 0.1693548387096774 0.76975 0.04838709677419355 0.0495
0 0.18810952738184547 0.80925 0.04688672168042011 0.0405
0 0.23218304576144036 0.795 0.04126031507876969 0.051
0 0.218304576144036 0.74975 0.03150787696924231 0.0525
0 0.2192423105776444 0.69975 0.03938484621155289 0.0505
0 0.19504876219054765 0.6595 0.04801200300075019 0.057
0 0.23387096774193547 0.642 0.04238559639909977 0.052
0 0.21774193548387097 0.59925 0.04538634658664666 0.0425
0 0.2241185296324081 0.557 0.03788447111777944 0.05
0 0.2565641410352588 0.57875 0.04051012753188297 0.0525
0 0.2768192048012003 0.546 0.05101275318829707 0.058
0 0.29857464366091524 0.58175 0.04051012753188297 0.0465
0 0.29669917479369845 0.6225 0.03225806451612903 0.054
0 0.2636909227306827 0.68725 0.03825956489122281 0.0485
0 0.299887471867967 0.685 0.03788447111777944 0.058
0 0.2595648912228057 0.7275 0.03900975243810953 0.049
0 0.29276069017254314 0.74175 0.037134283570892726 0.0495
0 0.2591897974493623 0.775 0.029257314328582147 0.056
0 0.2691297824456114 0.83175 0.043135783945986494 0.0555
0 0.29276069017254314 0.80025 0.043135783945986494 0.0535
0 0.304013503375844 0.85225 0.04238559639909977 0.0345
0 0.3351462865716429 0.80125 0.04088522130532633 0.0535
0 0.3657164291072768 0.78475 0.04351087771942986 0.0465
0 0.3334583645911478 0.753 0.042010502625656414 0.044
0 0.32895723930982745 0.72525 0.03900975243810953 0.0485
0 0.3784696174043511 0.737 0.03825956489122281 0.054
0 0.37040510127531884 0.69125 0.03938484621155289 0.0505
0 0.3445236309077269 0.66075 0.03938484621155289 0.0505
0 0.33214553638409605 0.6095 0.04388597149287322 0.059
0 0.3698424606151538 0.62225 0.03900975243810953 0.0525
0 0.3724681170292573 0.58425 0.037509377344336084 0.0525
0 0.3387096774193548 0.54425 0.04576144036009002 0.0525
0 0.322768192048012 0.49825 0.041635408852213056 0.0545
0 0.28319579894973745 0.4905 0.03825956489122281 0.051
0 0.2441860465116279 0.5015 0.047261815453863466 0.049
0 0.2432483120780195 0.46525 0.04013503375843961 0.0445
0 0.22843210802700675 0.42175 0.03825956489122281 0.0485
0 0.2659414853713428 0.442 0.04126031507876969 0.059
0 0.3100150037509377 0.455 0.04013503375843961 0.056
0 0.25375093773443363 0.34725 0.04013503375843961 0.0405
0 0.26969242310577646 0.3785 0.04276069017254314 0.051
0 0.22186796699174793 0.28925 0.041635408852213056 0.0505
0 0.25037509377344336 0.29475 0.046136534133533386 0.0415
0 0.2685671417854464 0.2615 0.04126031507876969 0.051
0 0.31357839459864967 0.3015 0.046511627906976744 0.051
0 0.2950112528132033 0.34125 0.03563390847711928 0.0525
0 0.3267066766691673 0.351 0.05026256564141035 0.054
0 0.3081395348837209 0.3955 0.04013503375843961 0.059
0 0.33570892723180795 0.41 0.03825956489122281 0.045
0 0.36196549137284323 0.45325 0.04276069017254314 0.0555
0 0.3809077269317329 0.48625 0.047636909227306824 0.0525
0 0.3741560390097524 0.398 0.03788447111777944 0.051
0 0.3735933983495874 0.351 0.03675918979744936 0.05
0 0.3677794448612153 0.322 0.03563390847711928 0.03
0 0.3582145536384096 0.283 0.035258814703675916 0.048
0 0.3649662415603901 0.22625 0.037509377344336084 0.0405
0 0.35783945986496624 0.19725 0.04051012753188297 0.0485
0 0.39984996249062266 0.1965 0.037509377344336084 0.044
0 0.39722430607651915 0.235 0.04276069017254314 0.05
0 0.42854463615903976 0.2235 0.028132033008252063 0.055
0 0.4493623405851463 0.26175 0.042010502625656414 0.0525
0 0.40003750937734434 0.278 0.037134283570892726 0.048
0 0.413728432108027 0.31975 0.03675918979744936 0.0475
0 0.4399849962490623 0.293 0.04051012753188297 0.043
0 0.43885971492873216 0.34575 0.04351087771942986 0.0425
0 0.472993248312078 0.332 0.03825956489122281 0.038
0 0.490622655663916 0.37025 0.04051012753188297 0.0475
0 0.5178169542385597 0.396 0.03113278319579895 0.057
0 0.40585146286571644 0.3815 0.03375843960990248 0.049
0 0.4553638409602401 0.39125 0.030007501875468866 0.0505
0 0.4054763690922731 0.453 0.037509377344336084 0.054
0 0.42029257314328583 0.49925 0.03563390847711928 0.0535
0 0.45348837209302323 0.48525 0.03975993998499625 0.0515
0 0.44992498124531133 0.437 0.03938484621155289 0.046
0 0.4930607651912978 0.4215 0.04238559639909977 0.048
0 0.49456114028507125 0.4675 0.037134283570892726 0.048
0 0.5301950487621906 0.447 0.03488372093023256 0.052
0 0.5256939234808702 0.5005 0.04538634658664666 0.049
0 0.559264816204051 0.51775 0.0345086271567892 0.0525
0 0.5607651912978244 0.46 0.03225806451612903 0.05
0 0.4808702175543886 0.52025 0.03825956489122281 0.0495
0 0.46211552888222057 0.56125 0.04126031507876969 0.0525
0 0.3983495873968492 0.5375 0.042010502625656414 0.049
0 0.4097899474868717 0.579 0.041635408852213056 0.052
0 0.4071642910727682 0.6315 0.04463615903975994 0.051
0 0.44467366841710426 0.61575 0.037134283570892726 0.0595
0 0.4857464366091523 0.599 0.03900975243810953 0.049
0 0.43360840210052515 0.6745 0.04051012753188297 0.045
0 0.40585146286571644 0.70925 0.04051012753188297 0.0545
0 0.427231807951988 0.7465 0.04051012753188297 0.047
0 0.40078769692423105 0.77425 0.029632408102025505 0.0535
0 0.386721680420105 0.823 0.03600900225056264 0.03
0 0.41935483870967744 0.84075 0.03675918979744936 0.0325
0 0.43210802700675166 0.8045 0.03900975243810953 0.045
0 0.46324081020255065 0.7865 0.03825956489122281 0.055
0 0.4694298574643661 0.8275 0.04238559639909977 0.045
0 0.508252063015754 0.8405 0.04276069017254314 0.035
0 0.5009377344336085 0.804 0.04013503375843961 0.04
0 0.45236309077269315 0.7085 0.03900975243810953 0.049
0 0.4924981245311328 0.725 0.03975993998499625 0.056
0 0.5174418604651163 0.74275 0.04238559639909977 0.0375
0 0.5243810952738185 0.7065 0.04051012753188297 0.045
0 0.4711177794448612 0.65825 0.0345086271567892 0.0585
0 0.5041260315078769 0.66125 0.03900975243810953 0.0685
0 0.5243810952738185 0.61975 0.03900975243810953 0.0505
0 0.5435108777194299 0.66175 0.03825956489122281 0.0535
0 0.5705176294073518 0.69875 0.04351087771942986 0.0525
0 0.5802700675168793 0.77075 0.047261815453863466 0.0665
0 0.5468867216804201 0.8065 0.04051012753188297 0.057
0 0.5534508627156789 0.84675 0.038634658664666165 0.0375
0 0.5870217554388597 0.8455 0.03075768942235559 0.046
0 0.5885221305326331 0.81725 0.04426106526631658 0.0415
0 0.6018379594898725 0.87225 0.030382595648912228 0.0305
0 0.6127156789197299 0.81675 0.03338334583645911 0.0515
0 0.627344336084021 0.845 0.03938484621155289 0.045
0 0.641972993248312 0.88875 0.03938484621155289 0.0405
0 0.6399099774943736 0.79975 0.033008252063015754 0.0545
0 0.6106526631657915 0.748 0.03600900225056264 0.046
0 0.6020255063765941 0.7025 0.03825956489122281 0.053
0 0.6395348837209303 0.72525 0.035258814703675916 0.0445
0 0.581020255063766 0.653 0.03375843960990248 0.048
0 0.6260315078769693 0.6615 0.04426106526631658 0.053
0 0.6429107276819205 0.684 0.04351087771942986 0.052
0 0.6528507126781695 0.625 0.03788447111777944 0.048
0 0.6292198049512379 0.593 0.03563390847711928 0.051
0 0.5905851462865717 0.5935 0.036384096024006 0.045
0 0.562828207051763 0.6205 0.043135783945986494 0.052
0 0.558702175543886 0.5755 0.038634658664666165 0.047
0 0.5292573143285821 0.54875 0.04126031507876969 0.0455
0 0.5905851462865717 0.5525 0.034133533383345835 0.053
0 0.6222805701425357 0.54225 0.03825956489122281 0.0565
0 0.5879594898724682 0.503 0.038634658664666165 0.05
0 0.5975243810952738 0.458 0.03825956489122281 0.05
0 0.5939609902475619 0.4085 0.038634658664666165 0.049
0 0.5562640660165041 0.38325 0.04051012753188297 0.0515
0 0.5320705176294074 0.33975 0.04088522130532633 0.0505
0 0.4883720930232558 0.28025 0.0345086271567892 0.0515
0 0.48237059264816207 0.24375 0.037509377344336084 0.0425
0 0.47093023255813954 0.19275 0.03563390847711928 0.0505
0 0.503563390847712 0.19 0.034133533383345835 0.046
0 0.5219429857464366 0.2155 0.036384096024006 0.047
0 0.521755438859715 0.25525 0.0345086271567892 0.0485
0 0.5585146286571643 0.23775 0.03825956489122281 0.0475
0 0.5453863465866466 0.2935 0.0345086271567892 0.049
0 0.5570142535633908 0.28375 0.03075768942235559 0.0435
0 0.5678919729932483 0.3335 0.0345086271567892 0.053
0 0.596211552888222 0.31 0.04088522130532633 0.049
0 0.5913353338334584 0.36775 0.03788447111777944 0.0445
0 0.5875843960990248 0.21025 0.034133533383345835 0.0395
0 0.6224681170292573 0.17175 0.03338334583645911 0.0385
0 0.6183420855213804 0.2365 0.034133533383345835 0.039
0 0.6067141785446362 0.2625 0.04088522130532633 0.05
0 0.645536384096024 0.28125 0.029257314328582147 0.0455
0 0.6665416354088523 0.231 0.04126031507876969 0.052
0 0.6896099024756189 0.27225 0.029632408102025505 0.0515
0 0.7226181545386346 0.28675 0.034133533383345835 0.0525
0 0.6354088522130532 0.3085 0.033008252063015754 0.041
0 0.627344336084021 0.33825 0.034133533383345835 0.0415
0 0.6440360090022506 0.3695 0.03375843960990248 0.045
0 0.6686046511627907 0.3455 0.034133533383345835 0.046
0 0.6927981995498874 0.337 0.03075768942235559 0.046
0 0.7295573893473368 0.36375 0.035258814703675916 0.0455
0 0.7578769692423106 0.34125 0.03188297074268567 0.0455
0 0.6877344336084021 0.38325 0.03788447111777944 0.0505
0 0.6252813203300825 0.405 0.03375843960990248 0.049
0 0.6481620405101275 0.42575 0.033008252063015754 0.0515
0 0.671980495123781 0.453 0.03563390847711928 0.054
0 0.6804201050262566 0.41725 0.03150787696924231 0.0445
0 0.7288072018004501 0.41325 0.03375843960990248 0.0415
0 0.635596399099775 0.47125 0.034133533383345835 0.0425
0 0.6489122280570142 0.5015 0.03900975243810953 0.039
0 0.6826706676669168 0.5025 0.03150787696924231 0.043
0 0.7119279819954989 0.49775 0.035258814703675916 0.0525
0 0.735933983495874 0.45975 0.03600900225056264 0.0515
0 0.7661290322580645 0.45875 0.032633158289572396 0.0505
0 0.767066766691673 0.50125 0.03675918979744936 0.0435
0 0.6789197299324832 0.55 0.03975993998499625 0.046
0 0.7079894973743436 0.56375 0.03788447111777944 0.0475
0 0.736496624156039 0.5485 0.03488372093023256 0.048
0 0.7554388597149287 0.58575 0.03900975243810953 0.0435
0 0.7198049512378094 0.60625 0.03825956489122281 0.0445
0 0.6806076519129782 0.6115 0.030382595648912228 0.053
0 0.6830457614403601 0.65725 0.04351087771942986 0.0385
0 0.7209302325581395 0.647 0.03900975243810953 0.047
0 0.7494373593398349 0.62975 0.03150787696924231 0.0475
0 0.7379969992498124 0.68875 0.04013503375843961 0.0455
0 0.68192048012003 0.72325 0.037509377344336084 0.0455
0 0.7171792948237059 0.7175 0.042010502625656414 0.039
0 0.6986121530382595 0.76225 0.037134283570892726 0.0475
0 0.7428732183045762 0.7945 0.03488372093023256 0.055
0 0.7074268567141786 0.80725 0.0345086271567892 0.0465
0 0.6732933233308327 0.7915 0.03375843960990248 0.054
0 0.6798574643660915 0.87675 0.04013503375843961 0.0505
0 0.7297449362340586 0.8645 0.037134283570892726 0.05
0 0.7531882970742686 0.85025 0.0345086271567892 0.0435
0 0.7741935483870968 0.815 0.02700675168792198 0.048
0 0.8102025506376594 0.85 0.042010502625656414 0.044
0 0.8143285821455364 0.81475 0.03675918979744936 0.0465
0 0.7920105026256564 0.772 0.03113278319579895 0.054
0 0.7597524381095274 0.7395 0.03563390847711928 0.041
0 0.8460240060015004 0.78725 0.032633158289572396 0.0535
0 0.8874718679669917 0.78575 0.0345086271567892 0.0515
0 0.8231432858214554 0.7275 0.03788447111777944 0.051
0 0.8510877719429858 0.715 0.03675918979744936 0.046
0 0.8900975243810952 0.726 0.03375843960990248 0.046
0 0.7788822205551388 0.70225 0.03338334583645911 0.0505
0 0.7938859714928732 0.656 0.03188297074268567 0.049
0 0.8147036759189797 0.672 0.030007501875468866 0.046
0 0.7783195798949737 0.61725 0.03375843960990248 0.0475
0 0.8285821455363841 0.627 0.029257314328582147 0.048
0 0.7689422355588897 0.562 0.028507126781695424 0.042
0 0.8214553638409603 0.581 0.037509377344336084 0.044
0 0.859714928732183 0.6305 0.033008252063015754 0.049
0 0.8696549137284321 0.67325 0.036384096024006 0.0435
0 0.9129782445611403 0.7005 0.03375843960990248 0.043
0 0.8912228057014253 0.63175 0.03150787696924231 0.0485
0 0.9169167291822956 0.6495 0.028132033008252063 0.045
0 0.867966991747937 0.56325 0.03150787696924231 0.0475
0 0.8075768942235559 0.5275 0.03075768942235559 0.043
0 0.8205176294073518 0.54475 0.02738184546136534 0.0385
0 0.809264816204051 0.5 0.032633158289572396 0.038
0 0.8460240060015004 0.52125 0.030382595648912228 0.0455
0 0.8038259564891223 0.466 0.03225806451612903 0.046
0 0.7766316579144786 0.358 0.03188297074268567 0.041
0 0.7738184546136534 0.4025 0.03225806451612903 0.045
0 0.8118904726181545 0.42875 0.036384096024006 0.0375
0 0.8433983495873969 0.46775 0.03113278319579895 0.0475
0 0.9105401350337584 0.52025 0.029632408102025505 0.0485
0 0.909039759939985 0.565 0.029632408102025505 0.042
0 0.8934733683420856 0.59475 0.033008252063015754 0.0395
0 0.9246061515378845 0.60975 0.03150787696924231 0.0445
0 0.9435483870967742 0.65525 0.028132033008252063 0.0445
0 0.957801950487622 0.70625 0.03938484621155289 0.0455
0 0.9377344336084021 0.76175 0.03375843960990248 0.0475
