0 0.20630157539384847 0.35075 0.04276069017254314 0.0695
0 0.20723930982745686 0.393 0.04238559639909977 0.053
0 0.23668417104276068 0.45325 0.03975993998499625 0.0605
0 0.2031132783195799 0.5055 0.03563390847711928 0.057
0 0.23462115528882221 0.5185 0.046136534133533386 0.057
0 0.2616279069767442 0.5665 0.04238559639909977 0.053
0 0.2586271567891973 0.612 0.03563390847711928 0.057
0 0.26406601650412603 0.66675 0.04351087771942986 0.0605
0 0.29519879969992496 0.727 0.03075768942235559 0.058
0 0.31376594148537135 0.74625 0.038634658664666165 0.0575
0 0.3199549887471868 0.65775 0.03900975243810953 0.0535
0 0.3512753188297074 0.651 0.047636909227306824 0.056
0 0.38372093023255816 0.719 0.03825956489122281 0.074
0 0.3953488372093023 0.66125 0.042010502625656414 0.0545
0 0.4307951987996999 0.626 0.046136534133533386 0.057
0 0.44017254313578397 0.69 0.04463615903975994 0.062
0 0.46230307576894225 0.6755 0.04388597149287322 0.062
0 0.4788072018004501 0.628 0.04913728432108027 0.064
0 0.39797449362340587 0.59225 0.04276069017254314 0.0585
0 0.34602400600150035 0.57875 0.041635408852213056 0.0565
0 0.31714178544636157 0.5435 0.04088522130532633 0.055
0 0.32333083270817703 0.58825 0.033008252063015754 0.0465
0 0.3649662415603901 0.5395 0.04276069017254314 0.048
0 0.40585146286571644 0.536 0.03975993998499625 0.062
0 0.4399849962490623 0.543 0.042010502625656414 0.064
0 0.40660165041260315 0.49125 0.04051012753188297 0.0605
0 0.3488372093023256 0.49725 0.046511627906976744 0.0655
0 0.3102025506376594 0.464 0.037509377344336084 0.066
0 0.2794448612153038 0.4915 0.04126031507876969 0.066
0 0.27644411102775696 0.42075 0.04051012753188297 0.0585
0 0.2940735183795949 0.397 0.04126031507876969 0.065
0 0.2633158289572393 0.359 0.04576144036009002 0.065
0 0.23630907726931732 0.29325 0.04351087771942986 0.0715
0 0.2661290322580645 0.2635 0.04538634658664666 0.074
0 0.3167666916729182 0.32525 0.04538634658664666 0.0685
0 0.35202550637659413 0.37125 0.04088522130532633 0.0635
0 0.37190547636909227 0.425 0.03488372093023256 0.069
0 0.4165416354088522 0.40625 0.04463615903975994 0.0705
0 0.4427981995498875 0.46975 0.047636909227306824 0.0785
0 0.4752438109527382 0.41425 0.04801200300075019 0.0805
0 0.42029257314328583 0.3445 0.056639159789947484 0.067
0 0.3810952738184546 0.32725 0.04051012753188297 0.0795
0 0.3495873968492123 0.3005 0.042010502625656414 0.066
0 0.33233308327081773 0.22875 0.0450112528132033 0.0735
0 0.38465866466616655 0.21825 0.04388597149287322 0.0725
0 0.4234808702175544 0.25675 0.0555138784696174 0.0705
0 0.3516504126031508 0.15275 0.04988747186796699 0.0775
0 0.28188297074268565 0.1635 0.046136534133533386 0.083
0 0.3698424606151538 0.0705 0.051762940735183796 0.081
0 0.41597899474868716 0.12575 0.047261815453863466 0.0855
0 0.4576144036009002 0.19 0.04351087771942986 0.078
0 0.47074268567141786 0.11925 0.0555138784696174 0.0765
0 0.49962490622655664 0.17375 0.05251312828207052 0.0815
0 0.5168792198049512 0.06925 0.04876219054763691 0.0855
0 0.5588897224306076 0.0945 0.06001500375093773 0.08
0 0.5508252063015754 0.18225 0.05813953488372093 0.0855
0 0.4896849212303076 0.241 0.047636909227306824 0.077
0 0.49118529632408103 0.32325 0.04988747186796699 0.0785
0 0.5468867216804201 0.2995 0.06376594148537135 0.084
0 0.5645161290322581 0.35925 0.056264066016504126 0.0735
0 0.5345086271567892 0.413 0.056264066016504126 0.061
0 0.5888972243060765 0.436 0.05776444111027757 0.077
0 0.5011252813203301 0.48775 0.051762940735183796 0.0655
0 0.48499624906226557 0.519 0.0450112528132033 0.056
0 0.5361965491372843 0.538 0.050637659414853715 0.059
0 0.5521380345086272 0.49625 0.05701425356339085 0.0715
0 0.6007126781695424 0.53525 0.05288822205551388 0.0745
0 0.5251312828207052 0.668 0.0450112528132033 0.065
0 0.5277569392348087 0.58 0.0450112528132033 0.072
0 0.5770817704426107 0.64925 0.050637659414853715 0.0705
0 0.6123405851462865 0.59625 0.05138784696174044 0.0635
0 0.604463615903976 0.69225 0.04238559639909977 0.0605
0 0.549324831207802 0.72125 0.046136534133533386 0.0615
0 0.5121905476369092 0.72725 0.041635408852213056 0.0715
0 0.5502625656414104 0.7805 0.04801200300075019 0.064
0 0.6057764441110277 0.75525 0.051762940735183796 0.0625
0 0.645536384096024 0.69725 0.05701425356339085 0.0645
0 0.7033008252063015 0.71625 0.05926481620405101 0.0685
0 0.7239309827456865 0.7595 0.05701425356339085 0.06
0 0.7655663915978995 0.71075 0.06301575393848462 0.0835
0 0.8199549887471868 0.67825 0.05026256564141035 0.0655
0 0.7539384846211553 0.5945 0.06451612903225806 0.075
0 0.6944861215303826 0.629 0.056639159789947484 0.068
0 0.8137659414853713 0.6195 0.061890472618154536 0.082
0 0.6581020255063766 0.455 0.05288822205551388 0.073
0 0.7034883720930233 0.473 0.06489122280570142 0.079
0 0.7721305326331583 0.48975 0.07239309827456865 0.0725
0 0.8147036759189797 0.543 0.06301575393848462 0.073
0 0.6211552888222055 0.07225 0.06601650412603151 0.0925
0 0.6061515378844711 0.1585 0.06376594148537135 0.091
0 0.6781695423855963 0.1235 0.06451612903225806 0.089
0 0.7239309827456865 0.179 0.06826706676669167 0.102
0 0.6633533383345837 0.2095 0.0671417854463616 0.085
0 0.6010877719429858 0.24125 0.05888972243060765 0.0795
0 0.6489122280570142 0.2895 0.060765191297824456 0.079
0 0.7072393098274569 0.269 0.059639909977494375 0.092
0 0.8062640660165041 0.1515 0.08289572393098274 0.107
0 0.7768192048012003 0.266 0.07126781695423856 0.09
0 0.8381470367591898 0.3085 0.08139534883720931 0.094
0 0.7800075018754689 0.3585 0.06939234808702176 0.084
0 0.6978619654913728 0.38125 0.061890472618154536 0.0835
0 0.6222805701425357 0.3655 0.05926481620405101 0.078
0 0.7548762190547637 0.41975 0.07164291072768192 0.0745
0 0.8298949737434359 0.42325 0.07689422355588897 0.0885
0 0.8735933983495874 0.676 0.07051762940735183 0.084
0 0.8792198049512379 0.564 0.07576894223555888 0.073
0 0.8657164291072769 0.5115 0.07801950487621906 0.084
0 0.9298574643660915 0.4955 0.06751687921980495 0.081
0 0.8895348837209303 0.361 0.07614403600900226 0.092
