0 0.15603900975243812 0.58025 0.072768192048012 0.0895
0 0.1693548387096774 0.69075 0.06564141035258815 0.1005
0 0.17104276069017255 0.7605 0.06601650412603151 0.072
0 0.20180045011252815 0.842 0.0690172543135784 0.082
0 0.18979744936234058 0.47875 0.07351837959489872 0.0805
0 0.24099774943735933 0.564 0.0671417854463616 0.09
0 0.23930982745686422 0.66225 0.072768192048012 0.0765
0 0.22055513878469618 0.736 0.06301575393848462 0.089
0 0.2691297824456114 0.789 0.0708927231807952 0.087
0 0.2846961740435109 0.7165 0.06376594148537135 0.085
0 0.3342085521380345 0.7785 0.06826706676669167 0.085
0 0.35015003750937734 0.71425 0.07164291072768192 0.0925
0 0.4019129782445611 0.754 0.0603900975243811 0.09
0 0.46211552888222057 0.77775 0.07201800450112528 0.0955
0 0.5307576894223556 0.75825 0.072768192048012 0.0885
0 0.6084021005251313 0.75025 0.07351837959489872 0.0805
0 0.6659789947486872 0.68 0.07539384846211553 0.084
0 0.7361215303825956 0.7015 0.07389347336834208 0.097
0 0.8177044261065266 0.69925 0.07876969242310577 0.0995
0 0.3049512378094524 0.6245 0.072768192048012 0.085
0 0.28844711177794446 0.47525 0.072768192048012 0.0895
0 0.3477119279819955 0.53525 0.07426856714178545 0.0935
0 0.3758439609902476 0.604 0.07126781695423856 0.084
0 0.42666916729182297 0.653 0.07989497374343586 0.082
0 0.4971867966991748 0.6465 0.07689422355588897 0.102
0 0.5693923480870218 0.645 0.07651912978244561 0.105
0 0.2980120030007502 0.395 0.07989497374343586 0.091
0 0.2970742685671418 0.30875 0.0795198799699925 0.0915
0 0.36927981995498876 0.31225 0.08064516129032258 0.0935
0 0.41035258814703673 0.377 0.07351837959489872 0.102
0 0.4587396849212303 0.43475 0.08027006751687922 0.0935
0 0.353900975243811 0.45675 0.07614403600900226 0.0815
0 0.4172918229557389 0.5125 0.07689422355588897 0.101
0 0.45330082520630155 0.57325 0.07689422355588897 0.0855
0 0.5238184546136534 0.55725 0.08139534883720931 0.1005
0 0.5793323330832708 0.5195 0.08064516129032258 0.085
0 0.5352588147036759 0.45525 0.072768192048012 0.0895
0 0.6337209302325582 0.5825 0.07689422355588897 0.083
0 0.7145536384096024 0.60575 0.07426856714178545 0.0945
0 0.7771942985746436 0.613 0.07351837959489872 0.106
0 0.8420855213803451 0.61675 0.06676669167291822 0.1005
0 0.4628657164291073 0.3175 0.07876969242310577 0.097
0 0.4720555138784696 0.21675 0.07764441110277569 0.1005
0 0.5290697674418605 0.27375 0.0708927231807952 0.1075
0 0.5602025506376594 0.35825 0.07689422355588897 0.0995
0 0.6078394598649662 0.4175 0.07764441110277569 0.105
0 0.6567891972993248 0.4885 0.0795198799699925 0.1
0 0.7269317329332333 0.5235 0.07801950487621906 0.103
0 0.7981995498874719 0.51075 0.06826706676669167 0.1005
0 0.8683420855213804 0.52875 0.07726931732933233 0.0895
0 0.5905851462865717 0.22525 0.07614403600900226 0.1085
0 0.6333458364591148 0.30125 0.08139534883720931 0.1085
0 0.6937359339834959 0.26175 0.08514628657164292 0.1045
0 0.6515378844711178 0.178 0.0795198799699925 0.098
0 0.7383720930232558 0.18275 0.07989497374343586 0.1005
0 0.822768192048012 0.2215 0.08214553638409602 0.103
0 0.7745686421605401 0.2975 0.07876969242310577 0.106
0 0.6920480120030007 0.3555 0.07801950487621906 0.105
0 0.7361215303825956 0.42725 0.08064516129032258 0.1085
0 0.7978244561140285 0.40175 0.07576894223555888 0.1125
0 0.8765941485371342 0.3985 0.07801950487621906 0.105
0 0.8730307576894224 0.313 0.08289572393098274 0.101
