0 0.1800450112528132 0.64675 0.03675918979744936 0.0635
0 0.15585146286571644 0.57275 0.036384096024006 0.0545
0 0.22861965491372843 0.594 0.036384096024006 0.048
0 0.26106526631657917 0.626 0.03975993998499625 0.065
0 0.26575393848462114 0.6585 0.036384096024006 0.029
0 0.304576144036009 0.64975 0.0277569392348087 0.0465
0 0.3013878469617404 0.72025 0.043135783945986494 0.0565
0 0.3454613653413353 0.7535 0.0450112528132033 0.056
0 0.3687171792948237 0.75825 0.025506376594148537 0.0395
0 0.3887846961740435 0.77475 0.03938484621155289 0.0575
0 0.4154163540885221 0.753 0.03938484621155289 0.06
0 0.4279819954988747 0.8065 0.03375843960990248 0.057
0 0.35258814703675917 0.691 0.03900975243810953 0.05
0 0.38634658664666166 0.71525 0.042010502625656414 0.0535
0 0.3295198799699925 0.6405 0.04088522130532633 0.049
0 0.3023255813953488 0.60275 0.04126031507876969 0.0585
0 0.11834208552138034 0.4895 0.032633158289572396 0.056
0 0.1609152288072018 0.5035 0.03375843960990248 0.049
0 0.18979744936234058 0.5245 0.03375843960990248 0.052
0 0.23105776444111029 0.545 0.0345086271567892 0.063
0 0.2880720180045011 0.55525 0.03375843960990248 0.0525
0 0.07501875468867217 0.41125 0.029257314328582147 0.0535
0 0.09808702175543886 0.3715 0.03488372093023256 0.052
0 0.11459114778694673 0.29175 0.03563390847711928 0.0565
0 0.1511627906976744 0.34325 0.0345086271567892 0.0495
0 0.12715678919729934 0.392 0.03675918979744936 0.055
0 0.12396849212303075 0.44475 0.041635408852213056 0.0435
0 0.17010502625656415 0.46175 0.03938484621155289 0.0495
0 0.18510877719429858 0.407 0.03788447111777944 0.047
0 0.17029257314328583 0.26775 0.037509377344336084 0.0535
0 0.19767441860465115 0.23675 0.03600900225056264 0.0515
0 0.20161290322580644 0.185 0.03563390847711928 0.052
0 0.25825206301575393 0.1985 0.032633158289572396 0.05
0 0.2511252813203301 0.2415 0.03563390847711928 0.055
0 0.22730682670667668 0.3105 0.0345086271567892 0.048
0 0.24737434358589647 0.295 0.04013503375843961 0.047
0 0.22543135783945986 0.35875 0.037509377344336084 0.0475
0 0.259377344336084 0.355 0.03338334583645911 0.057
0 0.23105776444111029 0.40225 0.04351087771942986 0.0545
0 0.2501875468867217 0.45025 0.0450112528132033 0.0535
0 0.2605026256564141 0.499 0.03113278319579895 0.055
0 0.2931357839459865 0.5115 0.04013503375843961 0.057
0 0.3435858964741185 0.563 0.04126031507876969 0.052
0 0.33402100525131284 0.5145 0.04463615903975994 0.057
0 0.3775318829707427 0.52325 0.043135783945986494 0.0555
0 0.2929482370592648 0.45325 0.04051012753188297 0.0605
0 0.2786946736684171 0.397 0.035258814703675916 0.054
0 0.31714178544636157 0.40675 0.037134283570892726 0.0585
0 0.29538634658664664 0.342 0.04463615903975994 0.057
0 0.2888222055513878 0.2955 0.03675918979744936 0.051
0 0.28394598649662417 0.24675 0.03825956489122281 0.0535
0 0.2873218304576144 0.187 0.04276069017254314 0.061
0 0.3319579894973743 0.184 0.04051012753188297 0.062
0 0.31807951987997 0.24275 0.03900975243810953 0.0585
0 0.32126781695423856 0.3085 0.04013503375843961 0.059
0 0.34246061515378845 0.34025 0.03675918979744936 0.0615
0 0.3657164291072768 0.29375 0.042010502625656414 0.0545
0 0.354463615903976 0.2245 0.04276069017254314 0.061
0 0.3664666166541635 0.17125 0.0345086271567892 0.0575
0 0.39909977494373594 0.20725 0.04126031507876969 0.0635
0 0.39403600900225055 0.26325 0.038634658664666165 0.0615
0 0.41597899474868716 0.2935 0.04051012753188297 0.057
0 0.37490622655663913 0.3645 0.038634658664666165 0.061
0 0.3600900225056264 0.413 0.03600900225056264 0.054
0 0.3777194298574644 0.4295 0.04276069017254314 0.058
0 0.33083270817704424 0.4585 0.0345086271567892 0.056
0 0.3664666166541635 0.4705 0.03675918979744936 0.054
0 0.4129782445611403 0.49 0.03825956489122281 0.057
0 0.38147036759189795 0.60525 0.03675918979744936 0.0545
0 0.38297074268567144 0.661 0.037509377344336084 0.06
0 0.4172918229557389 0.60075 0.03938484621155289 0.0585
0 0.4214178544636159 0.655 0.03938484621155289 0.057
0 0.4291072768192048 0.70775 0.04126031507876969 0.0585
0 0.4585521380345086 0.755 0.043135783945986494 0.06
0 0.4617404351087772 0.81375 0.037509377344336084 0.0585
0 0.4894973743435859 0.78975 0.03900975243810953 0.0615
0 0.5151912978244562 0.852 0.041635408852213056 0.061
0 0.4544261065266317 0.619 0.04463615903975994 0.065
0 0.4120405101275319 0.54825 0.04388597149287322 0.0555
0 0.4540510127531883 0.565 0.04538634658664666 0.059
0 0.48593398349587397 0.6485 0.04238559639909977 0.057
0 0.4827456864216054 0.71075 0.042010502625656414 0.0645
0 0.5258814703675919 0.698 0.03900975243810953 0.058
0 0.5238184546136534 0.7495 0.03563390847711928 0.058
0 0.5348837209302325 0.80925 0.042010502625656414 0.0605
0 0.5200675168792198 0.6245 0.046136534133533386 0.056
0 0.4966241560390098 0.58025 0.042010502625656414 0.0625
0 0.440735183795949 0.507 0.03600900225056264 0.061
0 0.423105776444111 0.40875 0.03900975243810953 0.0545
0 0.41766691672918227 0.3555 0.041635408852213056 0.061
0 0.4339834958739685 0.24325 0.04126031507876969 0.0535
0 0.44954988747186797 0.184 0.038634658664666165 0.052
0 0.4752438109527382 0.15025 0.042010502625656414 0.0625
0 0.47655663915978996 0.22525 0.03938484621155289 0.0495
0 0.45386346586646664 0.26925 0.04126031507876969 0.0555
0 0.4645536384096024 0.3315 0.041635408852213056 0.055
0 0.4754313578394599 0.41775 0.046136534133533386 0.0595
0 0.4855588897224306 0.47075 0.04088522130532633 0.0725
0 0.5178169542385597 0.5175 0.05138784696174044 0.064
0 0.5602025506376594 0.8655 0.03938484621155289 0.058
0 0.590960240060015 0.90125 0.04688672168042011 0.0645
0 0.5988372093023255 0.8485 0.04238559639909977 0.059
0 0.6363465866466617 0.8845 0.046136534133533386 0.06
0 0.6564141035258815 0.845 0.046511627906976744 0.062
0 0.6914853713428357 0.87975 0.047636909227306824 0.0625
0 0.7316204051012754 0.8745 0.04688672168042011 0.063
0 0.77344336084021 0.85475 0.05326331582895724 0.0635
0 0.576331582895724 0.78625 0.04688672168042011 0.0575
0 0.6190922730682671 0.79975 0.04838709677419355 0.0565
0 0.6522880720180045 0.763 0.046511627906976744 0.053
0 0.6941110277569392 0.795 0.04913728432108027 0.064
0 0.7387471867966992 0.79325 0.05138784696174044 0.0595
0 0.7134283570892723 0.746 0.05026256564141035 0.072
0 0.7593773443360841 0.76475 0.04688672168042011 0.0615
0 0.5656414103525882 0.72975 0.0450112528132033 0.0565
0 0.5678919729932483 0.673 0.03900975243810953 0.056
0 0.6001500375093773 0.70225 0.042010502625656414 0.0615
0 0.6445986496624156 0.70825 0.04688672168042011 0.0575
0 0.6890472618154538 0.695 0.04426106526631658 0.067
0 0.7498124531132783 0.70175 0.047261815453863466 0.0645
0 0.7963240810202551 0.7175 0.04951237809452363 0.065
0 0.5384471117779445 0.57275 0.041635408852213056 0.0625
0 0.5677044261065266 0.616 0.047636909227306824 0.054
0 0.6029632408102026 0.646 0.046136534133533386 0.067
0 0.6500375093773444 0.65025 0.04276069017254314 0.0665
0 0.6099024756189048 0.592 0.0450112528132033 0.057
0 0.6524756189047262 0.5905 0.047636909227306824 0.064
0 0.6914853713428357 0.623 0.04688672168042011 0.063
0 0.735933983495874 0.64825 0.04951237809452363 0.0555
0 0.7267441860465116 0.59375 0.04688672168042011 0.0595
0 0.771755438859715 0.59825 0.04688672168042011 0.0565
0 0.7890097524381096 0.6595 0.043135783945986494 0.061
0 0.5793323330832708 0.552 0.04913728432108027 0.06
0 0.5290697674418605 0.4545 0.046136534133533386 0.058
0 0.559264816204051 0.4965 0.04426106526631658 0.056
0 0.6009002250562641 0.492 0.04576144036009002 0.056
0 0.627906976744186 0.53875 0.04351087771942986 0.0605
0 0.6768567141785446 0.545 0.047636909227306824 0.063
0 0.7273068267066767 0.53875 0.05326331582895724 0.0555
0 0.6526631657914479 0.48625 0.04951237809452363 0.0575
0 0.7064891222805701 0.48675 0.05288822205551388 0.0585
0 0.518192048012003 0.4015 0.038634658664666165 0.056
0 0.5007501875468867 0.34875 0.04351087771942986 0.0575
0 0.4964366091522881 0.28075 0.04463615903975994 0.0625
0 0.5097524381095274 0.239 0.0450112528132033 0.054
0 0.5247561890472618 0.1805 0.04126031507876969 0.049
0 0.5637659414853713 0.166 0.04276069017254314 0.062
0 0.5523255813953488 0.229 0.04088522130532633 0.059
0 0.5478244561140285 0.28325 0.043135783945986494 0.0625
0 0.5423855963990998 0.342 0.04426106526631658 0.058
0 0.5543885971492873 0.39425 0.0450112528132033 0.0595
0 0.5817704426106527 0.43525 0.04576144036009002 0.0625
0 0.6252813203300825 0.443 0.04276069017254314 0.06
0 0.6059639909977494 0.388 0.043135783945986494 0.066
0 0.6459114778694673 0.39375 0.03675918979744936 0.0635
0 0.594523630907727 0.22525 0.0450112528132033 0.0615
0 0.5947111777944486 0.2965 0.043135783945986494 0.058
0 0.6249062265566392 0.335 0.04801200300075019 0.056
0 0.6344711177794449 0.17325 0.04388597149287322 0.0585
0 0.6380345086271568 0.243 0.04426106526631658 0.063
0 0.6627906976744186 0.2855 0.05026256564141035 0.058
0 0.6706676669167292 0.34125 0.04576144036009002 0.0585
0 0.7040510127531883 0.378 0.05401350337584396 0.065
0 0.6822955738934734 0.43925 0.04426106526631658 0.0605
0 0.731245311327832 0.4345 0.04388597149287322 0.061
0 0.7655663915978995 0.48625 0.04801200300075019 0.0625
0 0.7852588147036759 0.53875 0.043135783945986494 0.0625
0 0.8432108027006752 0.6845 0.05326331582895724 0.059
0 0.8312078019504876 0.62975 0.05251312828207052 0.0615
0 0.8400225056264066 0.5615 0.05438859714928732 0.068
0 0.8178919729932483 0.4915 0.05138784696174044 0.07
0 0.785821455363841 0.4355 0.04801200300075019 0.06
0 0.6821080270067517 0.19625 0.04538634658664666 0.0615
0 0.7106151537884471 0.24825 0.050637659414853715 0.0615
0 0.7145536384096024 0.30575 0.04876219054763691 0.0615
0 0.7522505626406601 0.3315 0.04538634658664666 0.072
0 0.7648162040510128 0.2625 0.04876219054763691 0.067
0 0.8034508627156789 0.3095 0.051762940735183796 0.069
0 0.8058889722430608 0.37825 0.046136534133533386 0.0625
0 0.8520255063765941 0.39875 0.04838709677419355 0.0595
