0 0.13840960240060016 0.27625 0.03075768942235559 0.0435
0 0.17291822955738934 0.29125 0.025506376594148537 0.0475
0 0.19673668417104276 0.29575 0.02663165791447862 0.0415
0 0.1972993248312078 0.257 0.03075768942235559 0.041
0 0.1980495123780945 0.3345 0.029257314328582147 0.035
0 0.2059264816204051 0.35625 0.030007501875468866 0.0375
0 0.16072768192048012 0.37925 0.03563390847711928 0.0365
0 0.20423855963990997 0.3915 0.03338334583645911 0.036
0 0.19448612153038258 0.4255 0.028132033008252063 0.04
0 0.23293323330832708 0.4165 0.025506376594148537 0.042
0 0.24924981245311328 0.4325 0.028882220555138786 0.043
0 0.2355588897224306 0.379 0.024006001500375095 0.046
0 0.2560015003750938 0.3765 0.02738184546136534 0.04
0 0.28769692423105775 0.382 0.03075768942235559 0.039
0 0.2644411102775694 0.342 0.025506376594148537 0.046
0 0.2394973743435859 0.334 0.028882220555138786 0.043
0 0.2740060015003751 0.29725 0.029632408102025505 0.0435
0 0.3055138784696174 0.33475 0.03188297074268567 0.0405
0 0.32145536384096024 0.377 0.0277569392348087 0.037
0 0.29257314328582146 0.43025 0.029257314328582147 0.0425
0 0.30888972243060764 0.4615 0.03188297074268567 0.04
0 0.32220555138784696 0.42975 0.029257314328582147 0.0425
0 0.2533758439609902 0.47425 0.028882220555138786 0.0355
0 0.26875468867216806 0.503 0.029632408102025505 0.05
0 0.20911477869467368 0.4885 0.028882220555138786 0.039
0 0.20442610652663165 0.54875 0.03150787696924231 0.0375
0 0.22074268567141786 0.58975 0.028132033008252063 0.0395
0 0.259377344336084 0.617 0.025131282820705175 0.04
0 0.27569392348087024 0.65625 0.023255813953488372 0.0405
0 0.2989497374343586 0.66675 0.028507126781695424 0.0335
0 0.32314328582145535 0.6505 0.028882220555138786 0.041
0 0.3049512378094524 0.5985 0.030007501875468866 0.035
0 0.3055138784696174 0.57125 0.03113278319579895 0.0345
0 0.2921980495123781 0.53925 0.029257314328582147 0.0375
0 0.2633158289572393 0.544 0.025506376594148537 0.039
0 0.24306076519129782 0.5285 0.025506376594148537 0.045
0 0.304576144036009 0.50775 0.03375843960990248 0.0375
0 0.34527381845461363 0.595 0.03188297074268567 0.036
0 0.34752438109527384 0.5575 0.03113278319579895 0.037
0 0.32914478619654913 0.527 0.030382595648912228 0.037
0 0.33233308327081773 0.5 0.028507126781695424 0.045
0 0.36552888222055513 0.52775 0.02663165791447862 0.0385
0 0.38803450862715677 0.5515 0.030382595648912228 0.039
0 0.38634658664666166 0.518 0.033008252063015754 0.034
0 0.3734058514628657 0.599 0.029632408102025505 0.039
0 0.3857839459864966 0.631 0.028882220555138786 0.039
0 0.37209302325581395 0.6685 0.03225806451612903 0.052
0 0.390285071267817 0.72175 0.034133533383345835 0.0375
0 0.4172918229557389 0.73175 0.02738184546136534 0.0485
0 0.42104276069017255 0.68975 0.02738184546136534 0.0365
0 0.4435483870967742 0.685 0.028882220555138786 0.041
0 0.45630157539384847 0.712 0.02663165791447862 0.041
0 0.45236309077269315 0.75325 0.028507126781695424 0.0465
0 0.40960240060015 0.653 0.029257314328582147 0.036
0 0.43642160540135033 0.65325 0.028882220555138786 0.0375
0 0.4146661665416354 0.612 0.029632408102025505 0.039
0 0.4292948237059265 0.555 0.03113278319579895 0.041
0 0.4568642160540135 0.55425 0.030007501875468866 0.0515
0 0.45161290322580644 0.6 0.0277569392348087 0.044
0 0.42366841710427605 0.50375 0.032633158289572396 0.0405
0 0.44111027756939236 0.48125 0.0345086271567892 0.0425
0 0.45836459114778694 0.5105 0.03075768942235559 0.046
0 0.40097524381095273 0.4645 0.029257314328582147 0.038
0 0.37809452363090773 0.45875 0.024756189047261814 0.0445
0 0.3454613653413353 0.45925 0.029257314328582147 0.0385
0 0.35277569392348085 0.41525 0.02663165791447862 0.0395
0 0.3784696174043511 0.41125 0.030007501875468866 0.0385
0 0.4081020255063766 0.424 0.03225806451612903 0.039
0 0.43548387096774194 0.445 0.03150787696924231 0.033
0 0.36834208552138037 0.3755 0.0345086271567892 0.037
0 0.4081020255063766 0.3775 0.029257314328582147 0.042
0 0.43623405851462865 0.36725 0.03375843960990248 0.0345
0 0.44786196549137286 0.4025 0.03600900225056264 0.038
0 0.33477119279819956 0.347 0.029632408102025505 0.038
0 0.367966991747937 0.32775 0.03375843960990248 0.0395
0 0.33570892723180795 0.3005 0.03075768942235559 0.041
0 0.3094523630907727 0.297 0.02700675168792198 0.035
0 0.3107651912978245 0.263 0.03113278319579895 0.04
0 0.2914478619654914 0.266 0.024756189047261814 0.032
0 0.28019504876219054 0.25575 0.02625656414103526 0.0345
0 0.30288822205551386 0.233 0.03488372093023256 0.039
0 0.33064516129032256 0.2075 0.03188297074268567 0.043
0 0.3480870217554389 0.17525 0.030007501875468866 0.0355
0 0.35671417854463616 0.21575 0.029257314328582147 0.0445
0 0.37509377344336087 0.25325 0.028507126781695424 0.0425
0 0.36946736684171044 0.28725 0.024756189047261814 0.0445
0 0.38559639909977494 0.30075 0.023255813953488372 0.0505
0 0.40678919729932483 0.337 0.032633158289572396 0.041
0 0.41916729182295576 0.31525 0.029632408102025505 0.0435
0 0.4493623405851463 0.33625 0.03375843960990248 0.0455
0 0.43192048012003 0.283 0.028132033008252063 0.047
0 0.4045386346586647 0.265 0.029632408102025505 0.04
0 0.41429107276819205 0.215 0.032633158289572396 0.035
0 0.4442985746436609 0.22925 0.028132033008252063 0.0455
0 0.44879969992498125 0.1925 0.028132033008252063 0.045
0 0.40678919729932483 0.1715 0.028882220555138786 0.05
0 0.38540885221305327 0.19525 0.028882220555138786 0.0425
0 0.37978244561140284 0.175 0.02288072018004501 0.03
0 0.3876594148537134 0.12725 0.03188297074268567 0.0395
0 0.33214553638409605 0.14925 0.03488372093023256 0.0355
0 0.3167666916729182 0.10975 0.034133533383345835 0.0435
0 0.4759939984996249 0.159 0.03075768942235559 0.044
0 0.48124531132783194 0.21075 0.03225806451612903 0.0445
0 0.5105026256564141 0.22125 0.029257314328582147 0.0475
0 0.5352588147036759 0.17875 0.03225806451612903 0.0405
0 0.536946736684171 0.2275 0.02738184546136534 0.045
0 0.5219429857464366 0.2595 0.03338334583645911 0.041
0 0.49212303075768943 0.265 0.03375843960990248 0.046
0 0.508252063015754 0.294 0.030007501875468866 0.042
0 0.47336834208552137 0.29525 0.030007501875468866 0.0425
0 0.5750187546886721 0.1945 0.03150787696924231 0.052
0 0.5551387846961741 0.26 0.03150787696924231 0.046
0 0.5487621905476369 0.30525 0.033008252063015754 0.0425
0 0.5219429857464366 0.329 0.030382595648912228 0.044
0 0.4913728432108027 0.35025 0.03075768942235559 0.0405
0 0.5196924231057765 0.36375 0.028882220555138786 0.0405
0 0.47261815453863465 0.36525 0.028507126781695424 0.0425
0 0.49774943735933985 0.3845 0.030007501875468866 0.039
0 0.5414478619654913 0.39225 0.030382595648912228 0.0355
0 0.5570142535633908 0.354 0.03075768942235559 0.042
0 0.5159414853713429 0.422 0.03488372093023256 0.033
0 0.4840585146286572 0.43475 0.03188297074268567 0.0435
0 0.47336834208552137 0.4785 0.035258814703675916 0.037
0 0.5026256564141035 0.4865 0.02250562640660165 0.042
0 0.5346961740435109 0.46875 0.03113278319579895 0.0385
0 0.562828207051763 0.47825 0.030382595648912228 0.0355
0 0.5652663165791448 0.429 0.03075768942235559 0.037
0 0.5333833458364591 0.51075 0.037509377344336084 0.0325
0 0.5594523630907727 0.52775 0.02738184546136534 0.0405
0 0.5005626406601651 0.516 0.03113278319579895 0.029
0 0.481807951987997 0.56375 0.032633158289572396 0.0365
0 0.47918229557389347 0.60725 0.032633158289572396 0.0405
0 0.4656789197299325 0.642 0.03188297074268567 0.033
0 0.4988747186796699 0.67325 0.03075768942235559 0.0415
0 0.5090022505626407 0.601 0.02625656414103526 0.038
0 0.5176294073518379 0.63 0.03225806451612903 0.04
0 0.5283195798949737 0.672 0.029632408102025505 0.036
0 0.5510127531882971 0.65425 0.030007501875468866 0.0435
0 0.5517629407351838 0.689 0.030007501875468866 0.039
0 0.5744561140285072 0.66475 0.02663165791447862 0.0445
0 0.5669542385596399 0.613 0.028882220555138786 0.043
0 0.5243810952738185 0.5645 0.03225806451612903 0.044
0 0.5427606901725431 0.57175 0.02625656414103526 0.0395
0 0.4827456864216054 0.7075 0.03075768942235559 0.038
0 0.47749437359339836 0.74675 0.03150787696924231 0.0345
0 0.4975618904726182 0.7915 0.03338334583645911 0.037
0 0.5480120030007501 0.808 0.02625656414103526 0.044
0 0.5596399099774944 0.7725 0.03075768942235559 0.033
0 0.509939984996249 0.74125 0.029632408102025505 0.0395
0 0.5313203300825207 0.758 0.029632408102025505 0.032
0 0.5373218304576144 0.729 0.029632408102025505 0.037
0 0.577456864216054 0.72675 0.032633158289572396 0.0395
0 0.5902100525131283 0.73875 0.023630907726931733 0.0305
0 0.6078394598649662 0.75225 0.02663165791447862 0.0335
0 0.5855213803450863 0.7825 0.03075768942235559 0.03
0 0.5663915978994749 0.79325 0.02250562640660165 0.0285
0 0.6571642910727682 0.753 0.0277569392348087 0.036
0 0.6427231807951987 0.72075 0.030382595648912228 0.0355
0 0.5982745686421606 0.7075 0.025506376594148537 0.038
0 0.6159039759939985 0.7095 0.018754688672168042 0.033
0 0.6646661665416355 0.69825 0.02700675168792198 0.0345
0 0.6406601650412603 0.66875 0.033008252063015754 0.0345
0 0.6014628657164292 0.662 0.028882220555138786 0.034
0 0.608589647411853 0.63175 0.03113278319579895 0.0325
0 0.6303450862715679 0.644 0.029632408102025505 0.036
0 0.6357839459864967 0.6145 0.03150787696924231 0.036
0 0.6674793698424606 0.65575 0.03113278319579895 0.0365
0 0.6852963240810203 0.67425 0.030007501875468866 0.0335
0 0.5808327081770442 0.551 0.03113278319579895 0.039
0 0.6099024756189048 0.55875 0.030007501875468866 0.0405
0 0.5890847711927982 0.51775 0.03188297074268567 0.0355
0 0.6252813203300825 0.5205 0.03225806451612903 0.04
0 0.644973743435859 0.5475 0.028882220555138786 0.036
0 0.6695423855963991 0.533 0.03150787696924231 0.041
0 0.5888972243060765 0.45875 0.033008252063015754 0.0385
0 0.6164666166541636 0.4745 0.030382595648912228 0.045
0 0.6451612903225806 0.47725 0.02700675168792198 0.0425
0 0.6802325581395349 0.496 0.03113278319579895 0.045
0 0.6781695423855963 0.45775 0.03225806451612903 0.0375
0 0.6526631657914479 0.4315 0.033008252063015754 0.039
0 0.6239684921230307 0.437 0.032633158289572396 0.043
0 0.5969617404351087 0.41825 0.032633158289572396 0.0395
0 0.5888972243060765 0.37675 0.033008252063015754 0.0395
0 0.6252813203300825 0.38725 0.033008252063015754 0.0405
0 0.6573518379594899 0.38725 0.030382595648912228 0.0415
0 0.6866091522880721 0.4025 0.032633158289572396 0.039
0 0.6170292573143286 0.35125 0.033008252063015754 0.0405
0 0.586271567891973 0.33925 0.03225806451612903 0.0385
0 0.5817704426106527 0.303 0.03075768942235559 0.042
0 0.6104651162790697 0.31075 0.028882220555138786 0.0425
0 0.6374718679669917 0.30575 0.029632408102025505 0.0375
0 0.6511627906976745 0.3395 0.03600900225056264 0.043
0 0.6753563390847712 0.328 0.034133533383345835 0.045
0 0.6933608402100525 0.361 0.036384096024006 0.04
0 0.6626031507876969 0.29 0.03113278319579895 0.048
0 0.614403600900225 0.266 0.03075768942235559 0.047
0 0.586271567891973 0.2575 0.03150787696924231 0.046
0 0.6110277569392348 0.21975 0.033008252063015754 0.0435
0 0.6425356339084771 0.196 0.03225806451612903 0.048
0 0.6509752438109527 0.23875 0.03488372093023256 0.0455
0 0.589834958739685 0.16425 0.030382595648912228 0.0455
0 0.6172168042010503 0.16875 0.029632408102025505 0.0345
0 0.6457239309827457 0.153 0.030382595648912228 0.045
0 0.6762940735183796 0.1345 0.033008252063015754 0.051
0 0.6779819954988747 0.183 0.03338334583645911 0.046
0 0.7214928732183046 0.18875 0.03563390847711928 0.0485
0 0.7475618904726181 0.159 0.033008252063015754 0.045
0 0.7762565641410353 0.18925 0.037134283570892726 0.0425
0 0.7424981245311327 0.21525 0.032633158289572396 0.0405
0 0.7873218304576144 0.22875 0.0345086271567892 0.0405
0 0.7880720180045011 0.27075 0.03375843960990248 0.0455
0 0.7109902475618904 0.22425 0.03338334583645911 0.0455
0 0.6862340585146287 0.2475 0.034133533383345835 0.038
0 0.7079894973743436 0.277 0.034133533383345835 0.048
0 0.7244936234058514 0.30475 0.04013503375843961 0.0425
0 0.7524381095273819 0.28675 0.033008252063015754 0.0415
0 0.7213053263315828 0.3405 0.04051012753188297 0.04
0 0.7561890472618155 0.32375 0.028507126781695424 0.0425
0 0.7854463615903976 0.31825 0.03225806451612903 0.0455
0 0.7846961740435109 0.3545 0.03150787696924231 0.04
0 0.7610652663165791 0.366 0.0345086271567892 0.042
0 0.7280570142535634 0.38275 0.03375843960990248 0.0455
0 0.7348087021755438 0.431 0.03900975243810953 0.04
0 0.7678169542385597 0.411 0.03975993998499625 0.034
0 0.7650037509377344 0.45375 0.03113278319579895 0.0405
0 0.704801200300075 0.4685 0.02700675168792198 0.037
0 0.7319954988747187 0.47125 0.030382595648912228 0.0375
0 0.7128657164291072 0.5105 0.03113278319579895 0.043
0 0.7372468117029257 0.517 0.028132033008252063 0.041
0 0.7631282820705176 0.5025 0.034133533383345835 0.043
0 0.785821455363841 0.518 0.03150787696924231 0.042
0 0.713053263315829 0.5455 0.035258814703675916 0.036
0 0.7316204051012754 0.57025 0.02213053263315829 0.0335
0 0.7166166541635409 0.591 0.038634658664666165 0.039
0 0.6627906976744186 0.588 0.03150787696924231 0.033
0 0.6796699174793699 0.613 0.030007501875468866 0.034
0 0.7040510127531883 0.60525 0.02625656414103526 0.0305
0 0.7093023255813954 0.65475 0.03225806451612903 0.0415
0 0.7372468117029257 0.6335 0.028882220555138786 0.035
0 0.7608777194298575 0.6365 0.025881470367591898 0.04
0 0.7666916729182296 0.59375 0.03225806451612903 0.0435
0 0.7777569392348087 0.61525 0.028132033008252063 0.0455
0 0.8008252063015754 0.63875 0.024756189047261814 0.0475
0 0.7261815453863466 0.689 0.028507126781695424 0.034
0 0.7409977494373593 0.67775 0.01687921980495124 0.0335
0 0.7891972993248312 0.55425 0.029257314328582147 0.0345
0 0.8158289572393098 0.57125 0.029257314328582147 0.0345
0 0.8276444111027756 0.52075 0.028882220555138786 0.0395
0 0.8576519129782446 0.52825 0.029632408102025505 0.0435
0 0.8717179294823706 0.4925 0.0277569392348087 0.042
0 0.9067891972993248 0.48575 0.03113278319579895 0.0415
0 0.918417104276069 0.51525 0.03488372093023256 0.0375
0 0.9212303075768942 0.4585 0.03150787696924231 0.039
0 0.8717179294823706 0.43925 0.03600900225056264 0.0425
0 0.8351462865716429 0.45975 0.030382595648912228 0.0345
0 0.8083270817704427 0.4795 0.03600900225056264 0.036
0 0.7998874718679669 0.44875 0.03188297074268567 0.0395
0 0.8205176294073518 0.42125 0.034133533383345835 0.0355
0 0.799324831207802 0.39675 0.029257314328582147 0.0455
0 0.8388972243060765 0.39075 0.030382595648912228 0.0395
0 0.8690922730682671 0.39475 0.03075768942235559 0.0415
0 0.8885971492873218 0.4225 0.02700675168792198 0.043
0 0.9206676669167292 0.419 0.034133533383345835 0.039
0 0.890285071267817 0.38275 0.025881470367591898 0.0405
0 0.9159789947486872 0.35825 0.033008252063015754 0.0415
0 0.8546511627906976 0.336 0.034133533383345835 0.045
0 0.8143285821455364 0.32475 0.0277569392348087 0.0465
0 0.8629032258064516 0.298 0.037134283570892726 0.039
0 0.8797824456114028 0.32425 0.03188297074268567 0.0415
0 0.8501500375093773 0.21575 0.03188297074268567 0.0465
0 0.8649662415603901 0.2455 0.03075768942235559 0.043
0 0.8957239309827457 0.25525 0.03375843960990248 0.0455
0 0.24924981245311328 0.20575 0.024381095273818456 0.0455
