0 0.1991747936984246 0.27375 0.06676669167291822 0.0825
0 0.25318829707426854 0.315 0.05251312828207052 0.087
0 0.2059264816204051 0.36975 0.05776444111027757 0.0865
0 0.23818454613653414 0.4135 0.06451612903225806 0.093
0 0.2524381095273818 0.50625 0.06151537884471118 0.1005
0 0.31095273818454616 0.539 0.06301575393848462 0.09
0 0.3008252063015754 0.44675 0.06451612903225806 0.0895
0 0.29932483120780196 0.36175 0.06376594148537135 0.0905
0 0.2231807951987997 0.1785 0.058514628657164294 0.077
0 0.24643660915228807 0.23325 0.0622655663915979 0.0755
0 0.29351087771942985 0.266 0.06789197299324831 0.086
0 0.2753188297074269 0.125 0.05401350337584396 0.081
0 0.30045011252813203 0.17225 0.05326331582895724 0.0825
0 0.33927231807951985 0.20725 0.059639909977494375 0.0905
0 0.3495873968492123 0.303 0.05926481620405101 0.09
0 0.3287696924231058 0.103 0.05738934733683421 0.075
0 0.3630907726931733 0.13925 0.06601650412603151 0.0725
0 0.39647411852963244 0.08425 0.05476369092273068 0.0755
0 0.44223555888972244 0.1585 0.060765191297824456 0.079
0 0.4120405101275319 0.25325 0.061890472618154536 0.0895
0 0.4341710427606902 0.32825 0.06264066016504126 0.0885
0 0.36721680420105024 0.38875 0.06826706676669167 0.0855
0 0.42085521380345087 0.41575 0.06601650412603151 0.0895
0 0.36946736684171044 0.4795 0.06301575393848462 0.082
0 0.3893473368342086 0.5775 0.06301575393848462 0.092
0 0.4307951987996999 0.5235 0.06264066016504126 0.095
0 0.4474868717179295 0.6125 0.072768192048012 0.088
0 0.4714928732183046 0.11225 0.04576144036009002 0.0735
0 0.5131282820705176 0.0875 0.06526631657914479 0.076
0 0.4941860465116279 0.194 0.0641410352588147 0.076
0 0.4671792948237059 0.25225 0.0671417854463616 0.0895
0 0.5331957989497375 0.2665 0.06339084771192798 0.092
0 0.5013128282070518 0.35375 0.07164291072768192 0.0845
0 0.4934358589647412 0.445 0.06939234808702176 0.087
0 0.5016879219804952 0.52775 0.07239309827456865 0.0905
0 0.5195048762190547 0.61875 0.07426856714178545 0.0935
0 0.5346961740435109 0.72025 0.07614403600900226 0.1045
0 0.6369092273068268 0.77325 0.06976744186046512 0.1195
0 0.577456864216054 0.57125 0.06639159789947487 0.0985
0 0.6247186796699175 0.5045 0.06864216054013503 0.095
0 0.5697674418604651 0.40925 0.07126781695423856 0.0825
0 0.5902100525131283 0.32075 0.07389347336834208 0.0945
0 0.5712678169542386 0.19275 0.07051762940735183 0.0835
0 0.5881470367591898 0.1095 0.06826706676669167 0.079
0 0.663728432108027 0.14325 0.07164291072768192 0.0915
0 0.7256189047261815 0.21175 0.06939234808702176 0.0955
0 0.6391597899474869 0.23275 0.0795198799699925 0.0935
0 0.6699174793698425 0.305 0.06826706676669167 0.1
0 0.7355588897224306 0.3145 0.07576894223555888 0.103
0 0.6385971492873218 0.40625 0.07239309827456865 0.1025
0 0.7132408102025506 0.41675 0.07989497374343586 0.0945
0 0.7890097524381096 0.40125 0.0708927231807952 0.0875
0 0.6905476369092273 0.522 0.08027006751687922 0.093
0 0.758814703675919 0.48075 0.07651912978244561 0.0955
0 0.6534133533383346 0.5985 0.07876969242310577 0.105
0 0.7355588897224306 0.5845 0.08027006751687922 0.108
0 0.6862340585146287 0.68975 0.08439609902475619 0.0985
0 0.7556264066016504 0.73275 0.08289572393098274 0.1145
0 0.7012378094523631 0.837 0.08589647411852963 0.107
0 0.7961365341335334 0.64325 0.08514628657164292 0.1005
0 0.8278319579894974 0.55225 0.08027006751687922 0.0995
0 0.832708177044261 0.46325 0.08177044261065267 0.0995
