0 0.21867966991747936 0.1505 0.08552138034508627 0.116
0 0.2978244561140285 0.12875 0.08852213053263316 0.1105
0 0.382033008252063 0.134 0.08289572393098274 0.111
0 0.4486121530382596 0.20775 0.08702175543885972 0.1055
0 0.5253188297074268 0.224 0.08364591147786947 0.102
0 0.2691297824456114 0.21875 0.08289572393098274 0.1085
0 0.3478994748687172 0.22475 0.0918979744936234 0.1185
0 0.4111027756939235 0.29075 0.08177044261065267 0.1045
0 0.48105776444111026 0.3035 0.07914478619654913 0.102
0 0.5633908477119279 0.30925 0.07201800450112528 0.1085
0 0.30982745686421603 0.305 0.08777194298574643 0.111
0 0.13372093023255813 0.25425 0.08814703675918979 0.1205
0 0.21811702925731433 0.30775 0.08214553638409602 0.1165
0 0.09902475618904726 0.39625 0.07726931732933233 0.1135
0 0.19148537134283572 0.41425 0.09564891222805702 0.0965
0 0.32483120780195046 0.41625 0.08102025506376594 0.1055
0 0.4165416354088522 0.409 0.08739684921230308 0.103
0 0.48893473368342083 0.404 0.0708927231807952 0.101
0 0.6316579144786196 0.331 0.07576894223555888 0.097
0 0.5718304576144037 0.40825 0.07164291072768192 0.0965
0 0.6946736684171043 0.366 0.06376594148537135 0.101
0 0.6506001500375094 0.44075 0.07164291072768192 0.1095
0 0.15772693173293323 0.51 0.08439609902475619 0.105
0 0.2653788447111778 0.484 0.08739684921230308 0.094
0 0.33645911477869467 0.5265 0.0795198799699925 0.109
0 0.1828582145536384 0.59925 0.08289572393098274 0.0915
0 0.26069017254313576 0.58675 0.07351837959489872 0.0995
0 0.2280570142535634 0.67875 0.08027006751687922 0.0945
0 0.29632408102025504 0.7225 0.0795198799699925 0.104
0 0.3285821455363841 0.61325 0.07351837959489872 0.0975
0 0.40772693173293323 0.68375 0.08327081770442611 0.1045
0 0.4079144786196549 0.58 0.08589647411852963 0.103
0 0.4814328582145536 0.76675 0.08739684921230308 0.0935
0 0.459489872468117 0.49625 0.08177044261065267 0.1035
0 0.4981245311327832 0.5625 0.07876969242310577 0.105
0 0.5232558139534884 0.6555 0.07201800450112528 0.098
0 0.5500750187546887 0.73675 0.07014253563390847 0.0875
0 0.5365716429107277 0.487 0.07539384846211553 0.098
0 0.5823330832708177 0.5875 0.08289572393098274 0.1
0 0.6084021005251313 0.69675 0.058514628657164294 0.0935
0 0.5975243810952738 0.80575 0.06976744186046512 0.0945
0 0.6612903225806451 0.7945 0.07201800450112528 0.104
0 0.7123030757689423 0.87725 0.07876969242310577 0.0795
0 0.7901350337584396 0.87775 0.07014253563390847 0.0915
0 0.7381845461365342 0.807 0.06526631657914479 0.096
0 0.6796699174793699 0.71575 0.06676669167291822 0.0945
0 0.6558514628657164 0.62475 0.07014253563390847 0.1025
0 0.6297824456114028 0.53375 0.07051762940735183 0.0905
0 0.7029257314328582 0.4545 0.07051762940735183 0.103
0 0.7880720180045011 0.481 0.07501875468867217 0.101
0 0.7053638409602401 0.558 0.06864216054013503 0.094
0 0.7486871717929482 0.55175 0.05776444111027757 0.0935
0 0.7259939984996249 0.6485 0.07539384846211553 0.106
0 0.8250187546886721 0.55325 0.07314328582145536 0.0965
0 0.7998874718679669 0.64425 0.07389347336834208 0.0935
0 0.767066766691673 0.72425 0.05926481620405101 0.0885
0 0.7983870967741935 0.7685 0.07764441110277569 0.096
0 0.8328957239309828 0.82375 0.07164291072768192 0.0755
0 0.8764066016504126 0.72975 0.07839459864966242 0.0855
0 0.8709677419354839 0.63275 0.07126781695423856 0.0825
0 0.9362340585146287 0.67375 0.06601650412603151 0.0925
