0 0.14197299324831208 0.80525 0.02288072018004501 0.0355
0 0.1301575393848462 0.736 0.03675918979744936 0.045
0 0.16072768192048012 0.75725 0.028882220555138786 0.0365
0 0.17966991747936983 0.784 0.03675918979744936 0.04
0 0.19973743435858965 0.8125 0.036384096024006 0.041
0 0.13109527381845462 0.696 0.037134283570892726 0.036
0 0.13878469617404351 0.651 0.02700675168792198 0.043
0 0.14722430607651912 0.67125 0.03338334583645911 0.0475
0 0.16354088522130533 0.699 0.033008252063015754 0.033
0 0.18473368342085522 0.68625 0.029632408102025505 0.0405
0 0.1942985746436609 0.7285 0.0277569392348087 0.043
0 0.2175543885971493 0.7515 0.033008252063015754 0.038
0 0.2404351087771943 0.7645 0.030007501875468866 0.039
0 0.2758814703675919 0.77075 0.034133533383345835 0.0525
0 0.12659414853713427 0.6115 0.029632408102025505 0.042
0 0.14872468117029258 0.6165 0.02663165791447862 0.041
0 0.1753563390847712 0.6345 0.028882220555138786 0.046
0 0.222993248312078 0.67825 0.030382595648912228 0.0485
0 0.2404351087771943 0.7045 0.03225806451612903 0.044
0 0.21867966991747936 0.6265 0.03075768942235559 0.045
0 0.24606151537884471 0.668 0.03075768942235559 0.043
0 0.2762565641410353 0.67475 0.03338334583645911 0.0405
0 0.2846961740435109 0.7135 0.0345086271567892 0.047
0 0.3049512378094524 0.74825 0.035258814703675916 0.0565
0 0.33758439609902474 0.75775 0.03375843960990248 0.0465
0 0.35502625656414105 0.73125 0.037134283570892726 0.0455
0 0.3143285821455364 0.699 0.03675918979744936 0.046
0 0.34846211552888223 0.68475 0.03150787696924231 0.0475
0 0.24849962490622657 0.61325 0.028132033008252063 0.0445
0 0.27325581395348836 0.6295 0.030382595648912228 0.04
0 0.30007501875468867 0.6185 0.033008252063015754 0.042
0 0.31564141035258814 0.6465 0.03788447111777944 0.039
0 0.36084021005251316 0.63875 0.03225806451612903 0.0455
0 0.390847711927982 0.7405 0.03225806451612903 0.049
0 0.15003750937734434 0.56575 0.037509377344336084 0.0425
0 0.13053263315828958 0.524 0.0345086271567892 0.037
0 0.16597899474868716 0.49025 0.03113278319579895 0.0345
0 0.19786196549137283 0.52075 0.03113278319579895 0.0465
0 0.23687171792948236 0.54425 0.032633158289572396 0.0495
0 0.23687171792948236 0.57475 0.02738184546136534 0.0475
0 0.2633158289572393 0.58225 0.02700675168792198 0.0455
0 0.28413353338334585 0.57275 0.029632408102025505 0.0445
0 0.31057764441110275 0.572 0.03225806451612903 0.044
0 0.27156789197299325 0.5355 0.0345086271567892 0.043
0 0.23012003000750186 0.48725 0.029632408102025505 0.0415
0 0.25543885971492875 0.4775 0.03150787696924231 0.044
0 0.29519879969992496 0.4895 0.0345086271567892 0.052
0 0.3302700675168792 0.49175 0.038634658664666165 0.0505
0 0.31451612903225806 0.528 0.030382595648912228 0.043
0 0.3561515378844711 0.52075 0.03488372093023256 0.0595
0 0.37715678919729934 0.544 0.03938484621155289 0.045
0 0.15828957239309827 0.44275 0.037509377344336084 0.0455
0 0.17873218304576144 0.403 0.028882220555138786 0.045
0 0.19654913728432108 0.4385 0.03150787696924231 0.048
0 0.22955738934733683 0.4485 0.03225806451612903 0.046
0 0.2618154538634659 0.438 0.033008252063015754 0.049
0 0.29444861215303825 0.432 0.033008252063015754 0.047
0 0.32389347336834207 0.41875 0.03488372093023256 0.0385
0 0.3411477869467367 0.4495 0.03788447111777944 0.049
0 0.3715303825956489 0.464 0.038634658664666165 0.052
0 0.39422355588897223 0.49725 0.0345086271567892 0.0435
0 0.20330082520630158 0.5405 0.029257314328582147 0.029
0 0.19861215303825958 0.388 0.034133533383345835 0.046
0 0.23030757689422354 0.409 0.028507126781695424 0.041
0 0.2518754688672168 0.3905 0.02663165791447862 0.046
0 0.2996999249812453 0.394 0.03600900225056264 0.037
0 0.2830082520630158 0.363 0.04088522130532633 0.047
0 0.21886721680420104 0.32 0.03338334583645911 0.049
0 0.2528132033008252 0.3325 0.033008252063015754 0.046
0 0.26294073518379596 0.29525 0.028507126781695424 0.0435
0 0.2805701425356339 0.31725 0.03375843960990248 0.0485
0 0.2730682670667667 0.24625 0.029257314328582147 0.0525
0 0.29932483120780196 0.27975 0.03225806451612903 0.0405
0 0.3355213803450863 0.26275 0.030382595648912228 0.0455
0 0.3589647411852963 0.257 0.03375843960990248 0.041
0 0.33289572393098277 0.236 0.03338334583645911 0.034
0 0.3162040510127532 0.3475 0.03600900225056264 0.045
0 0.3413353338334584 0.32875 0.028507126781695424 0.0565
0 0.33477119279819956 0.37875 0.034133533383345835 0.0455
0 0.3612153038259565 0.3675 0.029257314328582147 0.051
0 0.36552888222055513 0.40975 0.02738184546136534 0.0465
0 0.3919729932483121 0.426 0.03600900225056264 0.053
0 0.42104276069017255 0.4465 0.032633158289572396 0.054
0 0.39234808702175544 0.37225 0.03675918979744936 0.0445
0 0.42179294823705926 0.398 0.03788447111777944 0.047
0 0.40247561890472616 0.33225 0.03900975243810953 0.0455
0 0.4309827456864216 0.353 0.04351087771942986 0.046
0 0.390285071267817 0.28225 0.03338334583645911 0.0505
0 0.41841710427606904 0.2685 0.03788447111777944 0.04
0 0.42685671417854465 0.304 0.0345086271567892 0.043
0 0.38053263315828956 0.2255 0.034133533383345835 0.048
0 0.38484621155288823 0.18125 0.03600900225056264 0.0485
0 0.41522880720180044 0.16075 0.035258814703675916 0.0455
0 0.41522880720180044 0.2055 0.037509377344336084 0.039
0 0.45142535633908476 0.1405 0.03563390847711928 0.047
0 0.45930232558139533 0.194 0.037134283570892726 0.041
0 0.43904726181545384 0.2185 0.036384096024006 0.049
0 0.4626781695423856 0.2815 0.038634658664666165 0.049
0 0.4881845461365341 0.248 0.03563390847711928 0.046
0 0.49474868717179293 0.146 0.03600900225056264 0.047
0 0.508814703675919 0.1045 0.03113278319579895 0.049
0 0.5399474868717179 0.10425 0.03338334583645911 0.0465
0 0.5348837209302325 0.14675 0.03150787696924231 0.0455
0 0.5513878469617405 0.16325 0.03675918979744936 0.0455
0 0.5765191297824456 0.14125 0.0345086271567892 0.0425
0 0.5240060015003751 0.18825 0.03225806451612903 0.0455
0 0.5459489872468117 0.21725 0.03788447111777944 0.0495
0 0.5845836459114778 0.18775 0.034133533383345835 0.0385
0 0.5823330832708177 0.21425 0.03563390847711928 0.0535
0 0.5294448612153039 0.2595 0.03338334583645911 0.039
0 0.5264441110277569 0.2985 0.03563390847711928 0.045
0 0.5620780195048762 0.278 0.03788447111777944 0.047
0 0.5562640660165041 0.32 0.04051012753188297 0.044
0 0.4679294823705927 0.334 0.03338334583645911 0.038
0 0.4874343585896474 0.3555 0.03788447111777944 0.052
0 0.4549887471867967 0.37675 0.0345086271567892 0.0515
0 0.576331582895724 0.35125 0.03338334583645911 0.0515
0 0.5487621905476369 0.38675 0.029257314328582147 0.0485
0 0.5189422355588897 0.398 0.034133533383345835 0.046
0 0.4932483120780195 0.42425 0.03600900225056264 0.0375
0 0.4686796699174794 0.44775 0.032633158289572396 0.0425
0 0.43210802700675166 0.48975 0.03225806451612903 0.0445
0 0.46511627906976744 0.49475 0.03600900225056264 0.0485
0 0.41766691672918227 0.5345 0.037134283570892726 0.052
0 0.44973743435858965 0.52975 0.03375843960990248 0.0505
0 0.4932483120780195 0.51175 0.035258814703675916 0.0455
0 0.49174793698424607 0.54425 0.03225806451612903 0.0375
0 0.5230682670667667 0.5515 0.036384096024006 0.051
0 0.5009377344336085 0.588 0.032633158289572396 0.046
0 0.4696174043510878 0.59525 0.037509377344336084 0.0465
0 0.440735183795949 0.573 0.03600900225056264 0.046
0 0.41147786946736686 0.577 0.033008252063015754 0.052
0 0.3835333833458365 0.601 0.034133533383345835 0.05
0 0.4013503375843961 0.6465 0.0345086271567892 0.05
0 0.42685671417854465 0.614 0.03150787696924231 0.042
0 0.4373593398349587 0.6515 0.037509377344336084 0.043
0 0.4703675918979745 0.63475 0.037509377344336084 0.0415
0 0.4032258064516129 0.6945 0.03600900225056264 0.049
0 0.42685671417854465 0.71925 0.03675918979744936 0.0485
0 0.4339834958739685 0.77075 0.03900975243810953 0.0455
0 0.4606151537884471 0.752 0.03825956489122281 0.036
0 0.48255813953488375 0.70575 0.03188297074268567 0.0495
0 0.4971867966991748 0.73525 0.038634658664666165 0.0445
0 0.48893473368342083 0.78425 0.03488372093023256 0.0455
0 0.45048762190547637 0.816 0.03225806451612903 0.054
0 0.4769317329332333 0.8385 0.03488372093023256 0.056
0 0.5090022505626407 0.83575 0.03225806451612903 0.0465
0 0.5264441110277569 0.74775 0.03563390847711928 0.0475
0 0.5076894223555889 0.653 0.03563390847711928 0.054
0 0.5163165791447862 0.68375 0.036384096024006 0.0425
0 0.5414478619654913 0.7175 0.03788447111777944 0.046
0 0.5375093773443361 0.66325 0.03600900225056264 0.0465
0 0.5298199549887472 0.622 0.03938484621155289 0.059
0 0.5496999249812453 0.571 0.03188297074268567 0.055
0 0.5553263315828957 0.53 0.036384096024006 0.053
0 0.5843960990247562 0.608 0.03375843960990248 0.05
0 0.5740810202550638 0.71075 0.03788447111777944 0.0475
0 0.5935858964741185 0.6795 0.04088522130532633 0.049
0 0.6170292573143286 0.64975 0.03600900225056264 0.0485
0 0.6140285071267817 0.70725 0.03075768942235559 0.0455
0 0.5933983495873969 0.754 0.037509377344336084 0.052
0 0.5609527381845462 0.7635 0.03563390847711928 0.059
0 0.5795198799699925 0.796 0.03375843960990248 0.046
0 0.5506376594148538 0.813 0.033008252063015754 0.044
0 0.5802700675168793 0.835 0.03375843960990248 0.049
0 0.5573893473368342 0.8635 0.03900975243810953 0.06
0 0.5928357089272318 0.88725 0.03788447111777944 0.0515
0 0.5877719429857464 0.958 0.035258814703675916 0.049
0 0.622655663915979 0.93275 0.03600900225056264 0.0475
0 0.6479744936234059 0.92325 0.028132033008252063 0.0485
0 0.6153413353338335 0.842 0.03338334583645911 0.045
0 0.6224681170292573 0.76775 0.029632408102025505 0.0595
0 0.6462865716429107 0.79475 0.028507126781695424 0.0445
0 0.5307576894223556 0.46925 0.03900975243810953 0.0505
0 0.5620780195048762 0.47475 0.037134283570892726 0.0465
0 0.5403225806451613 0.42825 0.037134283570892726 0.0385
0 0.5761440360090022 0.435 0.03675918979744936 0.043
0 0.5896474118529632 0.4005 0.04051012753188297 0.041
0 0.6200300075018754 0.422 0.033008252063015754 0.049
0 0.5579519879969993 0.0415 0.03338334583645911 0.046
0 0.5752063015753939 0.0585 0.03938484621155289 0.053
0 0.6295948987246812 0.121 0.03338334583645911 0.047
0 0.6350337584396099 0.19525 0.03900975243810953 0.0455
0 0.614403600900225 0.22675 0.03825956489122281 0.0395
0 0.6016504126031508 0.263 0.03600900225056264 0.048
0 0.6230307576894224 0.2895 0.037509377344336084 0.051
0 0.6369092273068268 0.25525 0.03150787696924231 0.0505
0 0.5980870217554388 0.32225 0.036384096024006 0.0475
0 0.6189047261815454 0.3605 0.03975993998499625 0.048
0 0.6399099774943736 0.39375 0.033008252063015754 0.0475
0 0.6442235558889723 0.44925 0.03563390847711928 0.0445
0 0.6228432108027007 0.48225 0.038634658664666165 0.0455
0 0.6009002250562641 0.52375 0.03225806451612903 0.0495
0 0.6076519129782446 0.566 0.03375843960990248 0.044
0 0.6380345086271568 0.52475 0.04126031507876969 0.0485
0 0.641410352588147 0.565 0.033008252063015754 0.047
0 0.6395348837209303 0.61025 0.03375843960990248 0.0495
0 0.6399099774943736 0.684 0.029257314328582147 0.046
0 0.6774193548387096 0.92125 0.03675918979744936 0.0505
0 0.713053263315829 0.88525 0.03375843960990248 0.0395
0 0.6522880720180045 0.8375 0.03675918979744936 0.048
0 0.6774193548387096 0.8475 0.03150787696924231 0.044
0 0.6948612153038259 0.81875 0.03188297074268567 0.0475
0 0.7138034508627157 0.84375 0.03375843960990248 0.0495
0 0.7415603900975244 0.851 0.03225806451612903 0.046
0 0.7651912978244562 0.832 0.03225806451612903 0.043
0 0.7756939234808702 0.849 0.03825956489122281 0.039
0 0.7936984246061516 0.825 0.03075768942235559 0.045
0 0.8199549887471868 0.8065 0.033008252063015754 0.042
0 0.7837584396099024 0.776 0.03338334583645911 0.048
0 0.7250562640660165 0.80225 0.03375843960990248 0.0435
0 0.6552888222055514 0.7485 0.03600900225056264 0.049
0 0.6712303075768942 0.77625 0.03563390847711928 0.0465
0 0.6779819954988747 0.7255 0.032633158289572396 0.053
0 0.7021755438859715 0.756 0.033008252063015754 0.045
0 0.6781695423855963 0.681 0.03675918979744936 0.045
0 0.7046136534133534 0.6655 0.036384096024006 0.051
0 0.7346211552888222 0.66 0.03113278319579895 0.049
0 0.7091147786946737 0.71275 0.03488372093023256 0.0495
0 0.7393098274568642 0.71125 0.03150787696924231 0.0425
0 0.7454988747186797 0.7505 0.032633158289572396 0.044
0 0.7845086271567892 0.73775 0.03338334583645911 0.0435
0 0.8210802700675168 0.7525 0.03600900225056264 0.049
0 0.7873218304576144 0.69625 0.035258814703675916 0.0485
0 0.7081770442610653 0.6125 0.03825956489122281 0.041
0 0.7584396099024756 0.6465 0.03975993998499625 0.039
0 0.7961365341335334 0.627 0.03938484621155289 0.053
0 0.8152663165791448 0.6605 0.036384096024006 0.044
0 0.894973743435859 0.851 0.03150787696924231 0.046
0 0.8342085521380345 0.7195 0.03225806451612903 0.043
0 0.890847711927982 0.7455 0.033008252063015754 0.043
0 0.8696549137284321 0.70475 0.03938484621155289 0.0435
0 0.8420855213803451 0.68075 0.03225806451612903 0.0405
0 0.8704051012753188 0.66075 0.04238559639909977 0.0515
0 0.8555888972243061 0.614 0.03600900225056264 0.052
0 0.8960990247561891 0.6255 0.03825956489122281 0.048
0 0.8915978994748687 0.57175 0.03825956489122281 0.0495
0 0.9017254313578394 0.5125 0.0450112528132033 0.058
0 0.8342085521380345 0.5305 0.03975993998499625 0.051
0 0.8555888972243061 0.552 0.04276069017254314 0.052
0 0.8390847711927982 0.48575 0.04426106526631658 0.0475
0 0.7846961740435109 0.55825 0.035258814703675916 0.0475
0 0.7556264066016504 0.55975 0.032633158289572396 0.0445
0 0.7190547636909227 0.55975 0.035258814703675916 0.0475
0 0.6749812453113279 0.553 0.03488372093023256 0.038
0 0.6997374343585896 0.52575 0.03338334583645911 0.0465
0 0.6671042760690172 0.504 0.03788447111777944 0.048
0 0.7066766691672918 0.4675 0.035258814703675916 0.047
0 0.7409977494373593 0.5015 0.032633158289572396 0.051
0 0.7751312828207052 0.527 0.03338334583645911 0.048
0 0.6712303075768942 0.43525 0.037134283570892726 0.0455
0 0.6965491372843211 0.41825 0.033008252063015754 0.0475
0 0.7653788447111778 0.462 0.03788447111777944 0.048
0 0.7758814703675919 0.4845 0.037134283570892726 0.04
0 0.7826331582895724 0.437 0.030382595648912228 0.05
0 0.7490622655663915 0.41725 0.04126031507876969 0.0415
0 0.7460615153788447 0.3785 0.03825956489122281 0.05
0 0.654351087771943 0.307 0.036384096024006 0.05
0 0.6611027756939235 0.3605 0.03788447111777944 0.044
0 0.6909227306826706 0.33425 0.03900975243810953 0.0535
0 0.6620405101275318 0.22625 0.03225806451612903 0.0505
0 0.6837959489872468 0.24225 0.03900975243810953 0.0565
0 0.7091147786946737 0.20425 0.038634658664666165 0.0555
0 0.7243060765191298 0.27725 0.035258814703675916 0.0405
0 0.7293698424606152 0.29875 0.03938484621155289 0.0535
0 0.8038259564891223 0.29625 0.04276069017254314 0.0565
0 0.7798199549887472 0.35125 0.03375843960990248 0.0495
0 0.8169542385596399 0.365 0.03375843960990248 0.04
0 0.8102025506376594 0.3925 0.04276069017254314 0.046
0 0.8475243810952738 0.427 0.038634658664666165 0.051
0 0.8608402100525131 0.4495 0.03825956489122281 0.05
