0 0.2259939984996249 0.349 0.06639159789947487 0.088
0 0.21042760690172543 0.41575 0.06376594148537135 0.0845
0 0.18173293323330833 0.4815 0.05438859714928732 0.08
0 0.13484621155288823 0.515 0.06489122280570142 0.064
0 0.18454613653413354 0.539 0.05401350337584396 0.066
0 0.23030757689422354 0.51875 0.05401350337584396 0.0655
0 0.2231807951987997 0.596 0.05101275318829707 0.06
0 0.186609152288072 0.62775 0.04988747186796699 0.0695
0 0.2166166541635409 0.6805 0.04988747186796699 0.071
0 0.27231807951987996 0.36425 0.06001500375093773 0.0795
0 0.2914478619654914 0.42525 0.06676669167291822 0.0805
0 0.3162040510127532 0.507 0.056264066016504126 0.072
0 0.2730682670667667 0.57525 0.05926481620405101 0.0715
0 0.25618904726181546 0.64425 0.058514628657164294 0.0645
0 0.263503375843961 0.71825 0.06264066016504126 0.0645
0 0.33739684921230306 0.386 0.05888972243060765 0.084
0 0.35202550637659413 0.44775 0.047636909227306824 0.0735
0 0.33570892723180795 0.58975 0.05476369092273068 0.0675
0 0.31545386346586646 0.6595 0.06301575393848462 0.072
0 0.3160165041260315 0.72225 0.055138784696174045 0.0685
0 0.35858964741185295 0.7905 0.04876219054763691 0.07
0 0.36627906976744184 0.7215 0.055138784696174045 0.066
0 0.3707801950487622 0.645 0.05288822205551388 0.065
0 0.37696924231057766 0.537 0.0690172543135784 0.069
0 0.39309827456864216 0.45675 0.0690172543135784 0.0885
0 0.38897224306076517 0.3355 0.06151537884471118 0.085
0 0.40960240060015 0.26625 0.06676669167291822 0.0925
0 0.4307951987996999 0.1705 0.06639159789947487 0.097
0 0.5658289572393098 0.08075 0.07389347336834208 0.1005
0 0.6417854463615904 0.10925 0.07501875468867217 0.1075
0 0.5767066766691673 0.17325 0.07164291072768192 0.1005
0 0.4990622655663916 0.216 0.06564141035258815 0.103
0 0.5542010502625656 0.26725 0.07239309827456865 0.0905
0 0.6324081020255063 0.228 0.06526631657914479 0.105
0 0.46774193548387094 0.29775 0.06751687921980495 0.0905
0 0.4307951987996999 0.38625 0.07239309827456865 0.0945
0 0.5215678919729932 0.341 0.07389347336834208 0.078
0 0.5982745686421606 0.335 0.07501875468867217 0.081
0 0.4951237809452363 0.43175 0.0690172543135784 0.0845
0 0.4518004501125281 0.472 0.0603900975243811 0.09
0 0.5073143285821455 0.51225 0.06789197299324831 0.0825
0 0.5607651912978244 0.41225 0.06526631657914479 0.0945
0 0.6294073518379595 0.40725 0.06826706676669167 0.0845
0 0.6389722430607652 0.493 0.06339084771192798 0.091
0 0.5765191297824456 0.49475 0.06451612903225806 0.0835
0 0.43904726181545384 0.55675 0.05888972243060765 0.0775
0 0.4773068267066767 0.6105 0.056639159789947484 0.078
0 0.5367591897974494 0.59025 0.06301575393848462 0.0825
0 0.5947111777944486 0.571 0.059639909977494375 0.065
0 0.6539759939984996 0.62375 0.05888972243060765 0.0725
0 0.5975243810952738 0.65075 0.06376594148537135 0.0875
0 0.5346961740435109 0.65875 0.06264066016504126 0.0665
0 0.423105776444111 0.64425 0.0555138784696174 0.0705
0 0.4156039009752438 0.72175 0.06151537884471118 0.0745
0 0.4799324831207802 0.6935 0.059639909977494375 0.064
0 0.4249812453113278 0.77375 0.06526631657914479 0.0575
0 0.47074268567141786 0.75375 0.05701425356339085 0.0825
0 0.5273818454613654 0.73075 0.0690172543135784 0.0695
0 0.5913353338334584 0.7175 0.06489122280570142 0.066
0 0.6087771942985747 0.77725 0.05776444111027757 0.0635
0 0.6489122280570142 0.7025 0.060765191297824456 0.075
0 0.7147411852963241 0.67425 0.0671417854463616 0.0685
0 0.7807576894223556 0.6545 0.06639159789947487 0.068
0 0.7138034508627157 0.589 0.06601650412603151 0.074
0 0.800450112528132 0.5595 0.07051762940735183 0.069
0 0.7154913728432108 0.50525 0.06789197299324831 0.0855
0 0.7608777194298575 0.43325 0.06789197299324831 0.0845
0 0.8177044261065266 0.492 0.07051762940735183 0.095
0 0.8338334583645911 0.40675 0.06601650412603151 0.0925
0 0.8749062265566392 0.4245 0.055138784696174045 0.095
0 0.9116654163540885 0.38 0.07764441110277569 0.088
0 0.7023630907726932 0.40175 0.07464366091522881 0.0825
0 0.6821080270067517 0.334 0.08514628657164292 0.099
0 0.7511252813203301 0.26525 0.07689422355588897 0.0905
0 0.7736309077269318 0.34125 0.07989497374343586 0.0995
0 0.8535258814703676 0.25825 0.07614403600900226 0.0955
0 0.6989872468117029 0.183 0.08289572393098274 0.106
0 0.7989497374343586 0.159 0.08027006751687922 0.108
0 0.7203675918979745 0.06875 0.06939234808702176 0.1005
