0 0.05870217554388597 0.6715 0.037134283570892726 0.036
0 0.06301575393848462 0.7135 0.028507126781695424 0.04
0 0.07726931732933233 0.75075 0.024756189047261814 0.0415
0 0.07726931732933233 0.6155 0.03150787696924231 0.038
0 0.08814703675918979 0.646 0.033008252063015754 0.042
0 0.11796699174793698 0.67675 0.03188297074268567 0.0455
0 0.10183795948987247 0.68525 0.02138034508627157 0.0355
0 0.1168417104276069 0.717 0.03188297074268567 0.042
0 0.14722430607651912 0.7475 0.03338334583645911 0.042
0 0.14609902475618905 0.698 0.03113278319579895 0.035
0 0.15360090022505626 0.683 0.034133533383345835 0.043
0 0.12809452363090773 0.6305 0.03113278319579895 0.044
0 0.1177794448612153 0.5925 0.030007501875468866 0.033
0 0.14122280570142537 0.55525 0.03338334583645911 0.0455
0 0.14966241560390098 0.57625 0.03075768942235559 0.0275
0 0.1571642910727682 0.606 0.0345086271567892 0.046
0 0.11159039759939984 0.49125 0.03488372093023256 0.0405
0 0.15772693173293323 0.5225 0.03563390847711928 0.037
0 0.19129782445611404 0.499 0.029257314328582147 0.041
0 0.2087396849212303 0.535 0.03113278319579895 0.042
0 0.18642160540135033 0.57525 0.0345086271567892 0.0465
0 0.21811702925731433 0.577 0.02663165791447862 0.041
0 0.23443360840210054 0.58675 0.0345086271567892 0.0405
0 0.17854463615903976 0.6335 0.03075768942235559 0.042
0 0.20423855963990997 0.623 0.032633158289572396 0.042
0 0.23668417104276068 0.62475 0.0345086271567892 0.0435
0 0.23105776444111029 0.6635 0.03675918979744936 0.042
0 0.19129782445611404 0.671 0.033008252063015754 0.044
0 0.19767441860465115 0.71525 0.03075768942235559 0.0385
0 0.22524381095273818 0.69675 0.030382595648912228 0.0385
0 0.23724681170292572 0.45475 0.037134283570892726 0.0555
0 0.22486871717929482 0.49675 0.03113278319579895 0.0465
0 0.27419354838709675 0.464 0.03375843960990248 0.03
0 0.2348087021755439 0.54175 0.033008252063015754 0.0455
0 0.26481620405101275 0.518 0.033008252063015754 0.049
0 0.28094523630907725 0.55225 0.03150787696924231 0.0365
0 0.30420105026256566 0.52975 0.033008252063015754 0.0445
0 0.3073893473368342 0.48725 0.03338334583645911 0.0455
0 0.336271567891973 0.5055 0.03188297074268567 0.048
0 0.3387096774193548 0.46075 0.03600900225056264 0.0455
0 0.3522130532633158 0.402 0.03375843960990248 0.051
0 0.37528132033008255 0.44025 0.034133533383345835 0.0455
0 0.37884471117779445 0.4825 0.03225806451612903 0.045
0 0.3302700675168792 0.5465 0.032633158289572396 0.041
0 0.3548387096774194 0.53875 0.03600900225056264 0.0435
0 0.2856339084771193 0.60175 0.038634658664666165 0.0435
0 0.2704426106526632 0.6295 0.03075768942235559 0.043
0 0.2586271567891973 0.68575 0.028882220555138786 0.0445
0 0.2798199549887472 0.682 0.03675918979744936 0.042
0 0.3201425356339085 0.68125 0.03188297074268567 0.0425
0 0.30438859714928734 0.63175 0.034133533383345835 0.0425
0 0.32801950487621906 0.596 0.034133533383345835 0.044
0 0.36084021005251316 0.58275 0.03675918979744936 0.0455
0 0.3447111777944486 0.6415 0.033008252063015754 0.045
0 0.35783945986496624 0.676 0.0345086271567892 0.043
0 0.3850337584396099 0.6475 0.036384096024006 0.047
0 0.3938484621155289 0.575 0.03600900225056264 0.042
0 0.390847711927982 0.54025 0.03600900225056264 0.0525
0 0.3561515378844711 0.352 0.03338334583645911 0.045
0 0.38840960240060013 0.39475 0.03338334583645911 0.0415
0 0.4386721680420105 0.28625 0.04013503375843961 0.0465
0 0.4626781695423856 0.328 0.034133533383345835 0.048
0 0.44036009002250565 0.37025 0.03675918979744936 0.0485
0 0.4163540885221305 0.393 0.03600900225056264 0.047
0 0.47168042010502625 0.394 0.03488372093023256 0.044
0 0.49362340585146286 0.367 0.03225806451612903 0.046
0 0.49624906226556637 0.3115 0.03375843960990248 0.045
0 0.48705926481620404 0.2655 0.03338334583645911 0.047
0 0.5196924231057765 0.2595 0.04238559639909977 0.062
0 0.5615153788447111 0.27125 0.03225806451612903 0.0475
0 0.554013503375844 0.3175 0.03375843960990248 0.049
0 0.5283195798949737 0.3415 0.037134283570892726 0.054
0 0.5315078769692423 0.38725 0.033008252063015754 0.0455
0 0.5022505626406601 0.40975 0.035258814703675916 0.0515
0 0.5330082520630157 0.4335 0.033008252063015754 0.049
0 0.5086271567891973 0.46525 0.03225806451612903 0.0465
0 0.46886721680420107 0.45275 0.0345086271567892 0.0475
0 0.4060390097524381 0.4545 0.03338334583645911 0.043
0 0.4139159789947487 0.50375 0.038634658664666165 0.0455
0 0.436046511627907 0.474 0.03563390847711928 0.047
0 0.4356714178544636 0.5215 0.03788447111777944 0.048
0 0.4274193548387097 0.5575 0.034133533383345835 0.041
0 0.4579894973743436 0.56175 0.03675918979744936 0.0445
0 0.4186046511627907 0.611 0.0345086271567892 0.038
0 0.41710427606901723 0.659 0.033008252063015754 0.042
0 0.45911477869467365 0.64575 0.0345086271567892 0.0445
0 0.44898724681170293 0.60275 0.028507126781695424 0.0465
0 0.4846211552888222 0.58475 0.035258814703675916 0.0415
0 0.4934358589647412 0.55175 0.03488372093023256 0.0475
0 0.5174418604651163 0.576 0.029632408102025505 0.041
0 0.5125656414103525 0.62925 0.032633158289572396 0.0445
0 0.5144411102775694 0.70125 0.03488372093023256 0.0425
0 0.5450112528132033 0.67275 0.037509377344336084 0.0455
0 0.5583270817704427 0.69725 0.03188297074268567 0.0395
0 0.5607651912978244 0.75225 0.035258814703675916 0.0455
0 0.5937734433608403 0.768 0.0277569392348087 0.045
0 0.5926481620405101 0.7175 0.037509377344336084 0.041
0 0.6027756939234808 0.67825 0.033008252063015754 0.0425
0 0.5776444111027756 0.65825 0.035258814703675916 0.0415
0 0.5519504876219055 0.6305 0.03563390847711928 0.041
0 0.5513878469617405 0.5835 0.03225806451612903 0.037
0 0.5817704426106527 0.60925 0.03375843960990248 0.0445
0 0.608589647411853 0.627 0.03113278319579895 0.043
0 0.49099774943735935 0.5025 0.033008252063015754 0.047
0 0.517066766691673 0.52375 0.03188297074268567 0.0455
0 0.5436984246061516 0.5485 0.03488372093023256 0.043
0 0.5772693173293323 0.566 0.0345086271567892 0.045
0 0.5590772693173294 0.511 0.03338334583645911 0.046
0 0.5390097524381096 0.481 0.03375843960990248 0.038
0 0.5667666916729183 0.4645 0.035258814703675916 0.044
0 0.6027756939234808 0.4955 0.033008252063015754 0.043
0 0.5783945986496624 0.4195 0.035258814703675916 0.05
0 0.563953488372093 0.3665 0.03488372093023256 0.045
0 0.5883345836459115 0.3365 0.034133533383345835 0.048
0 0.6024006001500375 0.37925 0.03225806451612903 0.0505
0 0.5995873968492123 0.287 0.037134283570892726 0.051
0 0.6370967741935484 0.3045 0.03488372093023256 0.05
0 0.6354088522130532 0.36325 0.03675918979744936 0.0445
0 0.6746061515378845 0.355 0.03938484621155289 0.05
0 0.7145536384096024 0.36 0.03225806451612903 0.049
0 0.758252063015754 0.39325 0.04238559639909977 0.0515
0 0.7031132783195799 0.40425 0.028882220555138786 0.0465
0 0.6691672918229558 0.41375 0.03675918979744936 0.0395
0 0.6299699924981246 0.40725 0.036384096024006 0.0455
0 0.6129032258064516 0.4515 0.03375843960990248 0.046
0 0.6479744936234059 0.446 0.028132033008252063 0.042
0 0.681357839459865 0.4415 0.03188297074268567 0.042
0 0.7344336084021005 0.44175 0.03375843960990248 0.0505
0 0.7927606901725431 0.44075 0.03488372093023256 0.0495
0 0.7691297824456114 0.482 0.03788447111777944 0.042
0 0.7085521380345087 0.47925 0.035258814703675916 0.0455
0 0.7252438109527382 0.5 0.03113278319579895 0.039
0 0.6729182295573893 0.4895 0.03375843960990248 0.046
0 0.6286571642910728 0.485 0.03225806451612903 0.043
0 0.6145911477869468 0.52425 0.03488372093023256 0.0425
0 0.6346586646661665 0.55675 0.033008252063015754 0.0455
0 0.6556639159789948 0.527 0.0345086271567892 0.042
0 0.7098649662415604 0.537 0.032633158289572396 0.055
0 0.6117779444861215 0.5785 0.033008252063015754 0.045
0 0.6393473368342085 0.6065 0.03488372093023256 0.042
0 0.6779819954988747 0.58475 0.034133533383345835 0.0445
0 0.7085521380345087 0.577 0.03375843960990248 0.04
0 0.677231807951988 0.62575 0.032633158289572396 0.0465
0 0.645536384096024 0.65575 0.03150787696924231 0.0425
0 0.6354088522130532 0.69425 0.03225806451612903 0.0405
0 0.6294073518379595 0.73925 0.03075768942235559 0.0445
0 0.6530382595648913 0.75575 0.03150787696924231 0.0405
0 0.6269692423105776 0.79525 0.03563390847711928 0.0425
0 0.6438484621155289 0.8405 0.037134283570892726 0.036
0 0.6755438859714928 0.8235 0.03225806451612903 0.04
0 0.7138034508627157 0.84325 0.03600900225056264 0.0415
0 0.7385596399099775 0.8125 0.03900975243810953 0.04
0 0.6924231057764441 0.78175 0.03075768942235559 0.0405
0 0.722430607651913 0.77325 0.035258814703675916 0.0425
0 0.6669167291822956 0.72275 0.03150787696924231 0.0425
0 0.6746061515378845 0.6795 0.036384096024006 0.042
0 0.7057389347336834 0.70975 0.037134283570892726 0.0425
0 0.7286196549137285 0.68725 0.03338334583645911 0.0435
0 0.7068642160540135 0.6485 0.03338334583645911 0.042
0 0.7254313578394599 0.61225 0.03375843960990248 0.0455
0 0.785821455363841 0.52175 0.03375843960990248 0.0425
0 0.8126406601650412 0.53325 0.03113278319579895 0.0405
0 0.7526256564141035 0.54125 0.03113278319579895 0.0405
0 0.7938859714928732 0.5665 0.02738184546136534 0.046
0 0.8120780195048762 0.58825 0.035258814703675916 0.0405
0 0.7533758439609902 0.59325 0.034133533383345835 0.0425
0 0.7861965491372843 0.61675 0.03600900225056264 0.0415
0 0.7593773443360841 0.63725 0.037134283570892726 0.0445
0 0.7974493623405852 0.6645 0.033008252063015754 0.045
0 0.7676294073518379 0.706 0.036384096024006 0.041
0 0.8190172543135784 0.70475 0.036384096024006 0.0435
0 0.746436609152288 0.7465 0.035258814703675916 0.042
0 0.7815078769692423 0.742 0.03488372093023256 0.041
0 0.7601275318829708 0.7835 0.032633158289572396 0.039
0 0.8962865716429107 0.7435 0.03788447111777944 0.051
0 0.890285071267817 0.57775 0.03563390847711928 0.0475
0 0.877906976744186 0.527 0.04463615903975994 0.055
0 0.863278319579895 0.47875 0.03488372093023256 0.0345
