0 0.18735933983495873 0.2535 0.06789197299324831 0.083
0 0.14872468117029258 0.34525 0.06939234808702176 0.0795
0 0.13147036759189798 0.4195 0.06339084771192798 0.083
0 0.10933983495873968 0.495 0.06789197299324831 0.084
0 0.10896474118529632 0.60475 0.06489122280570142 0.0865
0 0.1629782445611403 0.651 0.0641410352588147 0.079
0 0.21961740435108776 0.6765 0.05738934733683421 0.075
0 0.2644411102775694 0.80075 0.06826706676669167 0.0915
0 0.20442610652663165 0.59825 0.05776444111027757 0.0805
0 0.1667291822955739 0.538 0.07164291072768192 0.087
0 0.1879219804951238 0.4575 0.06451612903225806 0.093
0 0.24399849962490622 0.3795 0.061890472618154536 0.078
0 0.25637659414853714 0.32575 0.06864216054013503 0.0875
0 0.27644411102775696 0.232 0.05776444111027757 0.082
0 0.32820705176294074 0.22925 0.06451612903225806 0.0925
0 0.3310202550637659 0.31175 0.0536384096024006 0.0855
0 0.32633158289572395 0.409 0.06676669167291822 0.087
0 0.27813203300825207 0.48225 0.07314328582145536 0.0885
0 0.24474868717179296 0.51675 0.06564141035258815 0.0775
0 0.26650412603150786 0.5765 0.06789197299324831 0.075
0 0.2921980495123781 0.652 0.06751687921980495 0.077
0 0.34602400600150035 0.71775 0.056639159789947484 0.0855
0 0.38747186796699173 0.79025 0.0622655663915979 0.0725
0 0.44298574643660915 0.799 0.0622655663915979 0.082
0 0.4187921980495124 0.2045 0.06864216054013503 0.087
0 0.4069767441860465 0.2935 0.05926481620405101 0.08
0 0.3944111027756939 0.3805 0.06489122280570142 0.079
0 0.377344336084021 0.461 0.0622655663915979 0.086
0 0.32895723930982745 0.53225 0.0690172543135784 0.0835
0 0.3360840210052513 0.618 0.06751687921980495 0.08
0 0.38822205551387845 0.6665 0.06301575393848462 0.083
0 0.39909977494373594 0.54925 0.06601650412603151 0.0895
0 0.4638034508627157 0.54375 0.06864216054013503 0.0905
0 0.4283570892723181 0.59575 0.0622655663915979 0.0755
0 0.43285821455363843 0.43675 0.06301575393848462 0.0885
0 0.4307951987996999 0.701 0.059639909977494375 0.075
0 0.48237059264816207 0.73975 0.0622655663915979 0.0735
0 0.4941860465116279 0.8525 0.061140285071267814 0.075
0 0.5474493623405852 0.90975 0.0671417854463616 0.0825
0 0.5313203300825207 0.77 0.055138784696174045 0.079
0 0.4684921230307577 0.6515 0.06451612903225806 0.08
0 0.5129407351837959 0.5815 0.059639909977494375 0.078
0 0.544073518379595 0.51425 0.06339084771192798 0.0835
0 0.5958364591147787 0.87625 0.04688672168042011 0.0565
0 0.595648912228057 0.83875 0.0622655663915979 0.0735
0 0.5326331582895724 0.6895 0.06301575393848462 0.082
0 0.596211552888222 0.66475 0.06939234808702176 0.1025
0 0.5718304576144037 0.72375 0.06264066016504126 0.0685
0 0.6230307576894224 0.75475 0.05701425356339085 0.0705
0 0.6464741185296324 0.8145 0.05588897224306077 0.07
0 0.6551012753188297 0.91725 0.0603900975243811 0.0695
0 0.6299699924981246 0.67625 0.03563390847711928 0.0745
0 0.695423855963991 0.9355 0.05026256564141035 0.069
0 0.745311327831958 0.899 0.05251312828207052 0.066
0 0.7959489872468117 0.9405 0.05476369092273068 0.072
0 0.8418979744936234 0.90025 0.05288822205551388 0.0685
0 0.8109527381845462 0.86575 0.06001500375093773 0.0725
0 0.877344336084021 0.859 0.05101275318829707 0.072
0 0.9452363090772693 0.826 0.058514628657164294 0.077
0 0.6914853713428357 0.8465 0.05588897224306077 0.066
0 0.6986121530382595 0.789 0.05813953488372093 0.065
0 0.7363090772693174 0.8175 0.05401350337584396 0.069
0 0.763503375843961 0.76925 0.061890472618154536 0.0805
0 0.8237059264816204 0.785 0.06376594148537135 0.071
0 0.8724681170292573 0.79475 0.056264066016504126 0.0795
0 0.917291822955739 0.73825 0.056639159789947484 0.0805
0 0.8535258814703676 0.727 0.0603900975243811 0.079
0 0.7987621905476369 0.71175 0.05288822205551388 0.0775
0 0.7439984996249063 0.6795 0.05738934733683421 0.084
0 0.6746061515378845 0.70725 0.061140285071267814 0.0755
0 0.6704801200300075 0.6345 0.061140285071267814 0.083
0 0.719429857464366 0.606 0.06451612903225806 0.076
0 0.7933233308327082 0.64125 0.05401350337584396 0.0745
0 0.8458364591147787 0.64725 0.05701425356339085 0.0715
0 0.9150412603150788 0.658 0.06264066016504126 0.072
0 0.6385971492873218 0.596 0.06564141035258815 0.078
0 0.5902100525131283 0.521 0.05588897224306077 0.081
0 0.6686046511627907 0.52375 0.061140285071267814 0.0865
0 0.7396849212303076 0.533 0.05476369092273068 0.082
0 0.7762565641410353 0.5775 0.059639909977494375 0.075
0 0.8372093023255814 0.5895 0.05926481620405101 0.076
0 0.9030382595648913 0.58975 0.0536384096024006 0.0795
0 0.9112903225806451 0.51775 0.061140285071267814 0.0735
0 0.8694673668417104 0.48625 0.058514628657164294 0.0915
0 0.8109527381845462 0.5135 0.060765191297824456 0.087
0 0.5043135783945987 0.4595 0.0641410352588147 0.09
0 0.5551387846961741 0.42875 0.060765191297824456 0.0825
0 0.6369092273068268 0.46125 0.06751687921980495 0.0825
0 0.694298574643661 0.44475 0.06001500375093773 0.0745
0 0.7486871717929482 0.45275 0.06451612903225806 0.0835
0 0.8038259564891223 0.42525 0.056264066016504126 0.0855
0 0.872655663915979 0.39675 0.06789197299324831 0.0785
0 0.7505626406601651 0.384 0.060765191297824456 0.075
0 0.8021380345086272 0.34475 0.05888972243060765 0.0835
0 0.854463615903976 0.32875 0.06676669167291822 0.0715
0 0.6033383345836459 0.39 0.05288822205551388 0.085
0 0.47843210802700675 0.36575 0.0641410352588147 0.0835
0 0.4654913728432108 0.3 0.06451612903225806 0.085
0 0.5146286571642911 0.1015 0.0622655663915979 0.093
0 0.5150037509377344 0.24625 0.06301575393848462 0.0825
0 0.5491372843210802 0.349 0.07126781695423856 0.089
0 0.5712678169542386 0.2785 0.06526631657914479 0.077
0 0.6614778694673669 0.36075 0.0671417854463616 0.0795
0 0.6372843210802701 0.28025 0.0622655663915979 0.0875
0 0.7004876219054764 0.30875 0.0603900975243811 0.0945
0 0.7678169542385597 0.28325 0.06526631657914479 0.0775
0 0.8375843960990248 0.27575 0.06151537884471118 0.0755
0 0.7968867216804201 0.21425 0.06489122280570142 0.0865
0 0.6982370592648162 0.2185 0.06339084771192798 0.089
0 0.7432483120780196 0.1975 0.0641410352588147 0.089
0 0.6230307576894224 0.19775 0.06526631657914479 0.0865
0 0.5558889722430608 0.18375 0.06601650412603151 0.0885
0 0.6965491372843211 0.14925 0.0622655663915979 0.0885
0 0.5948987246811703 0.13025 0.06976744186046512 0.0815
