0 0.2243060765191298 0.14225 0.07801950487621906 0.0925
0 0.21792948237059265 0.22675 0.07051762940735183 0.0815
0 0.1800450112528132 0.2675 0.072768192048012 0.073
0 0.11440360090022506 0.25 0.07576894223555888 0.1
0 0.06545386346586647 0.306 0.0671417854463616 0.092
0 0.1511627906976744 0.343 0.06676669167291822 0.076
0 0.11440360090022506 0.4185 0.07126781695423856 0.085
0 0.3463990997749437 0.1525 0.06639159789947487 0.087
0 0.3027006751687922 0.23525 0.06676669167291822 0.0855
0 0.26294073518379596 0.289 0.06976744186046512 0.084
0 0.21436609152288072 0.344 0.061890472618154536 0.082
0 0.42685671417854465 0.1165 0.058514628657164294 0.089
0 0.4167291822955739 0.20775 0.06826706676669167 0.0765
0 0.39497374343585895 0.27525 0.05401350337584396 0.0865
0 0.336271567891973 0.29775 0.06264066016504126 0.0915
0 0.2803825956489122 0.3705 0.0671417854463616 0.079
0 0.23668417104276068 0.416 0.07201800450112528 0.078
0 0.2003000750187547 0.4665 0.06301575393848462 0.077
0 0.4797449362340585 0.179 0.05926481620405101 0.075
0 0.4686796699174794 0.2435 0.059639909977494375 0.083
0 0.5453863465866466 0.14525 0.06601650412603151 0.0845
0 0.5903975993998499 0.1555 0.05101275318829707 0.091
0 0.5183795948987246 0.23425 0.06001500375093773 0.0815
0 0.5765191297824456 0.22325 0.05926481620405101 0.0845
0 0.20705176294073518 0.53375 0.06751687921980495 0.0785
0 0.24606151537884471 0.491 0.07651912978244561 0.082
0 0.29763690922730685 0.4395 0.07014253563390847 0.079
0 0.35352588147036756 0.41225 0.06489122280570142 0.0895
0 0.38278319579894976 0.35225 0.0671417854463616 0.0825
0 0.45348837209302323 0.3195 0.07126781695423856 0.083
0 0.5148162040510128 0.30525 0.06564141035258815 0.0835
0 0.6626031507876969 0.21525 0.04838709677419355 0.0895
0 0.6444111027756939 0.25875 0.0555138784696174 0.0805
0 0.562828207051763 0.3015 0.05888972243060765 0.078
0 0.4351087771942986 0.393 0.05776444111027757 0.082
0 0.4949362340585146 0.378 0.052138034508627154 0.088
0 0.5455738934733684 0.36025 0.061890472618154536 0.0855
0 0.6078394598649662 0.33625 0.06264066016504126 0.0835
0 0.6609152288072018 0.33475 0.056264066016504126 0.0845
0 0.6691672918229558 0.28825 0.04126031507876969 0.0605
0 0.7614403600900225 0.26975 0.05251312828207052 0.0855
0 0.7481245311327832 0.33625 0.061890472618154536 0.0855
0 0.8229557389347337 0.31775 0.0555138784696174 0.0915
0 0.7831957989497375 0.37675 0.058514628657164294 0.0835
0 0.8640285071267817 0.35025 0.04988747186796699 0.0825
0 0.18698424606151537 0.60575 0.055138784696174045 0.0675
0 0.1933608402100525 0.65975 0.061890472618154536 0.0615
0 0.21324081020255065 0.74625 0.04838709677419355 0.0675
0 0.24399849962490622 0.68075 0.04913728432108027 0.0605
0 0.2726931732933233 0.5965 0.05926481620405101 0.073
0 0.3055138784696174 0.52625 0.05813953488372093 0.0805
0 0.34602400600150035 0.49 0.0641410352588147 0.082
0 0.41354088522130533 0.463 0.06339084771192798 0.072
0 0.47355588897224304 0.44775 0.0641410352588147 0.0705
0 0.5371342835708928 0.436 0.06001500375093773 0.08
0 0.5992123030757689 0.4125 0.059639909977494375 0.077
0 0.6648537134283571 0.41 0.04988747186796699 0.074
0 0.7246811702925732 0.4105 0.06451612903225806 0.077
0 0.7691297824456114 0.45575 0.0536384096024006 0.0845
0 0.8218304576144037 0.42425 0.060765191297824456 0.0785
0 0.8880345086271568 0.427 0.061890472618154536 0.073
0 0.3944111027756939 0.53375 0.061140285071267814 0.0805
0 0.4444861215303826 0.526 0.05926481620405101 0.076
0 0.5061890472618155 0.5125 0.0641410352588147 0.081
0 0.5770817704426107 0.491 0.0708927231807952 0.084
0 0.6500375093773444 0.4855 0.060765191297824456 0.075
0 0.3402100525131283 0.588 0.06376594148537135 0.076
0 0.3027006751687922 0.6435 0.06526631657914479 0.083
0 0.2803825956489122 0.73375 0.04988747186796699 0.0695
0 0.2565641410352588 0.79525 0.05101275318829707 0.0595
0 0.29444861215303825 0.80925 0.047261815453863466 0.0685
0 0.31882970742685673 0.73275 0.05326331582895724 0.0785
0 0.3276444111027757 0.84375 0.04913728432108027 0.0625
0 0.34339834958739685 0.891 0.0536384096024006 0.055
0 0.35933983495873967 0.80625 0.056264066016504126 0.0685
0 0.38747186796699173 0.8535 0.056264066016504126 0.072
0 0.40341335333833456 0.909 0.07239309827456865 0.076
0 0.37134283570892723 0.66275 0.06151537884471118 0.0865
0 0.39141035258814705 0.60525 0.06264066016504126 0.0855
0 0.44486121530382594 0.586 0.05701425356339085 0.074
0 0.5105026256564141 0.58525 0.0555138784696174 0.0815
0 0.5648912228057015 0.5625 0.056264066016504126 0.081
0 0.6211552888222055 0.5375 0.06451612903225806 0.081
0 0.6849212303075769 0.5425 0.0555138784696174 0.075
0 0.7430607651912978 0.5145 0.051762940735183796 0.083
0 0.7981995498874719 0.53125 0.04951237809452363 0.0815
0 0.8480870217554388 0.50675 0.058514628657164294 0.0785
0 0.8876594148537135 0.50625 0.04988747186796699 0.0835
0 0.9474868717179294 0.476 0.05701425356339085 0.077
0 0.9538634658664666 0.553 0.05476369092273068 0.071
0 0.913728432108027 0.578 0.04951237809452363 0.079
0 0.8835333833458364 0.585 0.04988747186796699 0.076
0 0.8345836459114778 0.57225 0.05326331582895724 0.0825
0 0.867966991747937 0.645 0.056264066016504126 0.074
0 0.8132033008252063 0.68275 0.0555138784696174 0.0675
0 0.7946361590397599 0.6285 0.0641410352588147 0.078
0 0.740060015003751 0.58675 0.051762940735183796 0.0865
0 0.7008627156789198 0.616 0.05288822205551388 0.072
0 0.7304951237809453 0.6595 0.05438859714928732 0.077
0 0.7663165791447862 0.7115 0.05476369092273068 0.073
0 0.6327831957989497 0.614 0.060765191297824456 0.072
0 0.6657914478619655 0.68025 0.051762940735183796 0.0645
0 0.7106151537884471 0.70175 0.04463615903975994 0.0815
0 0.7220555138784697 0.763 0.05776444111027757 0.068
0 0.42610652663165793 0.64925 0.0555138784696174 0.0695
0 0.4789947486871718 0.6415 0.060765191297824456 0.069
0 0.5513878469617405 0.639 0.0555138784696174 0.07
0 0.6027756939234808 0.6735 0.058514628657164294 0.075
0 0.37809452363090773 0.7275 0.056264066016504126 0.074
0 0.4249812453113278 0.718 0.060765191297824456 0.074
0 0.4746811702925731 0.707 0.05738934733683421 0.075
0 0.5401350337584396 0.7105 0.05401350337584396 0.077
0 0.5868342085521381 0.73975 0.05438859714928732 0.0575
0 0.6586646661665416 0.7465 0.056264066016504126 0.077
0 0.677794448612153 0.794 0.058514628657164294 0.072
0 0.6187171792948237 0.787 0.0641410352588147 0.07
0 0.6417854463615904 0.854 0.0555138784696174 0.064
0 0.42779444861215304 0.7985 0.047636909227306824 0.075
0 0.4686796699174794 0.7685 0.04988747186796699 0.073
0 0.5277569392348087 0.7705 0.05701425356339085 0.075
0 0.5596399099774944 0.812 0.0555138784696174 0.076
0 0.5022505626406601 0.83225 0.0622655663915979 0.0705
0 0.5853338334583645 0.84925 0.04988747186796699 0.0635
0 0.43885971492873216 0.83375 0.05701425356339085 0.0635
0 0.4609902475618905 0.9095 0.05026256564141035 0.077
0 0.5333833458364591 0.8675 0.05251312828207052 0.065
0 0.5078769692423106 0.92025 0.046511627906976744 0.0885
0 0.5701425356339085 0.954 0.058514628657164294 0.062
