0 0.08492330714552937 0.111 0.052375607931163484 0.071
0 0.11372989150766928 0.06125 0.055368499812944255 0.0835
0 0.07388701833146277 0.193 0.040029928918817806 0.072
0 0.031238309016086794 0.25275 0.0512532734754957 0.0685
0 0.0823045267489712 0.286 0.048634493078937524 0.073
0 0.1227085671530116 0.287 0.048634493078937524 0.071
0 0.13748597081930417 0.1665 0.04302282080059858 0.078
0 0.17826412270856715 0.16 0.046763935652824544 0.085
0 0.15001870557426114 0.2315 0.05013093901982791 0.068
0 0.20164609053497942 0.23525 0.03965581743359521 0.0735
0 0.24130190796857465 0.172 0.05312383090160868 0.073
0 0.2830153385708941 0.22625 0.05200149644594089 0.0775
0 0.24354657687991021 0.26175 0.03965581743359521 0.0805
0 0.1840628507295174 0.3035 0.041900486344930786 0.075
0 0.02974186307519641 0.31575 0.04601571268237935 0.0605
0 0.061915450804339696 0.3535 0.04900860456416012 0.063
0 0.11372989150766928 0.381 0.04339693228582117 0.068
0 0.06958473625140292 0.4115 0.04638982416760194 0.055
0 0.10736999625888514 0.44475 0.04564160119715675 0.0545
0 0.15937149270482603 0.3545 0.03591470258136925 0.067
0 0.19884025439580996 0.3935 0.04302282080059858 0.071
0 0.17040778151889263 0.43275 0.04751215862326973 0.0685
0 0.235877291432847 0.35025 0.05200149644594089 0.0695
0 0.2947998503554059 0.30625 0.05387205387205387 0.0685
0 0.34287317620650953 0.26925 0.049756827534605315 0.0785
0 0.3370744481855593 0.17875 0.048634493078937524 0.0805
0 0.3509165731387954 0.354 0.052375607931163484 0.075
0 0.294238683127572 0.384 0.04302282080059858 0.071
0 0.25289936401047514 0.4225 0.04040404040404041 0.072
0 0.2166105499438833 0.466 0.03741114852225964 0.071
0 0.15020576131687244 0.4905 0.04451926674148896 0.07
0 0.20071081182192294 0.517 0.03853348297792742 0.066
0 0.06752712308267864 0.486 0.04601571268237935 0.067
0 0.05256266367377478 0.53325 0.04451926674148896 0.0615
0 0.1124205013093902 0.51325 0.040029928918817806 0.0675
0 0.10101010101010101 0.57325 0.03890759446315002 0.0655
0 0.06285072951739619 0.59975 0.04489337822671156 0.0645
0 0.1425364758698092 0.613 0.04713804713804714 0.06
0 0.15413393191170968 0.5585 0.04339693228582117 0.061
0 0.2033295922184811 0.58325 0.04227459783015339 0.0635
0 0.244668911335578 0.57275 0.03666292555181444 0.0625
0 0.2562663673774785 0.51425 0.0411522633744856 0.0685
0 0.2878787878787879 0.4755 0.04751215862326973 0.066
0 0.3393191170968949 0.495 0.04713804713804714 0.071
0 0.3047138047138047 0.59375 0.0512532734754957 0.0625
0 0.3443696221473999 0.55825 0.050505050505050504 0.0545
0 0.2751589973812196 0.626 0.04900860456416012 0.06
0 0.2250280583613917 0.6365 0.050505050505050504 0.067
0 0.18855218855218855 0.6385 0.03890759446315002 0.061
0 0.17564534231200898 0.691 0.04152637485970819 0.062
0 0.21698466142910589 0.6915 0.05611672278338945 0.066
0 0.2742237186681631 0.68775 0.04489337822671156 0.0605
0 0.31069958847736623 0.726 0.05574261129816686 0.061
0 0.3264122708567153 0.66 0.04451926674148896 0.067
0 0.3677515899738122 0.70425 0.04638982416760194 0.0605
0 0.35147774036662927 0.63375 0.04227459783015339 0.0675
0 0.4057239057239057 0.676 0.04900860456416012 0.07
0 0.3829031051253273 0.7675 0.04377104377104377 0.059
0 0.43172465394687615 0.76175 0.05013093901982791 0.0655
0 0.4090909090909091 0.606 0.04526748971193416 0.06
0 0.3881406659184437 0.5405 0.049756827534605315 0.068
0 0.44219977553310885 0.5375 0.04638982416760194 0.066
0 0.4002992891881781 0.478 0.048634493078937524 0.065
0 0.3559670781893004 0.4275 0.04227459783015339 0.068
0 0.39150766928544706 0.39875 0.04751215862326973 0.0775
0 0.439768050879162 0.4495 0.049756827534605315 0.081
0 0.3479236812570146 0.0885 0.0508791619902731 0.069
0 0.43097643097643096 0.131 0.05985783763561541 0.081
0 0.3958099513655069 0.18625 0.05387205387205387 0.0855
0 0.39655817433595214 0.26525 0.051627384960718295 0.0775
0 0.4208754208754209 0.3335 0.0508791619902731 0.079
0 0.4558548447437336 0.21425 0.05424616535727647 0.0855
0 0.469884025439581 0.294 0.05611672278338945 0.085
0 0.4796109240553685 0.36925 0.05387205387205387 0.0685
0 0.4996258885147774 0.43825 0.050505050505050504 0.0755
0 0.5364758698092031 0.49975 0.04638982416760194 0.0745
0 0.5230078563411896 0.5695 0.05387205387205387 0.071
0 0.48466142910587356 0.586 0.04751215862326973 0.068
0 0.45828656939768053 0.6485 0.052375607931163484 0.069
0 0.4992517770295548 0.68775 0.05200149644594089 0.0615
0 0.45417134306023194 0.71925 0.0508791619902731 0.0725
0 0.5362888140665918 0.6315 0.0512532734754957 0.059
0 0.5615413393191171 0.69925 0.05013093901982791 0.0705
0 0.5269360269360269 0.73625 0.04751215862326973 0.0645
0 0.478675645342312 0.80725 0.04751215862326973 0.0655
0 0.5258136924803591 0.8075 0.04751215862326973 0.054
0 0.5778151889263 0.8335 0.05424616535727647 0.064
0 0.5873550317994762 0.7795 0.05985783763561541 0.065
0 0.6369248035914703 0.82525 0.05499438832772166 0.0615
0 0.67003367003367 0.7925 0.051627384960718295 0.074
0 0.6945379723157501 0.86275 0.06247661803217359 0.0625
0 0.6301907968574635 0.71425 0.05798728020950243 0.0575
0 0.6008230452674898 0.64725 0.054620276842499066 0.0665
0 0.5819304152637486 0.57675 0.053497942386831275 0.0705
0 0.49214365881032546 0.15675 0.053497942386831275 0.0995
0 0.5450804339693228 0.10975 0.06509539842873176 0.0755
0 0.622895622895623 0.14175 0.06359895248784138 0.0925
0 0.6872427983539094 0.1735 0.0613542835765058 0.091
0 0.5707070707070707 0.202 0.06472128694350916 0.082
0 0.5093527871305649 0.23875 0.05948372615039282 0.0785
0 0.5347923681257014 0.31175 0.050505050505050504 0.0745
0 0.599700710811822 0.31925 0.05611672278338945 0.0785
0 0.6268237934904601 0.243 0.056490834268612046 0.089
0 0.6803217358772914 0.30475 0.06322484100261878 0.0775
0 0.6369248035914703 0.37725 0.056490834268612046 0.0755
0 0.5613542835765059 0.39975 0.05873550317994763 0.0775
0 0.5781893004115226 0.476 0.056490834268612046 0.073
0 0.6208380097268986 0.52225 0.06397306397306397 0.0715
0 0.6494575383464273 0.45375 0.054620276842499066 0.0705
0 0.6967826412270857 0.39075 0.0609801720912832 0.0695
0 0.7289562289562289 0.454 0.053497942386831275 0.083
0 0.689487467265245 0.51975 0.06210250654695099 0.0805
0 0.6584362139917695 0.5945 0.05985783763561541 0.074
0 0.7216610549943884 0.56775 0.06060606060606061 0.0735
0 0.7699214365881033 0.52075 0.055368499812944255 0.0785
0 0.6560044893378226 0.6605 0.06023194912083801 0.06
0 0.7005237560793116 0.72175 0.056490834268612046 0.0755
0 0.7151141040029929 0.64925 0.05948372615039282 0.0775
0 0.7586980920314254 0.70725 0.06434717545828657 0.0665
0 0.7912457912457912 0.772 0.05686494575383464 0.072
0 0.7276468387579499 0.80075 0.05985783763561541 0.0715
0 0.7749719416386083 0.82125 0.0609801720912832 0.0565
0 0.8421249532360644 0.80925 0.05985783763561541 0.0695
0 0.8507295173961841 0.74475 0.06734006734006734 0.0805
0 0.7897493453049008 0.649 0.05611672278338945 0.08
0 0.8340815563037786 0.589 0.06247661803217359 0.079
0 0.8552188552188552 0.6505 0.06659184436962215 0.069
0 0.8916947250280584 0.59 0.06023194912083801 0.076
0 0.831836887392443 0.4975 0.05798728020950243 0.072
0 0.9004863449307894 0.5085 0.06584362139917696 0.075
0 0.7938645716423495 0.441 0.06584362139917696 0.079
0 0.7607557052001497 0.373 0.0714552936775159 0.082
0 0.7267115600448933 0.23125 0.06472128694350916 0.0815
0 0.7850729517396184 0.28875 0.05948372615039282 0.0925
0 0.799850355405911 0.201 0.0710811821922933 0.09
0 0.8686868686868687 0.28175 0.07332585110362888 0.0915
0 0.8301533857089413 0.362 0.07033295922184811 0.077
0 0.8664421997755332 0.429 0.07407407407407407 0.082
0 0.9126449682005238 0.35225 0.06846240179573512 0.0945
0 0.9264870931537598 0.43125 0.0609801720912832 0.0895
