0 0.3151889263000374 0.168 0.03778526000748223 0.044
0 0.3578376356154134 0.12425 0.033295922184811075 0.0425
0 0.3462401795735129 0.15375 0.03179947624392069 0.0465
0 0.3561541339319117 0.196 0.03741114852225964 0.045
0 0.30209502431724655 0.2295 0.03778526000748223 0.046
0 0.34287317620650953 0.241 0.03254769921436588 0.047
0 0.3791619902731014 0.24825 0.040778151889263 0.0475
0 0.3791619902731014 0.17925 0.03928170594837262 0.0425
0 0.3991769547325103 0.1365 0.034418256640478866 0.047
0 0.4289188178077067 0.108 0.04152637485970819 0.039
0 0.4659558548447437 0.1115 0.03554059109614665 0.04
0 0.49663299663299665 0.13475 0.02656191545080434 0.0465
0 0.47549569771791994 0.156 0.0306771417882529 0.04
0 0.44762439206883653 0.16475 0.031051253273475497 0.0445
0 0.4178825289936401 0.18025 0.03292181069958848 0.0495
0 0.3982416760194538 0.21675 0.03554059109614665 0.0475
0 0.4401421623643846 0.2265 0.031051253273475497 0.049
0 0.4289188178077067 0.252 0.03254769921436588 0.048
0 0.4732510288065844 0.1975 0.03367003367003367 0.045
0 0.5031799476243921 0.1905 0.029180695847362513 0.039
0 0.5329218106995884 0.16575 0.033295922184811075 0.0415
0 0.5469509913954358 0.20925 0.029928918817807706 0.0405
0 0.5297418630751964 0.22425 0.031425364758698095 0.0345
0 0.4996258885147774 0.233 0.02880658436213992 0.042
0 0.47399925177702956 0.25 0.03367003367003367 0.041
0 0.5172091283202395 0.27175 0.033295922184811075 0.0415
0 0.5482603815937149 0.263 0.027310138421249533 0.046
0 0.5731387953610175 0.243 0.02843247287691732 0.038
0 0.5862326973438085 0.27925 0.026187803965581742 0.0415
0 0.4902731013842125 0.28825 0.030303030303030304 0.0455
0 0.5233819678264122 0.3245 0.03367003367003367 0.042
0 0.5359147025813692 0.30575 0.028058361391694726 0.0435
0 0.5635989524878414 0.322 0.02880658436213992 0.041
0 0.5940890385334829 0.3225 0.027684249906472128 0.047
0 0.5441451552562664 0.34725 0.02955480733258511 0.0415
0 0.5832398054620277 0.35125 0.027684249906472128 0.0435
0 0.4562289562289562 0.28375 0.033295922184811075 0.0445
0 0.47437336326225216 0.323 0.03292181069958848 0.046
0 0.4985035540591096 0.361 0.02880658436213992 0.045
0 0.5280583613916947 0.377 0.030303030303030304 0.041
0 0.554620276842499 0.3905 0.02955480733258511 0.045
0 0.5909090909090909 0.39175 0.027310138421249533 0.0415
0 0.6053123830901609 0.3605 0.02543958099513655 0.04
0 0.618593340815563 0.409 0.02880658436213992 0.039
0 0.6025065469509914 0.284 0.01533857089412645 0.026
0 0.6094276094276094 0.31075 0.017209128320239433 0.0215
0 0.6247661803217359 0.33225 0.014964459408903853 0.0255
0 0.6290684624017957 0.35875 0.01833146277590722 0.0275
0 0.6294425738870183 0.3865 0.016835016835016835 0.025
0 0.6305649083426861 0.44325 0.025065469509913955 0.0405
0 0.64552936775159 0.48275 0.028058361391694726 0.0425
0 0.6266367377478489 0.46725 0.03292181069958848 0.0435
0 0.678825289936401 0.54175 0.02955480733258511 0.0445
0 0.6404788627010849 0.52125 0.024691358024691357 0.0485
0 0.6129816685372241 0.50525 0.031051253273475497 0.0445
0 0.5961466517022073 0.43975 0.025813692480359147 0.0415
0 0.5729517396184063 0.434 0.031051253273475497 0.04
0 0.5768799102132436 0.47375 0.029928918817807706 0.0385
0 0.5806210250654695 0.53675 0.031425364758698095 0.0485
0 0.6144781144781145 0.55775 0.030303030303030304 0.0455
0 0.6457164234942012 0.57175 0.0306771417882529 0.0415
0 0.6556303778526 0.61625 0.02880658436213992 0.0435
0 0.6765806210250654 0.5945 0.025065469509913955 0.05
0 0.6965955854844744 0.644 0.027684249906472128 0.044
0 0.7246539468761691 0.64375 0.023943135054246164 0.0445
0 0.7242798353909465 0.68925 0.027684249906472128 0.0465
0 0.7341937897493453 0.734 0.02356902356902357 0.04
0 0.7375607931163487 0.77625 0.02955480733258511 0.0455
0 0.7096894874672652 0.7205 0.026936026936026935 0.04
0 0.6967826412270857 0.76925 0.030303030303030304 0.0395
0 0.693228582117471 0.80575 0.029928918817807706 0.0505
0 0.7156752712308267 0.81525 0.0306771417882529 0.0485
0 0.700710811821923 0.85325 0.026936026936026935 0.0455
0 0.679386457164235 0.87825 0.02543958099513655 0.0515
0 0.6464646464646465 0.87525 0.0306771417882529 0.0375
0 0.6582491582491582 0.828 0.02880658436213992 0.052
0 0.6292555181444071 0.9095 0.031425364758698095 0.054
0 0.599700710811822 0.92225 0.03367003367003367 0.0555
0 0.5686494575383464 0.9105 0.029180695847362513 0.052
0 0.6169098391320613 0.85875 0.023943135054246164 0.0485
0 0.5927796483352039 0.86725 0.033295922184811075 0.0525
0 0.6279461279461279 0.80975 0.02955480733258511 0.0465
0 0.6636737747848859 0.78225 0.031425364758698095 0.0465
0 0.6767676767676768 0.73275 0.034418256640478866 0.0515
0 0.6821922933034044 0.685 0.02955480733258511 0.045
0 0.6655443322109988 0.657 0.029180695847362513 0.041
0 0.6389824167601945 0.6635 0.0306771417882529 0.046
0 0.63112607557052 0.6055 0.02843247287691732 0.046
0 0.59221848110737 0.59575 0.029180695847362513 0.0465
0 0.6068088290310513 0.63075 0.0306771417882529 0.0455
0 0.5847362514029181 0.64925 0.031425364758698095 0.0465
0 0.6081182192293303 0.681 0.028058361391694726 0.053
0 0.6337448559670782 0.70425 0.026936026936026935 0.0495
0 0.6457164234942012 0.742 0.0306771417882529 0.047
0 0.6232697343808455 0.761 0.02843247287691732 0.048
0 0.5983913206135428 0.8095 0.028058361391694726 0.058
0 0.6049382716049383 0.735 0.032173587729143284 0.052
0 0.579685746352413 0.6995 0.03853348297792742 0.053
0 0.531986531986532 0.6815 0.03741114852225964 0.047
0 0.5510662177328844 0.722 0.026187803965581742 0.044
0 0.5503179947624393 0.67175 0.029928918817807706 0.0465
0 0.557052001496446 0.62075 0.03666292555181444 0.0495
0 0.5538720538720538 0.5755 0.034044145155256264 0.049
0 0.5183314627759072 0.5405 0.034044145155256264 0.05
0 0.5505050505050505 0.52575 0.033295922184811075 0.0435
0 0.545828656939768 0.4865 0.03292181069958848 0.042
0 0.5409652076318743 0.44225 0.029928918817807706 0.0425
0 0.29760568649457536 0.2975 0.04227459783015339 0.052
0 0.34044145155256267 0.29425 0.04040404040404041 0.0505
0 0.37448559670781895 0.29525 0.03890759446315002 0.0575
0 0.4047886270108492 0.288 0.03666292555181444 0.045
0 0.4055368499812944 0.3295 0.038159371492704826 0.049
0 0.37186681631126073 0.347 0.03367003367003367 0.052
0 0.3393191170968949 0.351 0.032173587729143284 0.049
0 0.3005985783763562 0.3405 0.04152637485970819 0.05
0 0.29274223718668163 0.389 0.03554059109614665 0.051
0 0.33613916947250283 0.411 0.04152637485970819 0.045
0 0.3778526000748223 0.4065 0.038159371492704826 0.047
0 0.4006734006734007 0.378 0.03741114852225964 0.046
0 0.4401421623643846 0.33025 0.03254769921436588 0.0475
0 0.44294799850355404 0.38325 0.03965581743359521 0.0445
0 0.4719416386083053 0.3725 0.02955480733258511 0.048
0 0.4794238683127572 0.41725 0.030303030303030304 0.0465
0 0.5086045641601197 0.4095 0.03179947624392069 0.043
0 0.5095398428731762 0.45025 0.03367003367003367 0.0395
0 0.4261129816685372 0.42825 0.03666292555181444 0.0425
0 0.4567901234567901 0.4505 0.03292181069958848 0.049
0 0.48578376356154135 0.493 0.03778526000748223 0.047
0 0.5164609053497943 0.49425 0.03179947624392069 0.0465
0 0.30920314253647585 0.4475 0.03928170594837262 0.055
0 0.3610175832398055 0.4465 0.034418256640478866 0.055
0 0.3959970071081182 0.45275 0.037037037037037035 0.0505
0 0.3378226711560045 0.491 0.0411522633744856 0.048
0 0.3759820426487093 0.492 0.03741114852225964 0.049
0 0.4276094276094276 0.4735 0.03666292555181444 0.044
0 0.4074074074074074 0.5115 0.034418256640478866 0.051
0 0.36326225215114105 0.542 0.035166479610924055 0.057
0 0.3879536101758324 0.57775 0.035166479610924055 0.0535
0 0.4182566404788627 0.5815 0.031425364758698095 0.053
0 0.4182566404788627 0.633 0.035166479610924055 0.056
0 0.45286195286195285 0.573 0.03554059109614665 0.056
0 0.4491208380097269 0.52075 0.03778526000748223 0.0565
0 0.4792368125701459 0.5335 0.029180695847362513 0.047
0 0.4986906098017209 0.57025 0.034418256640478866 0.0475
0 0.4713804713804714 0.6105 0.034418256640478866 0.045
0 0.44257388701833145 0.65225 0.04040404040404041 0.0515
0 0.5061728395061729 0.627 0.034418256640478866 0.052
0 0.5329218106995884 0.637 0.03179947624392069 0.044
0 0.4947624392068837 0.6755 0.033295922184811075 0.046
0 0.46389824167601945 0.69175 0.04489337822671156 0.0515
0 0.429105873550318 0.698 0.03591470258136925 0.054
0 0.46371118593340815 0.74175 0.03554059109614665 0.0475
0 0.4990647212869435 0.72875 0.03666292555181444 0.0485
0 0.5293677515899738 0.728 0.0306771417882529 0.055
0 0.4837261503928171 0.7865 0.03741114852225964 0.056
0 0.5071081182192293 0.78025 0.02955480733258511 0.0435
0 0.5465768799102132 0.7665 0.03591470258136925 0.051
0 0.5774410774410774 0.7605 0.030303030303030304 0.055
0 0.5041152263374485 0.83625 0.02955480733258511 0.0625
0 0.5389075944631501 0.8135 0.036288814066591846 0.053
0 0.5710811821922933 0.8125 0.031051253273475497 0.058
0 0.5248784137673027 0.86875 0.029180695847362513 0.0545
0 0.5589225589225589 0.85925 0.03367003367003367 0.0525
0 0.5323606434717546 0.58975 0.034418256640478866 0.0465
0 0.6604938271604939 0.69175 0.031051253273475497 0.0455
