0 0.08495873968492124 0.36525 0.059639909977494375 0.0795
0 0.10521380345086272 0.4485 0.05588897224306077 0.076
0 0.12565641410352588 0.51425 0.05401350337584396 0.0655
0 0.12584396099024756 0.59825 0.055138784696174045 0.0735
0 0.14309827456864216 0.6945 0.05888972243060765 0.074
0 0.12059264816204052 0.2895 0.052138034508627154 0.079
0 0.159039759939985 0.24825 0.06376594148537135 0.0865
0 0.231807951987997 0.21975 0.05326331582895724 0.0815
0 0.17329332333083272 0.3275 0.06001500375093773 0.081
0 0.14609902475618905 0.38 0.05888972243060765 0.08
0 0.15341335333833458 0.47175 0.05251312828207052 0.0775
0 0.17891972993248312 0.53375 0.051762940735183796 0.0745
0 0.19973743435858965 0.6075 0.05888972243060765 0.061
0 0.24456114028507125 0.71275 0.05251312828207052 0.0615
0 0.2567516879219805 0.64025 0.05288822205551388 0.0635
0 0.19898724681170293 0.4225 0.05813953488372093 0.073
0 0.2423105776444111 0.29975 0.06151537884471118 0.0825
0 0.21905476369092272 0.38075 0.0622655663915979 0.0785
0 0.21849212303075768 0.50475 0.059639909977494375 0.0725
0 0.2533758439609902 0.5765 0.05588897224306077 0.055
0 0.29651162790697677 0.714 0.05138784696174044 0.062
0 0.28075768942235557 0.3905 0.0641410352588147 0.074
0 0.24868717179294825 0.44875 0.06001500375093773 0.0755
0 0.27644411102775696 0.521 0.05476369092273068 0.073
0 0.304013503375844 0.6525 0.05888972243060765 0.07
0 0.3463990997749437 0.70675 0.05588897224306077 0.0665
0 0.30795198799699924 0.58225 0.060765191297824456 0.0635
0 0.31301575393848463 0.1795 0.059639909977494375 0.092
0 0.2991372843210803 0.25875 0.0671417854463616 0.0775
0 0.3160165041260315 0.33425 0.061140285071267814 0.0755
0 0.3100150037509377 0.4605 0.061890472618154536 0.076
0 0.34321080270067517 0.53 0.058514628657164294 0.077
0 0.372655663915979 0.583 0.06339084771192798 0.055
0 0.36084021005251316 0.643 0.05326331582895724 0.062
0 0.4019129782445611 0.70425 0.052138034508627154 0.0695
0 0.42854463615903976 0.60925 0.05588897224306077 0.0665
0 0.44692423105776447 0.66875 0.05738934733683421 0.0565
0 0.3825956489122281 0.19925 0.06151537884471118 0.0845
0 0.4030382595648912 0.282 0.061140285071267814 0.085
0 0.38072018004501124 0.3495 0.06151537884471118 0.077
0 0.34339834958739685 0.412 0.05888972243060765 0.081
0 0.3885971492873218 0.49825 0.05926481620405101 0.0625
0 0.4561140285071268 0.2325 0.06526631657914479 0.086
0 0.4416729182295574 0.3465 0.07014253563390847 0.088
0 0.4064141035258815 0.42675 0.061140285071267814 0.0805
0 0.44579894973743434 0.484 0.05738934733683421 0.078
0 0.45817704426106526 0.554 0.061140285071267814 0.07
0 0.4872468117029257 0.6155 0.05476369092273068 0.069
0 0.5303825956489122 0.66025 0.05251312828207052 0.0705
0 0.5168792198049512 0.19225 0.0690172543135784 0.0915
0 0.5050637659414854 0.28725 0.06639159789947487 0.0825
0 0.5189422355588897 0.36725 0.06339084771192798 0.0915
0 0.47674418604651164 0.42 0.0622655663915979 0.066
0 0.527569392348087 0.4505 0.05888972243060765 0.07
0 0.5105026256564141 0.52025 0.0555138784696174 0.0655
0 0.5425731432858214 0.59725 0.05738934733683421 0.0745
0 0.5817704426106527 0.65825 0.05401350337584396 0.0625
0 0.5881470367591898 0.19275 0.0622655663915979 0.0865
0 0.5693923480870218 0.29675 0.05701425356339085 0.0835
0 0.5710802700675168 0.40475 0.061890472618154536 0.0725
0 0.5948987246811703 0.46725 0.058514628657164294 0.0785
0 0.5699549887471868 0.53075 0.05588897224306077 0.0725
0 0.595086271567892 0.59925 0.05813953488372093 0.0675
0 0.6370967741935484 0.656 0.056639159789947484 0.069
0 0.622655663915979 0.519 0.051762940735183796 0.07
0 0.6511627906976745 0.22875 0.06376594148537135 0.0815
0 0.6307201800450113 0.313 0.06864216054013503 0.073
0 0.632033008252063 0.4055 0.06601650412603151 0.076
0 0.6556639159789948 0.4645 0.06151537884471118 0.07
0 0.6547261815453863 0.59025 0.056639159789947484 0.0575
0 0.6896099024756189 0.649 0.056639159789947484 0.061
0 0.6798574643660915 0.5205 0.055138784696174045 0.073
0 0.7061140285071268 0.579 0.05438859714928732 0.066
0 0.7428732183045762 0.65325 0.05438859714928732 0.0625
0 0.6879219804951238 0.38275 0.06451612903225806 0.0735
0 0.7166166541635409 0.4625 0.05888972243060765 0.078
0 0.7438109527381845 0.529 0.05776444111027757 0.073
0 0.7648162040510128 0.58975 0.0555138784696174 0.0615
0 0.7948237059264817 0.66075 0.0555138784696174 0.0655
0 0.7398724681170292 0.2395 0.06264066016504126 0.091
0 0.7361215303825956 0.32475 0.059639909977494375 0.0865
0 0.7860090022505627 0.2775 0.05888972243060765 0.082
0 0.8109527381845462 0.368 0.06301575393848462 0.088
0 0.7606901725431358 0.3965 0.060765191297824456 0.079
0 0.7790697674418605 0.46475 0.05701425356339085 0.0805
0 0.804576144036009 0.53075 0.05776444111027757 0.0675
0 0.8192048012003 0.59225 0.04876219054763691 0.0675
0 0.8413353338334584 0.42975 0.0622655663915979 0.0745
0 0.8927231807951987 0.4455 0.06001500375093773 0.069
0 0.8589647411852963 0.51975 0.05701425356339085 0.0715
0 0.90847711927982 0.5065 0.04576144036009002 0.079
0 0.8805326331582896 0.582 0.04913728432108027 0.073
0 0.8555888972243061 0.65175 0.0555138784696174 0.0665
0 0.8962865716429107 0.62775 0.050637659414853715 0.0695
0 0.9439234808702176 0.56825 0.056639159789947484 0.0625
