0 0.05157539384846212 0.6265 0.04088522130532633 0.057
0 0.06245311327831958 0.59025 0.043135783945986494 0.0575
0 0.06732933233308327 0.50225 0.04238559639909977 0.0555
0 0.10296324081020256 0.526 0.04388597149287322 0.056
0 0.10596399099774943 0.57125 0.043135783945986494 0.0505
0 0.10221305326331583 0.61425 0.04013503375843961 0.0515
0 0.09433608402100525 0.64975 0.03788447111777944 0.0555
0 0.11552888222055514 0.70325 0.04276069017254314 0.0585
0 0.15585146286571644 0.71475 0.038634658664666165 0.0535
0 0.12603150787696923 0.657 0.03600900225056264 0.046
0 0.17929482370592648 0.666 0.03375843960990248 0.056
0 0.21099024756189047 0.69075 0.03188297074268567 0.0485
0 0.2334958739684921 0.68975 0.03938484621155289 0.0525
0 0.21005251312828208 0.64775 0.0450112528132033 0.0555
0 0.18473368342085522 0.59675 0.037134283570892726 0.0455
0 0.2203675918979745 0.60225 0.037134283570892726 0.0545
0 0.2528132033008252 0.639 0.04426106526631658 0.057
0 0.26969242310577646 0.68625 0.042010502625656414 0.0555
0 0.30420105026256566 0.67775 0.03900975243810953 0.0545
0 0.29013503375843963 0.621 0.03938484621155289 0.053
0 0.2618154538634659 0.58825 0.04276069017254314 0.0515
0 0.2376219054763691 0.54225 0.041635408852213056 0.0535
0 0.19898724681170293 0.5595 0.04538634658664666 0.056
0 0.16316579144786197 0.54675 0.03900975243810953 0.0565
0 0.14403600900225055 0.563 0.033008252063015754 0.054
0 0.14122280570142537 0.5065 0.04238559639909977 0.054
0 0.09077269317329333 0.46875 0.042010502625656414 0.0545
0 0.12996999249812452 0.447 0.04088522130532633 0.057
0 0.10615153788447111 0.36425 0.03975993998499625 0.0605
0 0.1427231807951988 0.38875 0.038634658664666165 0.0605
0 0.13484621155288823 0.32425 0.043135783945986494 0.0655
0 0.1744186046511628 0.2975 0.04351087771942986 0.06
0 0.22055513878469618 0.26075 0.047261815453863466 0.0685
0 0.24193548387096775 0.315 0.04051012753188297 0.052
0 0.2695048762190548 0.33575 0.04538634658664666 0.0665
0 0.28863465866466614 0.28075 0.05288822205551388 0.0635
0 0.1867966991747937 0.36025 0.03825956489122281 0.0625
0 0.2173668417104276 0.3805 0.04538634658664666 0.057
0 0.2003000750187547 0.4205 0.047261815453863466 0.056
0 0.16691672918229558 0.4375 0.037509377344336084 0.05
0 0.17573143285821455 0.4855 0.04538634658664666 0.051
0 0.21024006001500375 0.47225 0.03938484621155289 0.0645
0 0.268192048012003 0.509 0.04276069017254314 0.061
0 0.29632408102025504 0.54675 0.04051012753188297 0.0595
0 0.327456864216054 0.57625 0.035258814703675916 0.0555
0 0.35690172543135784 0.57 0.03938484621155289 0.053
0 0.34227306826706677 0.6355 0.038634658664666165 0.06
0 0.3722805701425356 0.616 0.04088522130532633 0.056
0 0.41035258814703673 0.567 0.035258814703675916 0.056
0 0.3915978994748687 0.52375 0.04576144036009002 0.0565
0 0.3493998499624906 0.509 0.04463615903975994 0.054
0 0.3049512378094524 0.49225 0.04351087771942986 0.0605
0 0.2704426106526632 0.4515 0.03975993998499625 0.06
0 0.25450112528132035 0.41875 0.030382595648912228 0.0525
0 0.2786946736684171 0.3905 0.04126031507876969 0.063
0 0.31545386346586646 0.34675 0.04576144036009002 0.0665
0 0.34658664666166544 0.3815 0.04351087771942986 0.059
0 0.3252063015753939 0.422 0.03675918979744936 0.06
0 0.3630907726931733 0.45125 0.04576144036009002 0.0725
0 0.40341335333833456 0.47275 0.04463615903975994 0.0645
0 0.3857839459864966 0.41175 0.047636909227306824 0.0615
0 0.43060765191297823 0.427 0.0450112528132033 0.063
0 0.44579894973743434 0.4805 0.04013503375843961 0.064
0 0.4358589647411853 0.533 0.03975993998499625 0.06
0 0.4521755438859715 0.5875 0.04088522130532633 0.058
0 0.4739309827456864 0.5245 0.043135783945986494 0.058
0 0.5015003750937734 0.5805 0.04276069017254314 0.061
0 0.48687171792948236 0.64125 0.04576144036009002 0.0575
0 0.48349587396849214 0.44975 0.04576144036009002 0.0675
0 0.43529632408102026 0.37525 0.04688672168042011 0.0625
0 0.4846211552888222 0.37925 0.04801200300075019 0.0655
0 0.29369842460615153 0.2035 0.04351087771942986 0.065
0 0.33177044261065264 0.195 0.04538634658664666 0.064
0 0.34171042760690173 0.267 0.04801200300075019 0.066
0 0.36384096024006 0.32275 0.04876219054763691 0.0625
0 0.4013503375843961 0.34575 0.04801200300075019 0.0675
0 0.4386721680420105 0.3175 0.052138034508627154 0.06
0 0.4011627906976744 0.291 0.050637659414853715 0.06
0 0.3799699924981245 0.2395 0.04351087771942986 0.069
0 0.42610652663165793 0.20825 0.04576144036009002 0.0665
0 0.4467366841710428 0.2565 0.05101275318829707 0.07
0 0.48237059264816207 0.29875 0.0450112528132033 0.0685
0 0.5262565641410353 0.31225 0.04801200300075019 0.0685
0 0.5281320330082521 0.2485 0.04801200300075019 0.061
0 0.5753938484621155 0.28675 0.04801200300075019 0.0725
0 0.6134658664666166 0.34025 0.050637659414853715 0.0655
0 0.6686046511627907 0.329 0.05138784696174044 0.067
0 0.6539759939984996 0.38325 0.04988747186796699 0.0625
0 0.5435108777194299 0.37275 0.05401350337584396 0.0665
0 0.5932108027006752 0.3915 0.050637659414853715 0.069
0 0.618529632408102 0.447 0.051762940735183796 0.068
0 0.517066766691673 0.4195 0.050637659414853715 0.058
0 0.5603900975243811 0.435 0.05326331582895724 0.061
0 0.5298199549887472 0.47725 0.04988747186796699 0.0585
0 0.5772693173293323 0.4865 0.05251312828207052 0.061
0 0.581020255063766 0.54225 0.04801200300075019 0.0585
0 0.544073518379595 0.5135 0.038634658664666165 0.048
0 0.5525131282820706 0.58025 0.05101275318829707 0.0505
0 0.5759564891222806 0.616 0.05588897224306077 0.06
0 0.5343210802700675 0.6405 0.041635408852213056 0.07
0 0.6112153038259565 0.59175 0.04463615903975994 0.0565
0 0.6357839459864967 0.63475 0.04801200300075019 0.0725
0 0.6791072768192048 0.67275 0.05588897224306077 0.0635
0 0.7139909977494373 0.69 0.047636909227306824 0.062
0 0.7241185296324081 0.647 0.04988747186796699 0.062
0 0.6774193548387096 0.62375 0.047261815453863466 0.0655
0 0.6235933983495874 0.5455 0.04838709677419355 0.064
0 0.6687921980495124 0.55275 0.05101275318829707 0.0625
0 0.6434733683420856 0.49925 0.04838709677419355 0.0645
0 0.6727306826706677 0.44825 0.05438859714928732 0.0725
0 0.6916729182295573 0.50375 0.047261815453863466 0.0625
0 0.7297449362340586 0.542 0.047636909227306824 0.067
0 0.7376219054763691 0.48475 0.052138034508627154 0.0645
0 0.7766316579144786 0.52 0.052138034508627154 0.061
0 0.7087396849212303 0.3975 0.04988747186796699 0.073
0 0.7575018754688673 0.43625 0.05438859714928732 0.0665
0 0.786946736684171 0.44575 0.03825956489122281 0.0615
0 0.8036384096024006 0.386 0.052138034508627154 0.075
0 0.832145536384096 0.42275 0.052138034508627154 0.0795
0 0.8692798199549887 0.47625 0.04913728432108027 0.0655
0 0.832145536384096 0.4975 0.05438859714928732 0.064
0 0.8190172543135784 0.56675 0.05438859714928732 0.0595
0 0.7685671417854464 0.5805 0.05026256564141035 0.069
0 0.7173668417104276 0.5865 0.04838709677419355 0.056
0 0.768192048012003 0.627 0.05026256564141035 0.057
0 0.7899474868717179 0.649 0.04051012753188297 0.052
0 0.7693173293323331 0.729 0.05026256564141035 0.055
0 0.8019504876219055 0.74875 0.04951237809452363 0.0525
0 0.8448987246811703 0.79175 0.04838709677419355 0.0615
0 0.8953488372093024 0.7985 0.04951237809452363 0.058
0 0.8655288822205551 0.7345 0.05288822205551388 0.052
0 0.8265191297824456 0.69975 0.050637659414853715 0.0565
0 0.8143285821455364 0.6255 0.04876219054763691 0.062
0 0.8428357089272318 0.644 0.046511627906976744 0.062
0 0.8810952738184546 0.67075 0.04876219054763691 0.0525
0 0.8795948987246812 0.63125 0.051762940735183796 0.0635
0 0.8539009752438109 0.585 0.05288822205551388 0.067
0 0.8951612903225806 0.54725 0.052138034508627154 0.0605
0 0.9311702925731433 0.61075 0.0536384096024006 0.0555
0 0.9437359339834959 0.6445 0.046511627906976744 0.061
0 0.9255438859714928 0.51175 0.04688672168042011 0.0645
