0 0.13672168042010502 0.8495 0.034133533383345835 0.043
0 0.12903225806451613 0.773 0.04276069017254314 0.049
0 0.16260315078769694 0.79525 0.037134283570892726 0.0385
0 0.19017254313578394 0.825 0.04351087771942986 0.04
0 0.22393098274568643 0.8545 0.04126031507876969 0.049
0 0.13240810202550637 0.725 0.03975993998499625 0.041
0 0.1706676669167292 0.73 0.03975993998499625 0.033
0 0.20630157539384847 0.75825 0.035258814703675916 0.0475
0 0.2355588897224306 0.784 0.037509377344336084 0.04
0 0.2672543135783946 0.797 0.03488372093023256 0.044
0 0.30888972243060764 0.798 0.037134283570892726 0.046
0 0.13859714928732184 0.67725 0.036384096024006 0.0475
0 0.16785446361590398 0.699 0.03938484621155289 0.056
0 0.20123780945236308 0.7085 0.03563390847711928 0.055
0 0.2415603900975244 0.70225 0.03675918979744936 0.0535
0 0.2719429857464366 0.728 0.042010502625656414 0.05
0 0.3207051762940735 0.73925 0.03975993998499625 0.0495
0 0.34508627156789196 0.77775 0.037509377344336084 0.0495
0 0.38147036759189795 0.7845 0.03975993998499625 0.046
0 0.12696924231057766 0.6305 0.04013503375843961 0.045
0 0.15753938484621155 0.63575 0.033008252063015754 0.0455
0 0.19617404351087772 0.65425 0.029257314328582147 0.0525
0 0.23799699924981246 0.64725 0.036384096024006 0.0465
0 0.27081770442610653 0.6315 0.03600900225056264 0.047
0 0.2768192048012003 0.68925 0.037509377344336084 0.0475
0 0.3150787696924231 0.6965 0.03675918979744936 0.042
0 0.353900975243811 0.721 0.037134283570892726 0.051
0 0.304013503375844 0.6465 0.036384096024006 0.045
0 0.3411477869467367 0.63675 0.03938484621155289 0.0445
0 0.3647786946736684 0.66525 0.04463615903975994 0.0405
0 0.39234808702175544 0.704 0.033008252063015754 0.05
0 0.404351087771943 0.75275 0.037509377344336084 0.0515
0 0.15978994748687173 0.57825 0.0450112528132033 0.0485
0 0.1397224306076519 0.53025 0.041635408852213056 0.0445
0 0.18998499624906226 0.492 0.03938484621155289 0.041
0 0.2059264816204051 0.543 0.03225806451612903 0.045
0 0.22243060765191297 0.52775 0.035258814703675916 0.0495
0 0.1761065266316579 0.43875 0.04238559639909977 0.0495
0 0.19898724681170293 0.396 0.03563390847711928 0.048
0 0.22186796699174793 0.4375 0.036384096024006 0.054
0 0.25375093773443363 0.493 0.036384096024006 0.046
0 0.26800450112528135 0.449 0.04013503375843961 0.051
0 0.28788447111777943 0.48225 0.03788447111777944 0.0485
0 0.2987621905476369 0.441 0.037134283570892726 0.054
0 0.2576894223555889 0.407 0.03375843960990248 0.044
0 0.22655663915978994 0.3805 0.03825956489122281 0.051
0 0.2871342835708927 0.38775 0.030382595648912228 0.0495
0 0.3336459114778695 0.43375 0.037134283570892726 0.0465
0 0.336834208552138 0.49575 0.04126031507876969 0.0575
0 0.3480870217554389 0.5405 0.03600900225056264 0.044
0 0.3057014253563391 0.54675 0.03900975243810953 0.0475
0 0.2678169542385596 0.5545 0.03600900225056264 0.056
0 0.2586271567891973 0.5895 0.03563390847711928 0.046
0 0.29444861215303825 0.5965 0.03375843960990248 0.05
0 0.3237059264816204 0.586 0.03075768942235559 0.047
0 0.35765191297824456 0.58725 0.036384096024006 0.0465
0 0.2528132033008252 0.30725 0.03825956489122281 0.0565
0 0.28844711177794446 0.32575 0.03825956489122281 0.0475
0 0.29163540885221306 0.284 0.03788447111777944 0.047
0 0.3300825206301575 0.30975 0.042010502625656414 0.0525
0 0.322768192048012 0.36075 0.043135783945986494 0.0515
0 0.33739684921230306 0.394 0.038634658664666165 0.038
0 0.367966991747937 0.42125 0.03975993998499625 0.0465
0 0.359152288072018 0.345 0.03488372093023256 0.05
0 0.31545386346586646 0.2335 0.03225806451612903 0.05
0 0.34658664666166544 0.2725 0.03675918979744936 0.041
0 0.3690922730682671 0.22925 0.037509377344336084 0.0405
0 0.3812828207051763 0.25875 0.034133533383345835 0.0495
0 0.38803450862715677 0.32775 0.034133533383345835 0.0585
0 0.37528132033008255 0.3835 0.036384096024006 0.045
0 0.40735183795948987 0.37075 0.03075768942235559 0.0515
0 0.4051012753188297 0.416 0.030007501875468866 0.044
0 0.3900975243810953 0.45675 0.04051012753188297 0.0505
0 0.3794073518379595 0.50075 0.046136534133533386 0.0535
0 0.40416354088522133 0.53325 0.038634658664666165 0.0625
0 0.43942235558889725 0.18025 0.038634658664666165 0.0485
0 0.4696174043510878 0.164 0.0345086271567892 0.044
0 0.46830457614403603 0.211 0.037134283570892726 0.038
0 0.43060765191297823 0.2245 0.0345086271567892 0.051
0 0.4122280570142536 0.25525 0.03675918979744936 0.0415
0 0.4414853713428357 0.2845 0.033008252063015754 0.051
0 0.47261815453863465 0.27375 0.03600900225056264 0.0465
0 0.48593398349587397 0.311 0.03563390847711928 0.044
0 0.4549887471867967 0.33625 0.04276069017254314 0.0455
0 0.44692423105776447 0.37725 0.03938484621155289 0.0425
0 0.4816204051012753 0.36175 0.03900975243810953 0.0465
0 0.5076894223555889 0.344 0.03188297074268567 0.04
0 0.5208177044261065 0.291 0.03788447111777944 0.047
0 0.5076894223555889 0.3845 0.03338334583645911 0.049
0 0.47449362340585144 0.40675 0.03600900225056264 0.0455
0 0.44392348087021755 0.4335 0.038634658664666165 0.054
0 0.42273068267066766 0.471 0.03900975243810953 0.054
0 0.4386721680420105 0.51025 0.03938484621155289 0.0435
0 0.4806826706676669 0.5 0.034133533383345835 0.045
0 0.4731807951987997 0.45525 0.03563390847711928 0.0545
0 0.5153788447111778 0.458 0.035258814703675916 0.045
0 0.5378844711177795 0.436 0.0345086271567892 0.04
0 0.5159414853713429 0.50525 0.03488372093023256 0.0505
0 0.5013128282070518 0.5415 0.03338334583645911 0.049
0 0.46905476369092275 0.5455 0.034133533383345835 0.05
0 0.4307951987996999 0.5565 0.038634658664666165 0.048
0 0.46230307576894225 0.58925 0.036384096024006 0.0545
0 0.4339834958739685 0.61625 0.03675918979744936 0.0505
0 0.41241560390097526 0.65475 0.03788447111777944 0.0485
0 0.4521755438859715 0.66675 0.036384096024006 0.0545
0 0.46999249812453114 0.62875 0.03375843960990248 0.0415
0 0.4773068267066767 0.66575 0.023630907726931733 0.0445
0 0.45255063765941483 0.713 0.03788447111777944 0.05
0 0.44204801200300076 0.75875 0.03563390847711928 0.0505
0 0.4795573893473368 0.73725 0.03563390847711928 0.0475
0 0.48687171792948236 0.79025 0.03975993998499625 0.0495
0 0.4915603900975244 0.83725 0.03563390847711928 0.0555
0 0.5262565641410353 0.85575 0.03225806451612903 0.0585
0 0.5538259564891223 0.8525 0.029632408102025505 0.047
0 0.5390097524381096 0.801 0.0345086271567892 0.045
0 0.5133158289572393 0.76625 0.03938484621155289 0.0395
0 0.5288822205551388 0.7185 0.03600900225056264 0.052
0 0.5438859714928732 0.75 0.03675918979744936 0.047
0 0.5708927231807952 0.76325 0.03225806451612903 0.0455
0 0.49193548387096775 0.58825 0.034133533383345835 0.0495
0 0.5200675168792198 0.60625 0.03563390847711928 0.0535
0 0.5146286571642911 0.64875 0.03600900225056264 0.0425
0 0.5309452363090773 0.55575 0.03188297074268567 0.0405
0 0.5435108777194299 0.52425 0.035258814703675916 0.0445
0 0.5476369092273068 0.59975 0.03150787696924231 0.0535
0 0.5579519879969993 0.668 0.038634658664666165 0.052
0 0.5570142535633908 0.69975 0.04051012753188297 0.0395
0 0.5048762190547637 0.146 0.03375843960990248 0.048
0 0.5045011252813203 0.227 0.03675918979744936 0.048
0 0.5211927981995499 0.202 0.03938484621155289 0.038
0 0.5536384096024006 0.1195 0.03075768942235559 0.049
0 0.5480120030007501 0.15925 0.033008252063015754 0.0425
0 0.5873968492123031 0.122 0.03225806451612903 0.045
0 0.6172168042010503 0.06525 0.037134283570892726 0.0375
0 0.6498499624906227 0.0835 0.036384096024006 0.048
0 0.6706676669167292 0.15175 0.0277569392348087 0.0435
0 0.5789572393098275 0.16375 0.029632408102025505 0.0425
0 0.6262190547636909 0.15875 0.030382595648912228 0.0355
0 0.6145911477869468 0.18275 0.03488372093023256 0.0395
0 0.5695798949737434 0.20475 0.030382595648912228 0.0455
0 0.5973368342085521 0.23625 0.03488372093023256 0.0445
0 0.6269692423105776 0.21175 0.029632408102025505 0.0445
0 0.5365716429107277 0.25775 0.03563390847711928 0.0435
0 0.5737059264816204 0.274 0.032633158289572396 0.038
0 0.644973743435859 0.23375 0.03338334583645911 0.0575
0 0.6826706676669168 0.222 0.0345086271567892 0.04
0 0.6616654163540885 0.25325 0.03375843960990248 0.0335
0 0.7064891222805701 0.25675 0.030382595648912228 0.0455
0 0.6757314328582146 0.27775 0.02663165791447862 0.0425
0 0.6489122280570142 0.2855 0.03075768942235559 0.045
0 0.6115903975993998 0.29675 0.03563390847711928 0.0455
0 0.5765191297824456 0.30975 0.0345086271567892 0.0445
0 0.6033383345836459 0.33575 0.036384096024006 0.0405
0 0.6744186046511628 0.31325 0.03150787696924231 0.0455
0 0.6519129782445612 0.3425 0.030007501875468866 0.043
0 0.6927981995498874 0.333 0.029257314328582147 0.047
0 0.5423855963990998 0.36775 0.03675918979744936 0.0495
0 0.5622655663915979 0.413 0.03375843960990248 0.043
0 0.5917104276069017 0.4035 0.028132033008252063 0.047
0 0.6303450862715679 0.369 0.03188297074268567 0.049
0 0.6706676669167292 0.3805 0.0345086271567892 0.043
0 0.6948612153038259 0.3835 0.028882220555138786 0.046
0 0.6359714928732183 0.41825 0.037134283570892726 0.0365
0 0.6761065266316579 0.4165 0.028132033008252063 0.04
0 0.6581020255063766 0.439 0.028882220555138786 0.045
0 0.6342835708927231 0.45225 0.0345086271567892 0.0385
0 0.5885221305326331 0.4445 0.03675918979744936 0.038
0 0.5753938484621155 0.48175 0.03825956489122281 0.0485
0 0.6153413353338335 0.48925 0.03188297074268567 0.0445
0 0.6018379594898725 0.54575 0.03338334583645911 0.0485
0 0.5744561140285072 0.5655 0.03338334583645911 0.048
0 0.5967741935483871 0.5895 0.03150787696924231 0.042
0 0.5825206301575394 0.637 0.03375843960990248 0.048
0 0.5840210052513128 0.67575 0.03225806451612903 0.0445
0 0.5885221305326331 0.73075 0.035258814703675916 0.0445
0 0.5917104276069017 0.826 0.03188297074268567 0.037
0 0.6067141785446362 0.8825 0.03188297074268567 0.044
0 0.6380345086271568 0.8965 0.033008252063015754 0.044
0 0.6376594148537135 0.963 0.03225806451612903 0.048
0 0.6727306826706677 0.938 0.03113278319579895 0.049
0 0.7115528882220555 0.9225 0.03150787696924231 0.045
0 0.667854463615904 0.849 0.028132033008252063 0.042
0 0.6200300075018754 0.843 0.0277569392348087 0.051
0 0.6125281320330083 0.7845 0.03225806451612903 0.05
0 0.6217179294823706 0.80775 0.025881470367591898 0.0405
0 0.6899849962490623 0.8425 0.025131282820705175 0.045
0 0.6948612153038259 0.85475 0.023630907726931733 0.0305
0 0.7297449362340586 0.88325 0.02738184546136534 0.0355
0 0.6427231807951987 0.76375 0.028882220555138786 0.0495
0 0.6605401350337584 0.7775 0.024006001500375095 0.054
0 0.6770442610652663 0.7995 0.023255813953488372 0.043
0 0.6192798199549887 0.725 0.03225806451612903 0.045
0 0.6363465866466617 0.691 0.038634658664666165 0.049
0 0.6483495873968492 0.72025 0.02738184546136534 0.0355
0 0.6929857464366092 0.756 0.03113278319579895 0.047
0 0.7066766691672918 0.7815 0.030007501875468866 0.042
0 0.7263690922730682 0.81925 0.025881470367591898 0.0465
0 0.7385596399099775 0.8445 0.02625656414103526 0.043
0 0.7561890472618155 0.85 0.02700675168792198 0.045
0 0.7576894223555889 0.2755 0.033008252063015754 0.05
0 0.7503750937734434 0.3125 0.028882220555138786 0.031
0 0.7878844711177795 0.3285 0.03188297074268567 0.05
0 0.8471492873218305 0.335 0.03113278319579895 0.047
0 0.741185296324081 0.36125 0.03150787696924231 0.0475
0 0.7972618154538634 0.38325 0.025131282820705175 0.0425
0 0.8283945986496624 0.39475 0.024381095273818456 0.0275
0 0.7788822205551388 0.406 0.030382595648912228 0.042
0 0.840960240060015 0.422 0.03075768942235559 0.042
0 0.7721305326331583 0.441 0.03188297074268567 0.033
0 0.7235558889722431 0.44025 0.02700675168792198 0.0425
0 0.7064891222805701 0.4545 0.030382595648912228 0.042
0 0.6815453863465867 0.46775 0.03075768942235559 0.0405
0 0.6702925731432858 0.499 0.0345086271567892 0.04
0 0.6444111027756939 0.5395 0.028507126781695424 0.047
0 0.6492873218304576 0.58 0.028507126781695424 0.042
0 0.6789197299324832 0.58 0.030007501875468866 0.041
0 0.6275318829707427 0.62375 0.03375843960990248 0.0435
0 0.6785446361590397 0.62475 0.02700675168792198 0.0435
0 0.6582895723930983 0.66325 0.03225806451612903 0.0415
0 0.6762940735183796 0.696 0.025506376594148537 0.042
0 0.7109902475618904 0.6915 0.03338334583645911 0.041
0 0.7139909977494373 0.73725 0.02738184546136534 0.0435
0 0.7477494373593399 0.80225 0.029632408102025505 0.0415
0 0.7828207051762941 0.827 0.02625656414103526 0.039
0 0.7831957989497375 0.84825 0.029257314328582147 0.0305
0 0.8006376594148538 0.81925 0.025131282820705175 0.0425
0 0.8210802700675168 0.802 0.024756189047261814 0.04
0 0.7942610652663166 0.77575 0.025881470367591898 0.0425
0 0.7342460615153789 0.761 0.02738184546136534 0.04
0 0.7385596399099775 0.721 0.03075768942235559 0.046
0 0.7584396099024756 0.75325 0.02625656414103526 0.0375
0 0.758252063015754 0.718 0.01837959489872468 0.037
0 0.794073518379595 0.73875 0.02625656414103526 0.0395
0 0.8302700675168793 0.75175 0.030382595648912228 0.0445
0 0.7342460615153789 0.67625 0.032633158289572396 0.0415
0 0.7531882970742686 0.6705 0.02625656414103526 0.041
0 0.8010127531882971 0.7015 0.029632408102025505 0.044
0 0.8285821455363841 0.71725 0.024006001500375095 0.0295
0 0.7346211552888222 0.62375 0.03188297074268567 0.0375
0 0.7901350337584396 0.65325 0.04238559639909977 0.0415
0 0.6933608402100525 0.54075 0.03488372093023256 0.0435
0 0.7085521380345087 0.51925 0.03375843960990248 0.0415
0 0.7233683420855214 0.54125 0.028882220555138786 0.0405
0 0.7111777944486122 0.567 0.030007501875468866 0.036
0 0.7443735933983496 0.57475 0.030382595648912228 0.0425
0 0.7768192048012003 0.57575 0.0277569392348087 0.0415
0 0.8034508627156789 0.54375 0.029257314328582147 0.0435
0 0.8025131282820706 0.5745 0.028132033008252063 0.037
0 0.7340585146286571 0.48725 0.03075768942235559 0.0455
0 0.7646286571642911 0.51975 0.02738184546136534 0.0455
0 0.7987621905476369 0.48275 0.03338334583645911 0.0445
0 0.8034508627156789 0.45775 0.024756189047261814 0.0395
0 0.7861965491372843 0.5105 0.024756189047261814 0.023
0 0.8818454613653414 0.4555 0.033008252063015754 0.047
0 0.872093023255814 0.484 0.0277569392348087 0.029
0 0.8565266316579144 0.50525 0.032633158289572396 0.0395
0 0.9285446361590397 0.53625 0.03563390847711928 0.0545
0 0.8752813203300825 0.54925 0.032633158289572396 0.0485
0 0.8824081020255063 0.56925 0.03188297074268567 0.0455
0 0.9073518379594899 0.586 0.03375843960990248 0.046
0 0.8951612903225806 0.62325 0.028882220555138786 0.0485
0 0.9045386346586647 0.668 0.03113278319579895 0.048
0 0.8379594898724682 0.6375 0.029257314328582147 0.046
0 0.8201425356339085 0.66825 0.02738184546136534 0.0365
0 0.8417104276069017 0.68725 0.028507126781695424 0.0395
0 0.858589647411853 0.70725 0.029257314328582147 0.0365
0 0.8782820705176294 0.74175 0.025881470367591898 0.0365
