0 0.12284321080270068 0.1505 0.06339084771192798 0.101
0 0.0669542385596399 0.25625 0.0603900975243811 0.0925
0 0.09921230307576895 0.337 0.059639909977494375 0.083
0 0.13090772693173294 0.2915 0.056264066016504126 0.092
0 0.19992498124531133 0.22425 0.05326331582895724 0.0725
0 0.23124531132783196 0.28025 0.061890472618154536 0.0925
0 0.28188297074268565 0.18575 0.06339084771192798 0.0915
0 0.3094523630907727 0.2635 0.07126781695423856 0.091
0 0.2959489872468117 0.3425 0.0622655663915979 0.08
0 0.34921230307576895 0.369 0.06601650412603151 0.077
0 0.2777569392348087 0.42675 0.055138784696174045 0.0795
0 0.1916729182295574 0.35975 0.0622655663915979 0.0805
0 0.13672168042010502 0.4045 0.06789197299324831 0.081
0 0.05813953488372093 0.42025 0.060765191297824456 0.0975
0 0.05795198799699925 0.49675 0.06264066016504126 0.0695
0 0.09471117779444861 0.55475 0.059639909977494375 0.0675
0 0.13634658664666166 0.48175 0.050637659414853715 0.0785
0 0.18060765191297826 0.47875 0.06864216054013503 0.0725
0 0.1646661665416354 0.555 0.05701425356339085 0.076
0 0.1588522130532633 0.60525 0.06489122280570142 0.0625
0 0.23237059264816204 0.596 0.055138784696174045 0.071
0 0.2758814703675919 0.65525 0.055138784696174045 0.0765
0 0.33289572393098277 0.677 0.05888972243060765 0.064
0 0.36552888222055513 0.73 0.0536384096024006 0.059
0 0.4156039009752438 0.74325 0.04876219054763691 0.0665
0 0.43023255813953487 0.79 0.03975993998499625 0.066
0 0.4789947486871718 0.83 0.056264066016504126 0.054
0 0.4754313578394599 0.77525 0.05438859714928732 0.0605
0 0.4966241560390098 0.71025 0.051762940735183796 0.0725
0 0.45330082520630155 0.6545 0.05138784696174044 0.075
0 0.40172543135783945 0.6595 0.04426106526631658 0.07
0 0.34246061515378845 0.6125 0.06001500375093773 0.075
0 0.2946361590397599 0.5605 0.05438859714928732 0.072
0 0.23724681170292572 0.5215 0.056639159789947484 0.076
0 0.3102025506376594 0.51 0.0622655663915979 0.077
0 0.33664666166541635 0.4635 0.05888972243060765 0.078
0 0.38634658664666166 0.42675 0.0555138784696174 0.0795
0 0.41260315078769694 0.495 0.04801200300075019 0.078
0 0.44879969992498125 0.44025 0.06789197299324831 0.0845
0 0.48124531132783194 0.49725 0.05326331582895724 0.0735
0 0.4120405101275319 0.57025 0.05588897224306077 0.0625
0 0.45555138784696175 0.5655 0.04913728432108027 0.082
0 0.5161290322580645 0.57625 0.06001500375093773 0.0795
0 0.5266316579144786 0.64075 0.0622655663915979 0.0735
0 0.5543885971492873 0.69075 0.05701425356339085 0.0605
0 0.5712678169542386 0.74075 0.05776444111027757 0.0615
0 0.5313203300825207 0.77575 0.050637659414853715 0.0565
0 0.5196924231057765 0.81275 0.04013503375843961 0.0555
0 0.5693923480870218 0.8205 0.04876219054763691 0.054
0 0.6087771942985747 0.9255 0.051762940735183796 0.069
0 0.6262190547636909 0.8535 0.055138784696174045 0.065
0 0.6686046511627907 0.86825 0.04238559639909977 0.0625
0 0.6631657914478619 0.80975 0.05326331582895724 0.0615
0 0.596211552888222 0.797 0.05888972243060765 0.065
0 0.6331582895723931 0.75125 0.05326331582895724 0.0675
0 0.6989872468117029 0.724 0.059639909977494375 0.061
0 0.7027381845461366 0.7585 0.055138784696174045 0.06
0 0.6271567891972993 0.68675 0.056264066016504126 0.0665
0 0.5971492873218305 0.64725 0.05701425356339085 0.0675
0 0.6562265566391597 0.6045 0.059639909977494375 0.071
0 0.6867966991747937 0.6415 0.060765191297824456 0.07
0 0.7522505626406601 0.69075 0.050637659414853715 0.0725
0 0.5843960990247562 0.584 0.058514628657164294 0.081
0 0.5523255813953488 0.5185 0.05588897224306077 0.082
0 0.6344711177794449 0.53475 0.06339084771192798 0.0715
0 0.6626031507876969 0.4585 0.06339084771192798 0.076
0 0.6873593398349588 0.49875 0.055138784696174045 0.0735
0 0.7428732183045762 0.55475 0.0641410352588147 0.0675
0 0.7475618904726181 0.4575 0.0690172543135784 0.076
0 0.6052138034508627 0.41625 0.0641410352588147 0.0745
0 0.550450112528132 0.4425 0.06339084771192798 0.082
0 0.4433608402100525 0.352 0.060765191297824456 0.082
0 0.390285071267817 0.3045 0.059639909977494375 0.078
0 0.3649662415603901 0.17375 0.06151537884471118 0.0965
0 0.436609152288072 0.229 0.07051762940735183 0.092
0 0.4662415603900975 0.14725 0.06676669167291822 0.0915
0 0.5 0.19675 0.07051762940735183 0.0905
0 0.5536384096024006 0.26575 0.060765191297824456 0.0955
0 0.4799324831207802 0.284 0.0671417854463616 0.081
0 0.5226931732933233 0.33825 0.06789197299324831 0.0805
0 0.5843960990247562 0.346 0.06451612903225806 0.094
0 0.5879594898724682 0.1905 0.07689422355588897 0.092
0 0.641410352588147 0.25125 0.07501875468867217 0.0955
0 0.6886721680420105 0.191 0.06676669167291822 0.093
0 0.7046136534133534 0.282 0.06789197299324831 0.099
0 0.7160540135033758 0.3575 0.0690172543135784 0.078
0 0.791072768192048 0.27725 0.07576894223555888 0.0915
0 0.8990997749437359 0.31725 0.07876969242310577 0.0865
0 0.871530382595649 0.39375 0.07239309827456865 0.0785
0 0.867966991747937 0.46475 0.07201800450112528 0.0785
0 0.9077269317329333 0.52625 0.06001500375093773 0.0905
0 0.8340210052513128 0.53475 0.055138784696174045 0.0835
0 0.8285821455363841 0.61425 0.060765191297824456 0.0755
0 0.8289572393098275 0.67275 0.05401350337584396 0.0725
0 0.8921605401350338 0.61775 0.059639909977494375 0.0715
0 0.9013503375843961 0.67225 0.06151537884471118 0.0755
0 0.9347336834208552 0.60175 0.047261815453863466 0.0795
