0 0.07258064516129033 0.59725 0.05288822205551388 0.0645
0 0.13634658664666166 0.61475 0.050637659414853715 0.0585
0 0.14722430607651912 0.67525 0.052138034508627154 0.0745
0 0.19073518379594898 0.607 0.04838709677419355 0.068
0 0.1993623405851463 0.54275 0.04538634658664666 0.0655
0 0.13353338334583645 0.5565 0.05326331582895724 0.064
0 0.10183795948987247 0.5145 0.05288822205551388 0.061
0 0.10127531882970743 0.446 0.05251312828207052 0.066
0 0.15472618154538634 0.491 0.05438859714928732 0.061
0 0.1646661665416354 0.431 0.051762940735183796 0.062
0 0.19673668417104276 0.41175 0.04838709677419355 0.0665
0 0.23668417104276068 0.46 0.046511627906976744 0.078
0 0.20180045011252815 0.33675 0.0555138784696174 0.0595
0 0.23912228057014254 0.31975 0.05288822205551388 0.0685
0 0.27644411102775696 0.2655 0.046511627906976744 0.055
0 0.3058889722430608 0.205 0.0536384096024006 0.085
0 0.36271567891972994 0.20075 0.05251312828207052 0.0655
0 0.3968492123030758 0.29375 0.05101275318829707 0.0525
0 0.31714178544636157 0.31725 0.04988747186796699 0.0675
0 0.2704426106526632 0.3775 0.05701425356339085 0.053
0 0.35090022505626406 0.363 0.05288822205551388 0.054
0 0.4004126031507877 0.334 0.0603900975243811 0.068
0 0.38297074268567144 0.43225 0.047261815453863466 0.0545
0 0.31957989497374345 0.42125 0.05101275318829707 0.0535
0 0.28863465866466614 0.47425 0.043135783945986494 0.0655
0 0.309264816204051 0.4555 0.05738934733683421 0.078
0 0.2608777194298575 0.5525 0.04988747186796699 0.068
0 0.2394973743435859 0.608 0.04463615903975994 0.065
0 0.26500375093773443 0.65275 0.052138034508627154 0.0735
0 0.25037509377344336 0.7225 0.041635408852213056 0.064
0 0.2938859714928732 0.721 0.052138034508627154 0.069
0 0.32408102025506375 0.68925 0.042010502625656414 0.0695
0 0.29444861215303825 0.6115 0.04276069017254314 0.066
0 0.2996999249812453 0.548 0.04876219054763691 0.059
0 0.33233308327081773 0.6165 0.04276069017254314 0.076
0 0.35933983495873967 0.72175 0.05101275318829707 0.0735
0 0.36177794448612155 0.55025 0.05288822205551388 0.0635
0 0.39741185296324083 0.579 0.04988747186796699 0.066
0 0.404351087771943 0.6525 0.05101275318829707 0.065
0 0.41766691672918227 0.7185 0.050637659414853715 0.064
0 0.40735183795948987 0.51525 0.04426106526631658 0.0585
0 0.42385596399099773 0.45375 0.051762940735183796 0.0615
0 0.44954988747186797 0.41075 0.050637659414853715 0.0595
0 0.43960990247561893 0.26875 0.05776444111027757 0.0645
0 0.48705926481620404 0.263 0.04088522130532633 0.066
0 0.5495123780945236 0.23075 0.046511627906976744 0.0685
0 0.4737434358589647 0.34475 0.047261815453863466 0.0675
0 0.5065641410352588 0.411 0.047636909227306824 0.072
0 0.4898724681170293 0.48425 0.04876219054763691 0.0625
0 0.45236309077269315 0.53675 0.05326331582895724 0.0685
0 0.44036009002250565 0.61375 0.05026256564141035 0.0665
0 0.4795573893473368 0.7155 0.04538634658664666 0.06
0 0.4934358589647412 0.64575 0.04088522130532633 0.0665
0 0.5258814703675919 0.7125 0.05701425356339085 0.073
0 0.5416354088522131 0.64825 0.04876219054763691 0.0725
0 0.521755438859715 0.586 0.05101275318829707 0.075
0 0.5271942985746436 0.5215 0.04988747186796699 0.071
0 0.5397599399849963 0.35925 0.05026256564141035 0.0665
0 0.5641410352588146 0.31175 0.04876219054763691 0.0745
0 0.6029632408102026 0.25675 0.04538634658664666 0.0675
0 0.6200300075018754 0.31675 0.05401350337584396 0.0685
0 0.5622655663915979 0.388 0.0622655663915979 0.077
0 0.5943360840210052 0.3825 0.04838709677419355 0.073
0 0.5982745686421606 0.45575 0.04876219054763691 0.0715
0 0.6564141035258815 0.45425 0.046511627906976744 0.0685
0 0.5725806451612904 0.54925 0.050637659414853715 0.0665
0 0.6095273818454614 0.527 0.05026256564141035 0.075
0 0.6087771942985747 0.59075 0.047261815453863466 0.0585
0 0.6594148537134283 0.5775 0.047261815453863466 0.069
0 0.590960240060015 0.66475 0.04838709677419355 0.0735
0 0.5742685671417854 0.739 0.04876219054763691 0.064
0 0.609152288072018 0.78125 0.047261815453863466 0.0645
0 0.627906976744186 0.7185 0.04951237809452363 0.064
0 0.6633533383345837 0.78275 0.050637659414853715 0.0785
0 0.7143660915228808 0.77325 0.0536384096024006 0.0755
0 0.6854838709677419 0.70575 0.05288822205551388 0.0715
0 0.6845461365341335 0.628 0.047261815453863466 0.062
0 0.6789197299324832 0.2875 0.047261815453863466 0.07
0 0.7539384846211553 0.24875 0.04876219054763691 0.0655
0 0.7357464366091523 0.30325 0.05288822205551388 0.0535
0 0.7274943735933983 0.349 0.061890472618154536 0.076
0 0.800450112528132 0.344 0.05026256564141035 0.056
0 0.7995123780945236 0.38875 0.05138784696174044 0.0665
0 0.7460615153788447 0.432 0.05101275318829707 0.065
0 0.7207426856714179 0.4505 0.0536384096024006 0.072
0 0.772880720180045 0.49125 0.05138784696174044 0.0635
0 0.8248312078019505 0.46825 0.051762940735183796 0.0695
0 0.8675918979744937 0.4555 0.05101275318829707 0.071
0 0.7010502625656414 0.53125 0.05476369092273068 0.0595
0 0.7764441110277569 0.54825 0.051762940735183796 0.0555
0 0.8614028507126782 0.52625 0.055138784696174045 0.0675
0 0.8932858214553638 0.505 0.047636909227306824 0.05
0 0.7171792948237059 0.5915 0.05026256564141035 0.059
0 0.7946361590397599 0.6195 0.05813953488372093 0.072
0 0.8570892723180795 0.59375 0.05476369092273068 0.0725
0 0.9246061515378845 0.5675 0.058514628657164294 0.083
0 0.7406226556639159 0.64825 0.05288822205551388 0.0715
0 0.7368717179294824 0.7215 0.052138034508627154 0.062
0 0.7871342835708928 0.6865 0.05588897224306077 0.075
0 0.8520255063765941 0.68175 0.05288822205551388 0.0755
0 0.904351087771943 0.6515 0.05401350337584396 0.072
0 0.9516129032258065 0.64125 0.04951237809452363 0.0675
0 0.9570517629407351 0.703 0.0603900975243811 0.077
0 0.8535258814703676 0.73 0.05138784696174044 0.049
0 0.9071642910727682 0.79975 0.05438859714928732 0.0795
0 0.8430232558139535 0.802 0.050637659414853715 0.072
0 0.777006751687922 0.7765 0.05813953488372093 0.062
