0 0.16354088522130533 0.364 0.07051762940735183 0.072
0 0.21117779444861215 0.413 0.06526631657914479 0.069
0 0.2010502625656414 0.489 0.0622655663915979 0.064
0 0.18154538634658665 0.533 0.0450112528132033 0.058
0 0.21980495123780946 0.58825 0.06976744186046512 0.0725
0 0.28188297074268565 0.59125 0.04688672168042011 0.0615
0 0.31545386346586646 0.6765 0.056264066016504126 0.065
0 0.3469617404351088 0.70675 0.056264066016504126 0.0545
0 0.2068642160540135 0.26275 0.0671417854463616 0.0795
0 0.2404351087771943 0.24475 0.06526631657914479 0.0915
0 0.29369842460615153 0.20975 0.0690172543135784 0.1035
0 0.37621905476369094 0.2435 0.07126781695423856 0.104
0 0.4197299324831208 0.308 0.0622655663915979 0.088
0 0.4036009002250563 0.368 0.0622655663915979 0.07
0 0.3304576144036009 0.31525 0.07051762940735183 0.0925
0 0.2672543135783946 0.34475 0.059639909977494375 0.0915
0 0.2415603900975244 0.39125 0.05701425356339085 0.0755
0 0.32389347336834207 0.387 0.06789197299324831 0.075
0 0.26744186046511625 0.4665 0.06151537884471118 0.072
0 0.2815078769692423 0.511 0.0603900975243811 0.065
0 0.3285821455363841 0.472 0.051762940735183796 0.069
0 0.3794073518379595 0.4415 0.06489122280570142 0.077
0 0.4450487621905476 0.431 0.05888972243060765 0.078
0 0.4298574643660915 0.4965 0.05326331582895724 0.075
0 0.3794073518379595 0.51 0.055138784696174045 0.08
0 0.3388972243060765 0.551 0.059639909977494375 0.065
0 0.39591147786946734 0.5915 0.05813953488372093 0.064
0 0.41072768192048015 0.65725 0.051762940735183796 0.0605
0 0.4021005251312828 0.69675 0.047261815453863466 0.0555
0 0.3687171792948237 0.763 0.05776444111027757 0.058
0 0.3936609152288072 0.81075 0.055138784696174045 0.0545
0 0.4405476369092273 0.8495 0.04838709677419355 0.049
0 0.4257314328582146 0.874 0.042010502625656414 0.042
0 0.4643660915228807 0.906 0.04876219054763691 0.048
0 0.5116279069767442 0.9115 0.04276069017254314 0.043
0 0.4988747186796699 0.85025 0.047261815453863466 0.0505
0 0.5097524381095274 0.875 0.046511627906976744 0.045
0 0.555701425356339 0.89825 0.04088522130532633 0.0555
0 0.5853338334583645 0.8545 0.04463615903975994 0.041
0 0.5384471117779445 0.8135 0.04688672168042011 0.046
0 0.5527006751687922 0.8355 0.04388597149287322 0.041
0 0.5963990997749438 0.817 0.04051012753188297 0.04
0 0.581020255063766 0.77 0.04351087771942986 0.046
0 0.5472618154538634 0.74725 0.047261815453863466 0.0455
0 0.4975618904726182 0.77375 0.0536384096024006 0.0525
0 0.4559264816204051 0.80625 0.04988747186796699 0.0535
0 0.4315453863465866 0.75725 0.050637659414853715 0.0595
0 0.46492873218304576 0.727 0.052138034508627154 0.052
0 0.5090022505626407 0.715 0.05401350337584396 0.054
0 0.46680420105026255 0.681 0.0536384096024006 0.059
0 0.5101275318829708 0.6535 0.04876219054763691 0.057
0 0.567516879219805 0.679 0.05101275318829707 0.07
0 0.5977119279819955 0.73 0.05588897224306077 0.058
0 0.6312828207051763 0.76275 0.04351087771942986 0.0525
0 0.6459114778694673 0.797 0.0450112528132033 0.059
0 0.6794823705926482 0.7505 0.050637659414853715 0.053
0 0.6114028507126782 0.66925 0.04876219054763691 0.0545
0 0.6380345086271568 0.68575 0.04276069017254314 0.0505
0 0.6541635408852213 0.63375 0.05251312828207052 0.0705
0 0.681357839459865 0.6655 0.04688672168042011 0.062
0 0.7049887471867967 0.683 0.041635408852213056 0.046
0 0.46005251312828205 0.61675 0.0536384096024006 0.0585
0 0.4549887471867967 0.5605 0.05776444111027757 0.061
0 0.5091897974493623 0.58075 0.04838709677419355 0.0575
0 0.5577644411102776 0.63525 0.04876219054763691 0.0585
0 0.5596399099774944 0.5765 0.056264066016504126 0.06
0 0.6055888972243061 0.605 0.05813953488372093 0.06
0 0.5172543135783946 0.526 0.056264066016504126 0.062
0 0.4883720930232558 0.4575 0.0555138784696174 0.069
0 0.4737434358589647 0.383 0.06151537884471118 0.078
0 0.5168792198049512 0.399 0.06601650412603151 0.066
0 0.5662040510127532 0.4335 0.061890472618154536 0.072
0 0.5673293323330832 0.49325 0.04913728432108027 0.0675
0 0.6202175543885972 0.463 0.05888972243060765 0.065
0 0.6187171792948237 0.53875 0.059639909977494375 0.0625
0 0.659039759939985 0.57075 0.058514628657164294 0.0585
0 0.6697299324831207 0.5035 0.056639159789947484 0.065
0 0.7001125281320331 0.53625 0.04913728432108027 0.0715
0 0.6924231057764441 0.44525 0.05401350337584396 0.0735
0 0.6457239309827457 0.40175 0.0603900975243811 0.0745
0 0.6024006001500375 0.36425 0.05701425356339085 0.0755
0 0.5538259564891223 0.33925 0.0603900975243811 0.0735
0 0.49193548387096775 0.293 0.059639909977494375 0.076
0 0.4634283570892723 0.1685 0.06864216054013503 0.091
0 0.518192048012003 0.21175 0.05588897224306077 0.0865
0 0.5617029257314329 0.2515 0.059639909977494375 0.072
0 0.5399474868717179 0.1435 0.06939234808702176 0.098
0 0.605026256564141 0.19075 0.06451612903225806 0.0895
0 0.663728432108027 0.19625 0.06264066016504126 0.0935
0 0.6858589647411854 0.2635 0.0603900975243811 0.089
0 0.6309077269317329 0.29025 0.060765191297824456 0.0895
0 0.6566016504126031 0.33 0.055138784696174045 0.074
0 0.6384096024006002 0.0975 0.06976744186046512 0.098
0 0.7124906226556639 0.11975 0.06339084771192798 0.0915
0 0.7003000750187547 0.6075 0.04801200300075019 0.07
0 0.7273068267066767 0.654 0.04876219054763691 0.065
0 0.7520630157539385 0.68225 0.04426106526631658 0.0475
0 0.7762565641410353 0.6415 0.04838709677419355 0.065
0 0.7567516879219804 0.5885 0.05438859714928732 0.062
0 0.8133908477119279 0.578 0.056639159789947484 0.07
0 0.832708177044261 0.6265 0.05401350337584396 0.058
0 0.8584021005251313 0.5375 0.05138784696174044 0.069
0 0.8088897224306076 0.47375 0.050637659414853715 0.0725
0 0.7633158289572393 0.51025 0.060765191297824456 0.0625
0 0.7389347336834209 0.42575 0.051762940735183796 0.0715
0 0.7126781695423856 0.37825 0.0555138784696174 0.0835
0 0.7738184546136534 0.349 0.0555138784696174 0.075
0 0.7376219054763691 0.30425 0.06264066016504126 0.0795
0 0.7563765941485371 0.22925 0.07314328582145536 0.0855
0 0.7846961740435109 0.273 0.05926481620405101 0.084
0 0.8244561140285072 0.29475 0.051762940735183796 0.0775
0 0.8904726181545386 0.3305 0.05701425356339085 0.072
0 0.8463990997749438 0.3875 0.056639159789947484 0.067
0 0.8780945236309077 0.46275 0.05101275318829707 0.0695
0 0.923668417104276 0.41175 0.056639159789947484 0.0755
