0 0.10325476992143659 0.3955 0.04414515525626637 0.043
0 0.1025065469509914 0.44425 0.04339693228582117 0.0515
0 0.13973063973063973 0.4805 0.04302282080059858 0.044
0 0.15581743359521139 0.44375 0.04302282080059858 0.0425
0 0.14085297418630752 0.37375 0.04526748971193416 0.0455
0 0.18873924429479985 0.37475 0.04227459783015339 0.0475
0 0.2134306023194912 0.34975 0.04451926674148896 0.0475
0 0.21062476618032175 0.426 0.03890759446315002 0.05
0 0.24915824915824916 0.4235 0.04040404040404041 0.054
0 0.21249532360643472 0.46975 0.04040404040404041 0.0395
0 0.1941638608305275 0.50825 0.03591470258136925 0.0445
0 0.1533857089412645 0.53925 0.03965581743359521 0.0435
0 0.11391694725028058 0.52475 0.04152637485970819 0.0445
0 0.17732884399551066 0.5575 0.038159371492704826 0.04
0 0.15469509913954357 0.592 0.03778526000748223 0.046
0 0.18668163112607558 0.6095 0.03741114852225964 0.034
0 0.234006734006734 0.6085 0.03853348297792742 0.037
0 0.2240927796483352 0.56175 0.03890759446315002 0.0375
0 0.25832398054620276 0.55075 0.037037037037037035 0.0415
0 0.26898615787504676 0.5875 0.04264870931537598 0.04
0 0.23812196034418256 0.5165 0.04152637485970819 0.04
0 0.27478488589599703 0.51 0.03778526000748223 0.036
0 0.2646838757949869 0.475 0.040778151889263 0.046
0 0.2996632996632997 0.48925 0.04264870931537598 0.0455
0 0.30957725402169844 0.526 0.04526748971193416 0.046
0 0.2964833520389076 0.5645 0.03778526000748223 0.041
0 0.30882903105125326 0.5955 0.036288814066591846 0.047
0 0.3282828282828283 0.63175 0.03928170594837262 0.0375
0 0.34736251402918067 0.60325 0.03479236812570146 0.0375
0 0.33576505798728024 0.56575 0.03554059109614665 0.0395
0 0.29105873550317996 0.436 0.03591470258136925 0.048
0 0.3002244668911336 0.39425 0.040778151889263 0.0545
0 0.3168724279835391 0.32525 0.04788627010849233 0.0555
0 0.27441077441077444 0.28225 0.04377104377104377 0.0495
0 0.23026561915450805 0.28525 0.04451926674148896 0.0515
0 0.2673026561915451 0.32825 0.031051253273475497 0.0565
0 0.3673774784885896 0.27675 0.04264870931537598 0.0575
0 0.3613916947250281 0.3295 0.0411522633744856 0.051
0 0.40385334829779274 0.3225 0.04302282080059858 0.053
0 0.4270482603815937 0.27475 0.040778151889263 0.0545
0 0.44594089038533485 0.33225 0.04339693228582117 0.0555
0 0.48035914702581367 0.30375 0.04040404040404041 0.0545
0 0.4841002618780397 0.35425 0.041900486344930786 0.0495
0 0.4214365881032548 0.3685 0.03853348297792742 0.052
0 0.4566030677141788 0.387 0.03853348297792742 0.048
0 0.3759820426487093 0.39025 0.04414515525626637 0.0505
0 0.34025439580995137 0.4145 0.040029928918817806 0.046
0 0.3761690983913206 0.43275 0.04152637485970819 0.0455
0 0.4109614665170221 0.42675 0.04227459783015339 0.0545
0 0.44594089038533485 0.43975 0.032173587729143284 0.0525
0 0.4797979797979798 0.436 0.037037037037037035 0.055
0 0.48615787504676394 0.47725 0.036288814066591846 0.0415
0 0.32977927422371867 0.4545 0.04227459783015339 0.043
0 0.3617658062102507 0.49325 0.04040404040404041 0.0515
0 0.3451178451178451 0.51775 0.03853348297792742 0.0415
0 0.37037037037037035 0.5485 0.038159371492704826 0.04
0 0.3782267115600449 0.58075 0.03591470258136925 0.0405
0 0.39150766928544706 0.5165 0.036288814066591846 0.039
0 0.411522633744856 0.476 0.03965581743359521 0.044
0 0.44537972315750096 0.483 0.03853348297792742 0.045
0 0.4285447063224841 0.5165 0.03254769921436588 0.048
0 0.4513655069210625 0.56225 0.03778526000748223 0.0405
0 0.409652076318743 0.565 0.03591470258136925 0.043
0 0.4225589225589226 0.58675 0.031051253273475497 0.0485
0 0.39319117096894873 0.626 0.0306771417882529 0.041
0 0.36232697343808457 0.64925 0.03479236812570146 0.0435
0 0.39319117096894873 0.65275 0.031425364758698095 0.0355
0 0.42386831275720166 0.63575 0.032173587729143284 0.0385
0 0.43041526374859707 0.67225 0.03254769921436588 0.0415
0 0.4620276842499065 0.6765 0.032173587729143284 0.033
0 0.45417134306023194 0.64425 0.03666292555181444 0.0355
0 0.4515525626636738 0.6015 0.034418256640478866 0.044
0 0.4841002618780397 0.5865 0.034418256640478866 0.043
0 0.4826038159371493 0.6195 0.03591470258136925 0.039
0 0.48503554059109616 0.6465 0.030303030303030304 0.034
0 0.5151515151515151 0.63025 0.031425364758698095 0.0305
0 0.5207631874298541 0.66175 0.02843247287691732 0.0455
0 0.49644594089038535 0.68975 0.031425364758698095 0.0335
0 0.5192667414889637 0.7105 0.027684249906472128 0.037
0 0.5224466891133558 0.5845 0.02656191545080434 0.039
0 0.5016835016835017 0.556 0.032173587729143284 0.047
0 0.47549569771791994 0.53 0.03367003367003367 0.042
0 0.5076692854470632 0.5125 0.034418256640478866 0.041
0 0.5491956603067715 0.69 0.035166479610924055 0.044
0 0.581556303778526 0.70675 0.028058361391694726 0.0405
0 0.5823045267489712 0.6705 0.034044145155256264 0.027
0 0.5482603815937149 0.64325 0.03254769921436588 0.0315
0 0.5443322109988776 0.6115 0.029928918817807706 0.039
0 0.5375982042648709 0.54575 0.03367003367003367 0.0505
0 0.5491956603067715 0.5675 0.03367003367003367 0.036
0 0.5808080808080808 0.563 0.03479236812570146 0.04
0 0.5811821922933034 0.594 0.03554059109614665 0.032
0 0.5809951365506921 0.63875 0.029928918817807706 0.0395
0 0.6129816685372241 0.62125 0.03179947624392069 0.0385
0 0.6251402918069585 0.65525 0.035166479610924055 0.0395
0 0.6133557800224467 0.68225 0.036288814066591846 0.0325
0 0.6154133931911709 0.72725 0.031425364758698095 0.0375
0 0.6500187055742611 0.74075 0.031051253273475497 0.0295
0 0.6460905349794238 0.70325 0.03292181069958848 0.0265
0 0.6507669285447063 0.675 0.03254769921436588 0.036
0 0.6595585484474373 0.64475 0.031425364758698095 0.0355
0 0.6457164234942012 0.61525 0.03367003367003367 0.0345
0 0.6148522259633371 0.57925 0.033295922184811075 0.0315
0 0.6453423120089786 0.583 0.029928918817807706 0.041
0 0.6782641227085672 0.5955 0.032173587729143284 0.045
0 0.6904227459783016 0.627 0.03254769921436588 0.042
0 0.6859334081556304 0.66275 0.030303030303030304 0.0395
0 0.6849981294425739 0.702 0.034418256640478866 0.034
0 0.6911709689487467 0.73225 0.030303030303030304 0.0385
0 0.7190422745978301 0.71375 0.03367003367003367 0.0365
0 0.7160493827160493 0.6815 0.031425364758698095 0.039
0 0.7439206883651328 0.68625 0.031051253273475497 0.0345
0 0.7197904975682754 0.64275 0.03367003367003367 0.0285
0 0.714552936775159 0.59875 0.034418256640478866 0.0345
0 0.7433595211372989 0.6195 0.03292181069958848 0.041
0 0.7527123082678638 0.65375 0.031425364758698095 0.0365
0 0.7401795735129069 0.58225 0.03254769921436588 0.0395
0 0.7072577628133183 0.5655 0.03479236812570146 0.032
0 0.7355031799476244 0.541 0.032173587729143284 0.042
0 0.6750841750841751 0.549 0.028058361391694726 0.041
0 0.6445940890385334 0.5505 0.03741114852225964 0.042
0 0.5202020202020202 0.33375 0.040778151889263 0.0555
0 0.5164609053497943 0.37775 0.03928170594837262 0.0495
0 0.5495697717919941 0.36975 0.038159371492704826 0.0495
0 0.5172091283202395 0.4275 0.03853348297792742 0.052
0 0.5246913580246914 0.47 0.03928170594837262 0.04
0 0.5521885521885522 0.48375 0.034418256640478866 0.0375
0 0.5510662177328844 0.4185 0.03591470258136925 0.048
0 0.567153011597456 0.45825 0.041900486344930786 0.0435
0 0.5910961466517022 0.42125 0.03965581743359521 0.0525
0 0.6165357276468387 0.45 0.03741114852225964 0.042
0 0.5920314253647587 0.489 0.03479236812570146 0.046
0 0.575944631500187 0.524 0.033295922184811075 0.042
0 0.6212121212121212 0.5115 0.030303030303030304 0.043
0 0.5939019827908717 0.37 0.040778151889263 0.052
0 0.6281331836887393 0.399 0.04264870931537598 0.05
0 0.6616161616161617 0.383 0.03554059109614665 0.046
0 0.6502057613168725 0.43275 0.034418256640478866 0.0435
0 0.6786382341937898 0.44825 0.03367003367003367 0.0455
0 0.7192293303404415 0.429 0.040778151889263 0.055
0 0.6945379723157501 0.48325 0.036288814066591846 0.0415
0 0.6365506921062477 0.47375 0.036288814066591846 0.0445
0 0.663112607557052 0.50275 0.03254769921436588 0.0495
0 0.7063224841002619 0.5225 0.034418256640478866 0.043
0 0.7341937897493453 0.50225 0.031051253273475497 0.0345
0 0.7429854096520763 0.48 0.03666292555181444 0.046
0 0.769734380845492 0.47275 0.027310138421249533 0.0445
0 0.7682379349046016 0.52025 0.03778526000748223 0.0465
0 0.7734754956977179 0.5665 0.03179947624392069 0.043
0 0.808641975308642 0.53575 0.036288814066591846 0.0405
0 0.8084549195660307 0.56775 0.035166479610924055 0.0355
0 0.7757201646090535 0.59875 0.03254769921436588 0.0415
0 0.8052749719416387 0.602 0.031051253273475497 0.04
0 0.7919940142162364 0.6355 0.03965581743359521 0.03
0 0.7768424990647212 0.67525 0.03554059109614665 0.0405
