0 0.10624766180321736 0.30175 0.0613542835765058 0.0675
0 0.13916947250280584 0.25625 0.06210250654695099 0.0875
0 0.05424616535727647 0.4135 0.06060606060606061 0.068
0 0.06939768050879162 0.476 0.05499438832772166 0.057
0 0.06322484100261878 0.53 0.054620276842499066 0.069
0 0.07875046763935653 0.57375 0.056490834268612046 0.0475
0 0.10026187803965582 0.6305 0.04788627010849233 0.059
0 0.13786008230452676 0.6775 0.04601571268237935 0.045
0 0.17377478488589598 0.72525 0.049756827534605315 0.0645
0 0.21623643845866067 0.74025 0.04713804713804714 0.0455
0 0.22783389450056116 0.69775 0.04564160119715675 0.0425
0 0.17919940142162363 0.67325 0.04788627010849233 0.0505
0 0.21137298915076694 0.64075 0.048634493078937524 0.0585
0 0.14814814814814814 0.6185 0.04040404040404041 0.062
0 0.12682379349046016 0.55275 0.04788627010849233 0.0545
0 0.18088290310512534 0.583 0.04526748971193416 0.062
0 0.18069584736251404 0.527 0.04489337822671156 0.064
0 0.2330714552936775 0.5735 0.04638982416760194 0.057
0 0.22259633370744483 0.51525 0.0508791619902731 0.0595
0 0.12794612794612795 0.50075 0.054620276842499066 0.0595
0 0.12588851477740368 0.4285 0.05200149644594089 0.071
0 0.1520763187429854 0.36925 0.05424616535727647 0.0715
0 0.20202020202020202 0.406 0.04339693228582117 0.064
0 0.18555929667040777 0.46 0.048634493078937524 0.064
0 0.24279835390946503 0.44975 0.05312383090160868 0.0665
0 0.2946127946127946 0.48875 0.04526748971193416 0.0705
0 0.32323232323232326 0.443 0.05312383090160868 0.064
0 0.3509165731387954 0.5015 0.051627384960718295 0.059
0 0.3271604938271605 0.54475 0.04900860456416012 0.0595
0 0.2742237186681631 0.5405 0.0508791619902731 0.066
0 0.27983539094650206 0.60125 0.03965581743359521 0.0565
0 0.3286569397680509 0.6035 0.04751215862326973 0.066
0 0.25757575757575757 0.65675 0.04751215862326973 0.0565
0 0.3004115226337449 0.661 0.03741114852225964 0.058
0 0.2775907220351665 0.709 0.03666292555181444 0.048
0 0.2674897119341564 0.755 0.04040404040404041 0.047
0 0.31275720164609055 0.7695 0.041900486344930786 0.054
0 0.32416760194537975 0.72975 0.04900860456416012 0.0425
0 0.3559670781893004 0.78175 0.04526748971193416 0.0505
0 0.37523381967826414 0.70375 0.04489337822671156 0.0575
0 0.40179573512906847 0.7695 0.03890759446315002 0.053
0 0.44294799850355404 0.771 0.04414515525626637 0.044
0 0.41956603067714177 0.72175 0.04826038159371493 0.0585
0 0.3486719042274598 0.65775 0.04489337822671156 0.0465
0 0.37972315750093527 0.616 0.04564160119715675 0.051
0 0.4060980172091283 0.64675 0.04152637485970819 0.0545
0 0.37130564908342684 0.5705 0.04900860456416012 0.059
0 0.4175084175084175 0.59225 0.04414515525626637 0.0605
0 0.44238683127572015 0.629 0.040778151889263 0.064
0 0.4074074074074074 0.52875 0.04489337822671156 0.0635
0 0.41395435839880285 0.45875 0.050505050505050504 0.0705
0 0.37392442947998505 0.414 0.052749719416386086 0.06
0 0.3217358772914328 0.377 0.051627384960718295 0.066
0 0.278526000748223 0.39375 0.05200149644594089 0.0675
0 0.24279835390946503 0.343 0.051627384960718295 0.074
0 0.19117096894874672 0.3075 0.05013093901982791 0.07
0 0.22334455667789002 0.26925 0.06285072951739619 0.0765
0 0.2832023943135054 0.31525 0.05312383090160868 0.0775
0 0.3292181069958848 0.291 0.05686494575383464 0.063
0 0.37130564908342684 0.34325 0.05798728020950243 0.0595
0 0.2680508791619903 0.22375 0.0609801720912832 0.0775
0 0.2141788252899364 0.19025 0.05873550317994763 0.0765
0 0.2564534231200898 0.109 0.06247661803217359 0.072
0 0.3219229330340441 0.12825 0.05424616535727647 0.0765
0 0.3759820426487093 0.1345 0.055368499812944255 0.089
0 0.36251402918069586 0.23125 0.05985783763561541 0.0765
0 0.43265993265993263 0.15175 0.05948372615039282 0.0825
0 0.43434343434343436 0.22825 0.05910961466517022 0.0705
0 0.395248784137673 0.2915 0.05499438832772166 0.078
0 0.4493078937523382 0.325 0.05686494575383464 0.078
0 0.4330340441451553 0.39275 0.04826038159371493 0.0635
0 0.508791619902731 0.15225 0.055368499812944255 0.0805
0 0.558361391694725 0.20075 0.0609801720912832 0.0795
0 0.5 0.23225 0.05798728020950243 0.0715
0 0.5482603815937149 0.268 0.049756827534605315 0.066
0 0.6281331836887393 0.169 0.05910961466517022 0.079
0 0.6827534605312383 0.2065 0.05387205387205387 0.081
0 0.5033670033670034 0.327 0.04826038159371493 0.086
0 0.4783015338570894 0.388 0.056490834268612046 0.06
0 0.5405910961466517 0.36575 0.05312383090160868 0.0705
0 0.5895997007108118 0.38325 0.05013093901982791 0.0715
0 0.6094276094276094 0.31475 0.06210250654695099 0.0745
0 0.6618032173587729 0.32575 0.04713804713804714 0.0775
0 0.7096894874672652 0.277 0.054620276842499066 0.073
0 0.4624017957351291 0.456 0.05312383090160868 0.068
0 0.5149644594089039 0.44 0.05200149644594089 0.075
0 0.565282454171343 0.44825 0.04564160119715675 0.0715
0 0.6096146651702207 0.471 0.04377104377104377 0.065
0 0.6459034792368126 0.417 0.0512532734754957 0.061
0 0.6627384960718294 0.4805 0.04601571268237935 0.065
0 0.6949120838009727 0.38375 0.05200149644594089 0.0545
0 0.7347549569771792 0.4135 0.054620276842499066 0.064
0 0.7209128320239432 0.47725 0.05611672278338945 0.0715
0 0.4620276842499065 0.515 0.0508791619902731 0.064
0 0.5110362888140666 0.531 0.048634493078937524 0.063
0 0.5613542835765059 0.5095 0.04601571268237935 0.061
0 0.5607931163486719 0.572 0.04489337822671156 0.062
0 0.5140291806958474 0.59175 0.04264870931537598 0.0565
0 0.468013468013468 0.5815 0.04264870931537598 0.057
0 0.48634493078937524 0.64475 0.04788627010849233 0.0555
0 0.5312383090160868 0.66325 0.04339693228582117 0.0545
0 0.455480733258511 0.6775 0.04451926674148896 0.048
0 0.5 0.697 0.04377104377104377 0.052
0 0.4940142162364385 0.75475 0.04451926674148896 0.0465
0 0.5443322109988776 0.75275 0.041900486344930786 0.0445
0 0.5624766180321736 0.71225 0.04451926674148896 0.0485
0 0.589038533482978 0.752 0.04601571268237935 0.048
0 0.6086793864571642 0.71425 0.0411522633744856 0.0535
0 0.6427235316124205 0.7575 0.03965581743359521 0.055
0 0.6453423120089786 0.689 0.04638982416760194 0.049
0 0.5755705200149644 0.64925 0.04601571268237935 0.0525
0 0.6262626262626263 0.6365 0.04788627010849233 0.043
0 0.6672278338945006 0.594 0.050505050505050504 0.045
0 0.6726524504302283 0.6465 0.04489337822671156 0.055
0 0.6041900486344931 0.53375 0.04788627010849233 0.0565
0 0.6502057613168725 0.5315 0.04564160119715675 0.056
0 0.6973438084549196 0.545 0.04713804713804714 0.052
0 0.7472876917321362 0.53675 0.050505050505050504 0.0635
0 0.7167976056864945 0.62975 0.04788627010849233 0.0555
0 0.7237186681631126 0.678 0.04302282080059858 0.053
0 0.689487467265245 0.74025 0.04489337822671156 0.0555
0 0.7635615413393191 0.613 0.051627384960718295 0.059
0 0.8071455293677516 0.585 0.05200149644594089 0.06
0 0.7981668537224093 0.51925 0.050505050505050504 0.0585
0 0.822484100261878 0.46025 0.04377104377104377 0.0675
0 0.7987280209502432 0.4 0.051627384960718295 0.064
0 0.7521511410400299 0.344 0.052749719416386086 0.066
0 0.7755331088664422 0.27225 0.06060606060606061 0.0715
0 0.8396932285821175 0.29625 0.05499438832772166 0.0655
0 0.8408155630377853 0.3655 0.05574261129816686 0.068
0 0.8683127572016461 0.41525 0.04638982416760194 0.0665
0 0.72334455667789 0.138 0.06247661803217359 0.087
0 0.754769921436588 0.2075 0.05723905723905724 0.077
0 0.8054620276842499 0.16375 0.06584362139917696 0.0895
0 0.8426861204638982 0.2015 0.0512532734754957 0.087
0 0.9023569023569024 0.31875 0.055368499812944255 0.0785
0 0.9092779648335204 0.36325 0.04826038159371493 0.0705
0 0.9584736251402918 0.316 0.05387205387205387 0.073
