0 0.1706676669167292 0.7645 0.06376594148537135 0.07
0 0.20273818454613654 0.8455 0.07164291072768192 0.076
0 0.2213053263315829 0.739 0.06676669167291822 0.086
0 0.27138034508627157 0.79325 0.06789197299324831 0.0815
0 0.3353338334583646 0.783 0.06526631657914479 0.084
0 0.1693548387096774 0.68975 0.059639909977494375 0.0955
0 0.15566391597899476 0.58075 0.07051762940735183 0.0835
0 0.18848462115528883 0.476 0.07464366091522881 0.077
0 0.24306076519129782 0.563 0.06151537884471118 0.087
0 0.24099774943735933 0.6605 0.07164291072768192 0.076
0 0.28394598649662417 0.71825 0.06451612903225806 0.0875
0 0.353900975243811 0.71425 0.06864216054013503 0.0905
0 0.4030382595648912 0.7515 0.06789197299324831 0.088
0 0.46324081020255065 0.77925 0.07126781695423856 0.0975
0 0.5313203300825207 0.75675 0.07464366091522881 0.0875
0 0.30532633158289574 0.6215 0.06751687921980495 0.087
0 0.3794073518379595 0.60375 0.06864216054013503 0.0785
0 0.4330457614403601 0.6535 0.07689422355588897 0.079
0 0.49381095273818454 0.64975 0.07389347336834208 0.0925
0 0.2888222055513878 0.47725 0.07201800450112528 0.0955
0 0.35108777194298574 0.5355 0.07126781695423856 0.085
0 0.3565266316579145 0.456 0.07164291072768192 0.082
0 0.41916729182295576 0.515 0.07464366091522881 0.093
0 0.45348837209302323 0.5705 0.07126781695423856 0.086
0 0.2991372843210803 0.39425 0.07614403600900226 0.0885
0 0.2978244561140285 0.30875 0.07651912978244561 0.0865
0 0.3707801950487622 0.313 0.07539384846211553 0.09
0 0.4139159789947487 0.37675 0.06939234808702176 0.0935
0 0.463615903975994 0.3155 0.07351837959489872 0.096
0 0.47243060765191297 0.21775 0.07614403600900226 0.0965
0 0.5292573143285821 0.27125 0.06976744186046512 0.1035
0 0.46399099774943736 0.43825 0.07801950487621906 0.0875
0 0.5354463615903976 0.45675 0.07164291072768192 0.0885
0 0.5249437359339835 0.55725 0.07764441110277569 0.0915
0 0.5714553638409603 0.64325 0.0708927231807952 0.1025
0 0.6087771942985747 0.751 0.08177044261065267 0.082
0 0.6674793698424606 0.68225 0.07764441110277569 0.0855
0 0.735933983495874 0.69775 0.07426856714178545 0.1005
0 0.8199549887471868 0.6965 0.0795198799699925 0.098
0 0.5776444111027756 0.51775 0.08027006751687922 0.0875
0 0.6344711177794449 0.57975 0.08064516129032258 0.0885
0 0.7139909977494373 0.604 0.07614403600900226 0.092
0 0.7773818454613654 0.6135 0.07464366091522881 0.104
0 0.8422730682670667 0.61625 0.06339084771192798 0.0955
0 0.8690922730682671 0.53275 0.07651912978244561 0.0845
0 0.7959489872468117 0.51175 0.072768192048012 0.0955
0 0.7261815453863466 0.5225 0.07651912978244561 0.097
0 0.6607276819204801 0.49325 0.07464366091522881 0.0965
0 0.6123405851462865 0.42225 0.07464366091522881 0.1015
0 0.5622655663915979 0.361 0.07576894223555888 0.092
0 0.5875843960990248 0.2245 0.07989497374343586 0.104
0 0.6331582895723931 0.3 0.08252063015753938 0.096
0 0.6952363090772693 0.35475 0.06864216054013503 0.1025
0 0.7394973743435859 0.42875 0.07689422355588897 0.1035
0 0.8012003000750187 0.40375 0.07351837959489872 0.0985
0 0.8750937734433608 0.39775 0.072768192048012 0.1075
0 0.8756564141035259 0.312 0.07389347336834208 0.099
0 0.7753188297074268 0.296 0.07426856714178545 0.109
0 0.6511627906976745 0.17575 0.08177044261065267 0.0975
0 0.7012378094523631 0.263 0.07314328582145536 0.11
0 0.7372468117029257 0.18075 0.08289572393098274 0.1035
0 0.8259564891222806 0.22125 0.0795198799699925 0.1025
