0 0.13578394598649662 0.31625 0.0345086271567892 0.0575
0 0.13240810202550637 0.37325 0.035258814703675916 0.0545
0 0.13578394598649662 0.42175 0.03825956489122281 0.0525
0 0.13915978994748687 0.4715 0.03225806451612903 0.053
0 0.16447861965491373 0.477 0.038634658664666165 0.058
0 0.15191297824456115 0.52275 0.03675918979744936 0.0575
0 0.18529632408102026 0.56775 0.03825956489122281 0.0595
0 0.16822955738934733 0.60675 0.03788447111777944 0.0555
0 0.20798949737434358 0.641 0.03938484621155289 0.053
0 0.2507501875468867 0.599 0.04013503375843961 0.057
0 0.2970742685671418 0.649 0.042010502625656414 0.059
0 0.35765191297824456 0.63675 0.03563390847711928 0.0595
0 0.35277569392348085 0.576 0.043135783945986494 0.066
0 0.326894223555889 0.5375 0.04388597149287322 0.062
0 0.28113278319579893 0.523 0.04088522130532633 0.059
0 0.2526256564141035 0.4955 0.04088522130532633 0.052
0 0.21867966991747936 0.50025 0.03975993998499625 0.0595
0 0.22449362340585147 0.55225 0.03938484621155289 0.0575
0 0.19148537134283572 0.4255 0.036384096024006 0.058
0 0.2192423105776444 0.41075 0.038634658664666165 0.0545
0 0.2548762190547637 0.4435 0.04013503375843961 0.06
0 0.2865716429107277 0.465 0.04276069017254314 0.066
0 0.33214553638409605 0.46825 0.04238559639909977 0.0615
0 0.31639159789947485 0.41325 0.03938484621155289 0.0595
0 0.2777569392348087 0.367 0.037134283570892726 0.059
0 0.24212303075768943 0.37075 0.038634658664666165 0.0565
0 0.21005251312828208 0.346 0.03675918979744936 0.053
0 0.17085521380345087 0.36725 0.04538634658664666 0.0505
0 0.18829707426856715 0.3165 0.03825956489122281 0.054
0 0.20667666916729183 0.261 0.037509377344336084 0.062
0 0.2327456864216054 0.289 0.03938484621155289 0.057
0 0.26800450112528135 0.26275 0.04388597149287322 0.0635
0 0.29651162790697677 0.2775 0.038634658664666165 0.061
0 0.28750937734433607 0.22175 0.04388597149287322 0.0605
0 0.3370217554388597 0.2135 0.036384096024006 0.057
0 0.3630907726931733 0.18425 0.04051012753188297 0.0535
0 0.37603150787696926 0.236 0.037134283570892726 0.056
0 0.33233308327081773 0.27075 0.03825956489122281 0.0595
0 0.2738184546136534 0.32125 0.03900975243810953 0.0475
0 0.31376594148537135 0.33175 0.04088522130532633 0.0545
0 0.36196549137284323 0.324 0.03825956489122281 0.057
0 0.34339834958739685 0.3775 0.04238559639909977 0.062
0 0.3580270067516879 0.4305 0.04013503375843961 0.053
0 0.3915978994748687 0.584 0.042010502625656414 0.06
0 0.4332333083270818 0.599 0.03975993998499625 0.058
0 0.4754313578394599 0.6135 0.04088522130532633 0.05
0 0.4966241560390098 0.5975 0.04351087771942986 0.051
0 0.4617404351087772 0.5705 0.04351087771942986 0.056
0 0.41841710427606904 0.5445 0.046136534133533386 0.05
0 0.36609152288072017 0.53525 0.04051012753188297 0.0615
0 0.3825956489122281 0.47575 0.03975993998499625 0.0605
0 0.4109152288072018 0.4885 0.04238559639909977 0.054
0 0.4512378094523631 0.5025 0.04051012753188297 0.055
0 0.5037509377344336 0.53775 0.04801200300075019 0.0625
0 0.5350712678169542 0.55975 0.04463615903975994 0.0645
0 0.5373218304576144 0.50425 0.04688672168042011 0.0615
0 0.5466991747936985 0.66625 0.04463615903975994 0.0595
0 0.5834583645911477 0.644 0.04838709677419355 0.067
0 0.5864591147786947 0.57175 0.04913728432108027 0.0595
0 0.581020255063766 0.51625 0.04876219054763691 0.0655
0 0.5060015003750937 0.4695 0.04276069017254314 0.062
0 0.4662415603900975 0.4555 0.03900975243810953 0.06
0 0.4274193548387097 0.434 0.04088522130532633 0.059
0 0.4032258064516129 0.408 0.04351087771942986 0.056
0 0.3919729932483121 0.358 0.03900975243810953 0.049
0 0.3927231807951988 0.3055 0.04051012753188297 0.058
0 0.42179294823705926 0.32975 0.043135783945986494 0.0545
0 0.4373593398349587 0.382 0.03900975243810953 0.057
0 0.4679294823705927 0.37175 0.041635408852213056 0.0595
0 0.5007501875468867 0.4045 0.04801200300075019 0.063
0 0.5388222055513878 0.43975 0.04688672168042011 0.0695
0 0.5682670667666917 0.3785 0.04426106526631658 0.065
0 0.5262565641410353 0.3635 0.04576144036009002 0.064
0 0.4737434358589647 0.31675 0.04351087771942986 0.0585
0 0.5253188297074268 0.30975 0.04388597149287322 0.0615
0 0.42085521380345087 0.271 0.047261815453863466 0.063
0 0.4291072768192048 0.2025 0.04351087771942986 0.063
0 0.4549887471867967 0.23925 0.04276069017254314 0.0605
0 0.4876219054763691 0.199 0.042010502625656414 0.061
0 0.4973743435858965 0.25 0.04576144036009002 0.062
0 0.5665791447861965 0.25375 0.04088522130532633 0.0585
0 0.5690172543135784 0.311 0.04351087771942986 0.06
0 0.6057764441110277 0.347 0.04801200300075019 0.064
0 0.609714928732183 0.2875 0.04388597149287322 0.068
0 0.6175918979744937 0.23 0.04463615903975994 0.061
0 0.6500375093773444 0.3145 0.04426106526631658 0.061
0 0.6935483870967742 0.3005 0.04276069017254314 0.062
0 0.6834208552138035 0.24375 0.04576144036009002 0.0605
0 0.7256189047261815 0.22675 0.0536384096024006 0.0655
0 0.7526256564141035 0.2745 0.047636909227306824 0.062
0 0.7918229557389347 0.29925 0.046511627906976744 0.0565
0 0.8338334583645911 0.2765 0.04576144036009002 0.061
0 0.7325581395348837 0.35075 0.05251312828207052 0.0645
0 0.7361215303825956 0.407 0.04988747186796699 0.061
0 0.6933608402100525 0.373 0.04538634658664666 0.064
0 0.6483495873968492 0.3795 0.05138784696174044 0.061
0 0.5952738184546137 0.4475 0.047261815453863466 0.062
0 0.6357839459864967 0.437 0.0450112528132033 0.06
0 0.6837959489872468 0.43175 0.05026256564141035 0.0565
0 0.6611027756939235 0.49325 0.04463615903975994 0.0655
0 0.61384096024006 0.49325 0.04913728432108027 0.0635
0 0.6275318829707427 0.54775 0.04351087771942986 0.0515
0 0.6691672918229558 0.577 0.051762940735183796 0.062
0 0.7001125281320331 0.533 0.04688672168042011 0.064
0 0.7381845461365342 0.49375 0.04801200300075019 0.0715
0 0.767066766691673 0.53475 0.046511627906976744 0.0715
0 0.7368717179294824 0.57825 0.047636909227306824 0.0615
0 0.6252813203300825 0.62375 0.04951237809452363 0.0695
0 0.6427231807951987 0.66725 0.05138784696174044 0.0575
0 0.6933608402100525 0.66275 0.046136534133533386 0.0695
0 0.6946736684171043 0.5955 0.046511627906976744 0.049
0 0.7389347336834209 0.62 0.05026256564141035 0.053
0 0.7370592648162041 0.681 0.047261815453863466 0.061
0 0.7085521380345087 0.7425 0.04576144036009002 0.06
0 0.7648162040510128 0.72325 0.04426106526631658 0.0585
0 0.8032633158289573 0.7435 0.04463615903975994 0.057
0 0.7811327831957989 0.6715 0.04463615903975994 0.063
0 0.8105776444111028 0.68525 0.04276069017254314 0.0575
0 0.786384096024006 0.5965 0.047636909227306824 0.058
0 0.808702175543886 0.624 0.04276069017254314 0.058
0 0.812828207051763 0.54475 0.046511627906976744 0.0655
0 0.8012003000750187 0.47925 0.04951237809452363 0.0645
0 0.7983870967741935 0.41675 0.047636909227306824 0.0575
0 0.8066391597899475 0.359 0.05438859714928732 0.065
0 0.8493998499624906 0.32925 0.050637659414853715 0.0545
0 0.9039759939984996 0.34725 0.05476369092273068 0.0685
0 0.8546511627906976 0.383 0.0536384096024006 0.065
0 0.890285071267817 0.427 0.05138784696174044 0.064
0 0.9229182295573893 0.458 0.04688672168042011 0.066
0 0.8396474118529632 0.44025 0.047636909227306824 0.0635
0 0.8514628657164292 0.52125 0.046511627906976744 0.0625
0 0.9146661665416355 0.52275 0.0536384096024006 0.0595
0 0.8561515378844711 0.56825 0.043135783945986494 0.0565
0 0.8829707426856714 0.604 0.03675918979744936 0.053
0 0.8612153038259565 0.6345 0.04876219054763691 0.069
0 0.8728432108027007 0.69225 0.05026256564141035 0.0615
0 0.8619654913728432 0.75825 0.04951237809452363 0.0625
