0 0.11496624156039009 0.2205 0.046136534133533386 0.057
0 0.16785446361590398 0.2395 0.03938484621155289 0.057
0 0.23124531132783196 0.154 0.043135783945986494 0.062
0 0.38484621155288823 0.2545 0.023255813953488372 0.037
0 0.09508627156789197 0.45925 0.03113278319579895 0.0415
0 0.11515378844711177 0.44175 0.03225806451612903 0.0405
0 0.13540885221305327 0.4085 0.029257314328582147 0.033
0 0.14309827456864216 0.377 0.03188297074268567 0.04
0 0.1646661665416354 0.40775 0.02625656414103526 0.0315
0 0.18192048012003 0.419 0.03075768942235559 0.036
0 0.15341335333833458 0.4385 0.02700675168792198 0.039
0 0.1714178544636159 0.3555 0.0277569392348087 0.038
0 0.18567141785446362 0.38025 0.03075768942235559 0.0385
0 0.20273818454613654 0.347 0.034133533383345835 0.038
0 0.21849212303075768 0.385 0.03338334583645911 0.046
0 0.2166166541635409 0.42775 0.03563390847711928 0.0395
0 0.2423105776444111 0.449 0.030007501875468866 0.036
0 0.17929482370592648 0.458 0.035258814703675916 0.04
0 0.1686046511627907 0.48425 0.028132033008252063 0.0395
0 0.18848462115528883 0.5 0.028882220555138786 0.04
0 0.13859714928732184 0.4885 0.03188297074268567 0.043
0 0.1322205551387847 0.5215 0.030382595648912228 0.039
0 0.08945986496624156 0.501 0.03188297074268567 0.036
0 0.10371342835708927 0.5275 0.036384096024006 0.039
0 0.12153038259564891 0.5645 0.035258814703675916 0.031
0 0.1551012753188297 0.5665 0.03188297074268567 0.031
0 0.17385596399099776 0.586 0.028882220555138786 0.042
0 0.18360840210052512 0.6185 0.028132033008252063 0.045
0 0.15003750937734434 0.61875 0.030007501875468866 0.0355
0 0.12115528882220555 0.599 0.03225806451612903 0.04
0 0.213615903975994 0.5795 0.03338334583645911 0.037
0 0.18904726181545387 0.541 0.024756189047261814 0.036
0 0.2124906226556639 0.54925 0.034133533383345835 0.0315
0 0.2154913728432108 0.52175 0.029632408102025505 0.0355
0 0.2479369842460615 0.549 0.0277569392348087 0.031
0 0.25806451612903225 0.51875 0.02700675168792198 0.0335
0 0.21624156039009754 0.47375 0.029632408102025505 0.0395
0 0.23593398349587397 0.49225 0.02625656414103526 0.0405
0 0.25618904726181546 0.483 0.024756189047261814 0.04
0 0.21399099774943736 0.626 0.03113278319579895 0.04
0 0.24099774943735933 0.61775 0.028882220555138786 0.0375
0 0.2711927981995499 0.62275 0.03075768942235559 0.0315
0 0.27831957989497375 0.65125 0.03150787696924231 0.0405
0 0.31301575393848463 0.68575 0.034133533383345835 0.0405
0 0.3435858964741185 0.703 0.025506376594148537 0.039
0 0.36515378844711177 0.717 0.028882220555138786 0.034
0 0.3495873968492123 0.742 0.028507126781695424 0.039
0 0.36627906976744184 0.77175 0.025131282820705175 0.0435
0 0.3689047261815454 0.8115 0.025881470367591898 0.041
0 0.3870967741935484 0.8385 0.029257314328582147 0.039
0 0.4157914478619655 0.843 0.02663165791447862 0.045
0 0.4375468867216804 0.8115 0.020630157539384845 0.037
0 0.44804951237809454 0.78375 0.02288072018004501 0.0425
0 0.4112903225806452 0.7535 0.030382595648912228 0.041
0 0.43454613653413354 0.7485 0.028132033008252063 0.031
0 0.3994748687171793 0.71725 0.030007501875468866 0.0385
0 0.42704426106526633 0.7115 0.029632408102025505 0.05
0 0.44992498124531133 0.7145 0.02663165791447862 0.039
0 0.44204801200300076 0.67825 0.025131282820705175 0.0385
0 0.38953488372093026 0.677 0.030382595648912228 0.04
0 0.3642160540135034 0.67825 0.029257314328582147 0.0415
0 0.3420855213803451 0.65475 0.025506376594148537 0.0385
0 0.32801950487621906 0.625 0.028132033008252063 0.038
0 0.3537134283570893 0.612 0.0277569392348087 0.032
0 0.31564141035258814 0.589 0.02663165791447862 0.038
0 0.3531507876969242 0.58175 0.03113278319579895 0.0405
0 0.37809452363090773 0.587 0.024756189047261814 0.038
0 0.4011627906976744 0.60475 0.02288072018004501 0.0365
0 0.409039759939985 0.5725 0.028882220555138786 0.038
0 0.43342085521380347 0.5795 0.024381095273818456 0.038
0 0.4242310577644411 0.61375 0.02625656414103526 0.0345
0 0.43529632408102026 0.63925 0.02663165791447862 0.0385
0 0.4111027756939235 0.6465 0.025506376594148537 0.041
0 0.38447111777944487 0.638 0.0277569392348087 0.036
0 0.2758814703675919 0.56575 0.028882220555138786 0.0375
0 0.28750937734433607 0.53775 0.028132033008252063 0.0325
0 0.30795198799699924 0.5535 0.023255813953488372 0.034
0 0.3377719429857464 0.54 0.028882220555138786 0.038
0 0.3150787696924231 0.52125 0.03150787696924231 0.0415
0 0.291072768192048 0.5055 0.028507126781695424 0.038
0 0.2891972993248312 0.4705 0.03225806451612903 0.035
0 0.32614403600900227 0.48275 0.028882220555138786 0.0405
0 0.3400225056264066 0.50275 0.028132033008252063 0.0315
0 0.36552888222055513 0.517 0.03113278319579895 0.041
0 0.39234808702175544 0.52725 0.028507126781695424 0.0385
0 0.42104276069017255 0.533 0.02213053263315829 0.038
0 0.3600900225056264 0.47725 0.02625656414103526 0.0365
0 0.3812828207051763 0.475 0.028132033008252063 0.038
0 0.4111027756939235 0.48975 0.028507126781695424 0.0365
0 0.3073893473368342 0.444 0.028882220555138786 0.03
0 0.27344336084021004 0.4285 0.030007501875468866 0.036
0 0.25637659414853714 0.40725 0.025881470367591898 0.0345
0 0.2659414853713428 0.37825 0.03225806451612903 0.0435
0 0.26069017254313576 0.34975 0.03075768942235559 0.0355
0 0.24643660915228807 0.3215 0.03075768942235559 0.039
0 0.26200300075018756 0.30825 0.01837959489872468 0.0275
0 0.3113278319579895 0.30725 0.03150787696924231 0.0375
0 0.3148912228057014 0.3415 0.03113278319579895 0.035
0 0.3454613653413353 0.305 0.029257314328582147 0.037
0 0.3467741935483871 0.341 0.020630157539384845 0.034
0 0.3546511627906977 0.36775 0.029632408102025505 0.0355
0 0.32989497374343585 0.3795 0.028882220555138786 0.036
0 0.2972618154538635 0.3615 0.025881470367591898 0.035
0 0.3032633158289572 0.4045 0.02738184546136534 0.036
0 0.3325206301575394 0.4145 0.025881470367591898 0.035
0 0.3563390847711928 0.42425 0.025506376594148537 0.0365
0 0.37209302325581395 0.43725 0.028507126781695424 0.0395
0 0.37865716429107277 0.4015 0.029632408102025505 0.036
0 0.39816204051012755 0.41875 0.028132033008252063 0.0315
0 0.41016504126031506 0.446 0.025131282820705175 0.036
0 0.3810952738184546 0.365 0.02700675168792198 0.036
0 0.37284321080270066 0.32875 0.025506376594148537 0.0305
0 0.37303075768942234 0.2955 0.028882220555138786 0.035
0 0.4022880720180045 0.307 0.025131282820705175 0.034
0 0.3975993998499625 0.32875 0.02700675168792198 0.0375
0 0.4234808702175544 0.3475 0.023255813953488372 0.037
0 0.427231807951988 0.3155 0.0277569392348087 0.035
0 0.4105401350337584 0.38825 0.02738184546136534 0.0395
0 0.423105776444111 0.41025 0.02700675168792198 0.0355
0 0.4347336834208552 0.38 0.02700675168792198 0.036
0 0.44786196549137286 0.41125 0.02700675168792198 0.0355
0 0.4384846211552888 0.44175 0.03075768942235559 0.0385
0 0.43717179294823705 0.4765 0.024381095273818456 0.039
0 0.4465491372843211 0.51175 0.030382595648912228 0.0425
0 0.45930232558139533 0.549 0.02663165791447862 0.032
0 0.45930232558139533 0.584 0.023630907726931733 0.044
0 0.46230307576894225 0.31375 0.02738184546136534 0.0305
0 0.45817704426106526 0.34825 0.028882220555138786 0.0345
0 0.4838709677419355 0.3525 0.02700675168792198 0.034
0 0.4964366091522881 0.32575 0.028882220555138786 0.0325
0 0.5078769692423106 0.35075 0.024006001500375095 0.0335
0 0.5202550637659414 0.33375 0.018754688672168042 0.0235
0 0.5376969242310577 0.327 0.02663165791447862 0.034
0 0.5695798949737434 0.339 0.02213053263315829 0.022
0 0.5667666916729183 0.35925 0.028507126781695424 0.0315
0 0.581582895723931 0.3755 0.019129782445611403 0.025
0 0.5847711927981996 0.3595 0.0172543135783946 0.025
0 0.5988372093023255 0.3755 0.024381095273818456 0.033
0 0.6164666166541636 0.38275 0.015378844711177795 0.0215
0 0.6149662415603901 0.39825 0.01687921980495124 0.0265
0 0.6007126781695424 0.40425 0.019129782445611403 0.0275
0 0.5703300825206301 0.39275 0.028132033008252063 0.0355
0 0.5343210802700675 0.367 0.023630907726931733 0.032
0 0.4998124531132783 0.387 0.02738184546136534 0.032
0 0.5247561890472618 0.40075 0.023255813953488372 0.0305
0 0.508252063015754 0.417 0.03075768942235559 0.034
0 0.5292573143285821 0.4285 0.0277569392348087 0.041
0 0.4686796699174794 0.38325 0.02663165791447862 0.0355
0 0.4773068267066767 0.4225 0.029632408102025505 0.033
0 0.4579894973743436 0.46225 0.02625656414103526 0.0415
0 0.4808702175543886 0.45625 0.028507126781695424 0.0375
0 0.4990622655663916 0.4835 0.03113278319579895 0.035
0 0.5196924231057765 0.50425 0.024381095273818456 0.0305
0 0.46905476369092275 0.49475 0.028882220555138786 0.0315
0 0.4808702175543886 0.51875 0.030007501875468866 0.0315
0 0.5076894223555889 0.53175 0.02738184546136534 0.0325
0 0.4904351087771943 0.55525 0.03188297074268567 0.0405
0 0.5013128282070518 0.58875 0.02738184546136534 0.0425
0 0.5198799699924981 0.56675 0.02700675168792198 0.0365
0 0.5384471117779445 0.53925 0.02738184546136534 0.0355
0 0.5611402850712678 0.51625 0.02700675168792198 0.0335
0 0.5382595648912228 0.47 0.028507126781695424 0.038
0 0.5512003000750187 0.445 0.024381095273818456 0.032
0 0.5647036759189797 0.5515 0.029632408102025505 0.043
0 0.5461365341335334 0.5765 0.028507126781695424 0.039
0 0.4737434358589647 0.61125 0.02625656414103526 0.0415
0 0.4626781695423856 0.64925 0.025131282820705175 0.0385
0 0.4857464366091523 0.6605 0.0277569392348087 0.035
0 0.49868717179294825 0.62875 0.02738184546136534 0.0345
0 0.4703675918979745 0.692 0.02700675168792198 0.041
0 0.4669917479369842 0.74975 0.0277569392348087 0.0375
0 0.4838709677419355 0.73425 0.02700675168792198 0.0355
0 0.5005626406601651 0.7595 0.030382595648912228 0.028
0 0.5086271567891973 0.7985 0.028507126781695424 0.045
0 0.47561890472618157 0.785 0.028507126781695424 0.036
0 0.4821830457614404 0.81425 0.023630907726931733 0.0355
0 0.4960615153788447 0.8375 0.029632408102025505 0.041
0 0.5294448612153039 0.84 0.030382595648912228 0.04
0 0.5542010502625656 0.8425 0.02738184546136534 0.04
0 0.536384096024006 0.8845 0.029257314328582147 0.043
0 0.5731432858214554 0.897 0.033008252063015754 0.038
0 0.5900225056264066 0.86775 0.03075768942235559 0.0395
0 0.6037134283570893 0.8975 0.030382595648912228 0.035
0 0.5225056264066017 0.93975 0.03075768942235559 0.0465
0 0.5521380345086272 0.93375 0.030007501875468866 0.0425
0 0.5877719429857464 0.9415 0.03075768942235559 0.043
0 0.6280945236309077 0.92525 0.03113278319579895 0.0425
0 0.6522880720180045 0.90525 0.03150787696924231 0.0415
0 0.6329707426856714 0.85475 0.028132033008252063 0.0395
0 0.5106901725431358 0.6895 0.03338334583645911 0.037
0 0.5110652663165791 0.729 0.02738184546136534 0.039
0 0.5258814703675919 0.76425 0.02700675168792198 0.0355
0 0.5330082520630157 0.80075 0.023255813953488372 0.0415
0 0.5652663165791448 0.77775 0.035258814703675916 0.0315
0 0.5663915978994749 0.80975 0.03150787696924231 0.0365
0 0.5570142535633908 0.744 0.03225806451612903 0.04
0 0.5339459864966242 0.71225 0.03188297074268567 0.0395
0 0.5568267066766691 0.68875 0.03113278319579895 0.0325
0 0.5285071267816954 0.66025 0.03225806451612903 0.0375
0 0.5461365341335334 0.6455 0.02700675168792198 0.035
0 0.5442610652663166 0.615 0.029257314328582147 0.041
0 0.5750187546886721 0.63825 0.03075768942235559 0.0415
0 0.5812078019504876 0.6715 0.029632408102025505 0.029
0 0.5793323330832708 0.7045 0.025881470367591898 0.041
0 0.5823330832708177 0.737 0.02663165791447862 0.038
0 0.5984621155288822 0.77475 0.032633158289572396 0.0435
0 0.6121530382595649 0.805 0.033008252063015754 0.038
0 0.6421605401350338 0.797 0.033008252063015754 0.041
0 0.6147786946736684 0.7395 0.0277569392348087 0.039
0 0.6466616654163541 0.754 0.030007501875468866 0.042
0 0.6025881470367592 0.70575 0.025131282820705175 0.0345
0 0.6324081020255063 0.71425 0.03225806451612903 0.0335
0 0.6612903225806451 0.846 0.024756189047261814 0.036
0 0.6607276819204801 0.8675 0.02663165791447862 0.031
0 0.6832333083270817 0.825 0.025881470367591898 0.038
0 0.6755438859714928 0.789 0.0277569392348087 0.035
0 0.7154913728432108 0.80475 0.036384096024006 0.0395
0 0.6654163540885222 0.7345 0.028507126781695424 0.031
0 0.6807951987997 0.75575 0.029257314328582147 0.0365
0 0.7153038259564891 0.7605 0.0277569392348087 0.037
0 0.6723555888972244 0.69975 0.028882220555138786 0.0385
0 0.7098649662415604 0.71175 0.028132033008252063 0.0375
0 0.7250562640660165 0.73075 0.0277569392348087 0.0355
0 0.7340585146286571 0.68775 0.02625656414103526 0.0385
0 0.7496249062265566 0.659 0.028132033008252063 0.036
0 0.7154913728432108 0.661 0.025881470367591898 0.039
0 0.6892348087021756 0.66 0.03188297074268567 0.042
0 0.6579144786196549 0.64575 0.028507126781695424 0.0415
0 0.6746061515378845 0.62575 0.02738184546136534 0.0315
0 0.6250937734433608 0.63075 0.03113278319579895 0.0415
0 0.6264066016504126 0.67325 0.030007501875468866 0.0395
0 0.5960240060015004 0.62 0.025506376594148537 0.044
0 0.5678919729932483 0.6025 0.030007501875468866 0.035
0 0.5937734433608403 0.574 0.023255813953488372 0.039
0 0.6125281320330083 0.586 0.02175543885971493 0.041
0 0.6434733683420856 0.6005 0.03338334583645911 0.039
0 0.6809827456864216 0.59575 0.028882220555138786 0.0345
0 0.7173668417104276 0.617 0.028132033008252063 0.046
0 0.7381845461365342 0.62275 0.024006001500375095 0.0415
0 0.7445611402850713 0.58325 0.033008252063015754 0.0375
0 0.7053638409602401 0.58225 0.025881470367591898 0.0345
0 0.6822955738934734 0.55875 0.03075768942235559 0.0425
0 0.6524756189047262 0.56875 0.028132033008252063 0.0345
0 0.6282820705176294 0.5425 0.02625656414103526 0.037
0 0.7034883720930233 0.539 0.028882220555138786 0.038
0 0.7439984996249063 0.545 0.03188297074268567 0.036
0 0.7156789197299325 0.51225 0.028507126781695424 0.0355
0 0.6702925731432858 0.5185 0.02625656414103526 0.035
0 0.6292198049512379 0.51825 0.025881470367591898 0.0265
0 0.6001500375093773 0.52175 0.028507126781695424 0.0315
0 0.595086271567892 0.491 0.03338334583645911 0.036
0 0.6344711177794449 0.4905 0.028882220555138786 0.043
0 0.6755438859714928 0.4825 0.028507126781695424 0.042
0 0.6914853713428357 0.4905 0.019879969992498126 0.039
0 0.5836459114778695 0.45425 0.033008252063015754 0.0345
0 0.5797074268567142 0.429 0.03188297074268567 0.029
0 0.6082145536384096 0.437 0.025881470367591898 0.036
0 0.6316579144786196 0.42425 0.02250562640660165 0.0395
0 0.6609152288072018 0.44 0.025506376594148537 0.036
0 0.687171792948237 0.4325 0.0277569392348087 0.032
0 0.6768567141785446 0.4155 0.019129782445611403 0.024
0 0.6567891972993248 0.40725 0.025506376594148537 0.0365
