0 0.21342835708927232 0.1505 0.08552138034508627 0.104
0 0.31301575393848463 0.1555 0.08139534883720931 0.104
0 0.17366841710427608 0.24525 0.08327081770442611 0.0965
0 0.1389722430607652 0.3355 0.08364591147786947 0.101
0 0.22111777944486122 0.367 0.07764441110277569 0.105
0 0.15828957239309827 0.42825 0.07726931732933233 0.0995
0 0.1329707426856714 0.545 0.08664666166541636 0.096
0 0.20461365341335333 0.58775 0.08589647411852963 0.0935
0 0.22843210802700675 0.47825 0.07876969242310577 0.1085
0 0.2923855963990998 0.3285 0.08364591147786947 0.098
0 0.36027756939234806 0.255 0.07914478619654913 0.107
0 0.44204801200300076 0.2525 0.07914478619654913 0.104
0 0.40378844711177797 0.34425 0.07764441110277569 0.0935
0 0.3083270817704426 0.41675 0.08102025506376594 0.0905
0 0.39141035258814705 0.429 0.07539384846211553 0.101
0 0.33833458364591146 0.5 0.07201800450112528 0.099
0 0.28000750187546886 0.5565 0.08139534883720931 0.1
0 0.2865716429107277 0.6525 0.08102025506376594 0.088
0 0.2912603150787697 0.74325 0.07389347336834208 0.0995
0 0.35521380345086273 0.79575 0.072768192048012 0.0995
0 0.36384096024006 0.6865 0.06601650412603151 0.102
0 0.4167291822955739 0.83975 0.07351837959489872 0.1005
0 0.4857464366091523 0.33425 0.07426856714178545 0.1035
0 0.4634283570892723 0.421 0.07614403600900226 0.104
0 0.5596399099774944 0.32825 0.07726931732933233 0.0975
0 0.5549512378094523 0.4265 0.07389347336834208 0.106
0 0.505251312828207 0.5065 0.08027006751687922 0.093
0 0.4232933233308327 0.5535 0.08364591147786947 0.085
0 0.42779444861215304 0.66 0.07539384846211553 0.097
0 0.43454613653413354 0.749 0.07839459864966242 0.088
0 0.47580645161290325 0.86825 0.07314328582145536 0.0825
0 0.5331957989497375 0.9215 0.07014253563390847 0.089
0 0.5975243810952738 0.91925 0.06826706676669167 0.0965
0 0.5671417854463616 0.85325 0.0690172543135784 0.0955
0 0.6397224306076519 0.86775 0.07014253563390847 0.0985
0 0.5031882970742686 0.77825 0.07014253563390847 0.0925
0 0.49193548387096775 0.6865 0.06339084771192798 0.095
0 0.49943735933983496 0.60475 0.07914478619654913 0.0935
0 0.6159039759939985 0.391 0.07051762940735183 0.096
0 0.6759189797449362 0.35825 0.06601650412603151 0.0915
0 0.6755438859714928 0.4525 0.07201800450112528 0.102
0 0.6646661665416355 0.53675 0.07351837959489872 0.0825
0 0.5633908477119279 0.5625 0.07201800450112528 0.09
0 0.5502625656414104 0.647 0.07126781695423856 0.086
0 0.5446361590397599 0.7235 0.06376594148537135 0.089
0 0.609714928732183 0.77375 0.06789197299324831 0.0945
0 0.6082145536384096 0.69275 0.07314328582145536 0.0915
0 0.6972993248312078 0.8045 0.06376594148537135 0.105
0 0.7368717179294824 0.82475 0.06639159789947487 0.0895
0 0.6241560390097525 0.60025 0.06826706676669167 0.0935
0 0.7771942985746436 0.4625 0.06751687921980495 0.088
0 0.732933233308327 0.5145 0.07351837959489872 0.096
0 0.6866091522880721 0.6185 0.07689422355588897 0.092
0 0.6791072768192048 0.6985 0.0671417854463616 0.09
0 0.7274943735933983 0.74825 0.07539384846211553 0.0945
0 0.8107651912978244 0.7765 0.061890472618154536 0.089
0 0.7938859714928732 0.69725 0.0671417854463616 0.0915
0 0.722993248312078 0.66 0.0641410352588147 0.092
0 0.8323330832708177 0.61825 0.07726931732933233 0.1015
0 0.7597524381095274 0.57525 0.0708927231807952 0.0885
0 0.8197674418604651 0.53075 0.06939234808702176 0.0895
0 0.6082145536384096 0.481 0.06564141035258815 0.083
