0 0.07220555138784696 0.516 0.04463615903975994 0.06
0 0.08008252063015754 0.57625 0.043135783945986494 0.0575
0 0.11459114778694673 0.5865 0.04688672168042011 0.059
0 0.14591147786946737 0.6195 0.04351087771942986 0.066
0 0.16354088522130533 0.54525 0.04426106526631658 0.0675
0 0.10896474118529632 0.50125 0.04538634658664666 0.0635
0 0.1524756189047262 0.4895 0.05138784696174044 0.056
0 0.09171042760690172 0.42975 0.04913728432108027 0.0595
0 0.1292198049512378 0.43625 0.04538634658664666 0.0615
0 0.12434358589647412 0.37 0.04913728432108027 0.067
0 0.17385596399099776 0.41425 0.04913728432108027 0.0655
0 0.1837959489872468 0.3585 0.0450112528132033 0.06
0 0.21305326331582897 0.312 0.04426106526631658 0.061
0 0.24943735933983496 0.34925 0.05326331582895724 0.0645
0 0.2920105026256564 0.31025 0.04988747186796699 0.0605
0 0.30795198799699924 0.358 0.05101275318829707 0.066
0 0.30701425356339085 0.41775 0.04688672168042011 0.0625
0 0.2128657164291073 0.37875 0.04688672168042011 0.0635
0 0.21567891972993247 0.43825 0.051762940735183796 0.0585
0 0.24981245311327832 0.4095 0.05101275318829707 0.064
0 0.28188297074268565 0.462 0.052138034508627154 0.063
0 0.23424606151537886 0.49 0.04538634658664666 0.068
0 0.20198799699924982 0.52975 0.04388597149287322 0.0685
0 0.19879969992498125 0.62575 0.04576144036009002 0.0675
0 0.21999249812453114 0.59175 0.04088522130532633 0.0645
0 0.2591897974493623 0.5885 0.04801200300075019 0.063
0 0.2777569392348087 0.53275 0.04988747186796699 0.0575
0 0.2575018754688672 0.6575 0.046136534133533386 0.065
0 0.24812453113278318 0.7175 0.046136534133533386 0.07
0 0.2845086271567892 0.704 0.04913728432108027 0.056
0 0.31114028507126784 0.668 0.05588897224306077 0.066
0 0.3265191297824456 0.72525 0.04838709677419355 0.0595
0 0.36552888222055513 0.7425 0.05288822205551388 0.065
0 0.36365341335333834 0.67725 0.04913728432108027 0.0615
0 0.3876594148537134 0.62375 0.04913728432108027 0.0655
0 0.40960240060015 0.6735 0.04576144036009002 0.059
0 0.3182670667666917 0.6005 0.04913728432108027 0.06
0 0.32145536384096024 0.541 0.04276069017254314 0.061
0 0.3640285071267817 0.55775 0.043135783945986494 0.0595
0 0.40266316579144784 0.56825 0.04988747186796699 0.0605
0 0.3493998499624906 0.5 0.04913728432108027 0.064
0 0.34733683420855216 0.4385 0.05401350337584396 0.065
0 0.39403600900225055 0.45025 0.052138034508627154 0.0635
0 0.34996249062265566 0.37025 0.05326331582895724 0.0665
0 0.40378844711177797 0.381 0.047636909227306824 0.067
0 0.40960240060015 0.25375 0.05401350337584396 0.0655
0 0.4609902475618905 0.2445 0.047261815453863466 0.059
0 0.4714928732183046 0.306 0.05101275318829707 0.068
0 0.5172543135783946 0.30525 0.0450112528132033 0.0675
0 0.5472618154538634 0.35075 0.05101275318829707 0.0665
0 0.5313203300825207 0.21025 0.04913728432108027 0.0635
0 0.5637659414853713 0.25825 0.05101275318829707 0.0665
0 0.5939609902475619 0.237 0.041635408852213056 0.054
0 0.6040885221305327 0.2885 0.047636909227306824 0.069
0 0.6252813203300825 0.27325 0.03150787696924231 0.0565
0 0.5943360840210052 0.351 0.04838709677419355 0.068
0 0.44692423105776447 0.365 0.050637659414853715 0.071
0 0.4782445611402851 0.39675 0.047261815453863466 0.0715
0 0.5260690172543135 0.40775 0.052138034508627154 0.0615
0 0.43717179294823705 0.431 0.04688672168042011 0.07
0 0.41147786946736686 0.509 0.046511627906976744 0.057
0 0.4472993248312078 0.483 0.052138034508627154 0.057
0 0.49268567141785446 0.459 0.04463615903975994 0.059
0 0.4881845461365341 0.51625 0.04913728432108027 0.0655
0 0.5442610652663166 0.47475 0.04801200300075019 0.0605
0 0.5772693173293323 0.5145 0.04951237809452363 0.065
0 0.5838334583645911 0.4405 0.04988747186796699 0.061
0 0.5294448612153039 0.5385 0.041635408852213056 0.06
0 0.45330082520630155 0.556 0.047636909227306824 0.063
0 0.4373593398349587 0.61675 0.047261815453863466 0.0675
0 0.47861965491372843 0.638 0.04576144036009002 0.066
0 0.5118154538634658 0.59975 0.046136534133533386 0.0675
0 0.5455738934733684 0.63975 0.04538634658664666 0.0685
0 0.5671417854463616 0.5785 0.046511627906976744 0.057
0 0.5885221305326331 0.63025 0.04576144036009002 0.0605
0 0.5620780195048762 0.67875 0.03938484621155289 0.0485
0 0.5905851462865717 0.71175 0.041635408852213056 0.0625
0 0.5500750187546887 0.75225 0.047636909227306824 0.0695
0 0.5157539384846211 0.6835 0.05101275318829707 0.069
0 0.49362340585146286 0.724 0.04576144036009002 0.066
0 0.4521755438859715 0.6975 0.04838709677419355 0.066
0 0.4232933233308327 0.716 0.025131282820705175 0.037
0 0.44692423105776447 0.74025 0.037134283570892726 0.0405
0 0.6671042760690172 0.2335 0.046136534133533386 0.065
0 0.7126781695423856 0.26775 0.047261815453863466 0.0645
0 0.7415603900975244 0.2825 0.03675918979744936 0.056
0 0.7678169542385597 0.278 0.037509377344336084 0.062
0 0.826331582895724 0.27275 0.046511627906976744 0.0585
0 0.7955738934733684 0.33925 0.042010502625656414 0.0585
0 0.7711927981995499 0.356 0.051762940735183796 0.065
0 0.7708177044261065 0.39625 0.04051012753188297 0.0395
0 0.7520630157539385 0.4255 0.05026256564141035 0.059
0 0.7903225806451613 0.458 0.04276069017254314 0.066
0 0.8231432858214554 0.4165 0.04463615903975994 0.061
0 0.859714928732183 0.373 0.04951237809452363 0.06
0 0.8640285071267817 0.43225 0.04388597149287322 0.0435
0 0.818642160540135 0.47525 0.037134283570892726 0.0605
0 0.8555888972243061 0.47525 0.04426106526631658 0.0595
0 0.885596399099775 0.491 0.03975993998499625 0.063
0 0.7113653413353338 0.32775 0.0536384096024006 0.0585
0 0.7199924981245311 0.37175 0.0536384096024006 0.0665
0 0.6620405101275318 0.29825 0.05401350337584396 0.0575
0 0.6346586646661665 0.334 0.04576144036009002 0.064
0 0.6245311327831958 0.3995 0.05026256564141035 0.063
0 0.6438484621155289 0.45175 0.05138784696174044 0.0645
0 0.6755438859714928 0.383 0.05101275318829707 0.065
0 0.6164666166541636 0.49025 0.05138784696174044 0.0645
0 0.6269692423105776 0.5535 0.052138034508627154 0.079
0 0.6342835708927231 0.59325 0.04951237809452363 0.0565
0 0.6667291822955739 0.51225 0.05288822205551388 0.0625
0 0.6843585896474118 0.57125 0.05138784696174044 0.0575
0 0.7018004501125281 0.46725 0.05401350337584396 0.0665
0 0.7126781695423856 0.5265 0.05026256564141035 0.063
0 0.7488747186796699 0.552 0.05138784696174044 0.064
0 0.7573143285821455 0.49725 0.047261815453863466 0.0665
0 0.7998874718679669 0.51625 0.04388597149287322 0.0595
0 0.8049512378094523 0.5855 0.04801200300075019 0.061
0 0.7274943735933983 0.6205 0.04913728432108027 0.064
0 0.7436234058514629 0.68075 0.050637659414853715 0.0595
0 0.6286571642910728 0.66675 0.05101275318829707 0.0695
0 0.6462865716429107 0.71825 0.05251312828207052 0.0615
0 0.6802325581395349 0.654 0.055138784696174045 0.069
0 0.6952363090772693 0.702 0.052138034508627154 0.058
0 0.7031132783195799 0.7475 0.0536384096024006 0.057
0 0.7473743435858965 0.74275 0.047636909227306824 0.0625
0 0.8015753938484621 0.7645 0.058514628657164294 0.071
0 0.8334583645911477 0.7315 0.04951237809452363 0.056
0 0.79576144036009 0.689 0.04688672168042011 0.049
0 0.8064516129032258 0.64775 0.04951237809452363 0.0665
0 0.8295198799699925 0.61325 0.03563390847711928 0.0535
0 0.827456864216054 0.563 0.04051012753188297 0.063
0 0.858027006751688 0.53425 0.04463615903975994 0.0605
0 0.8869092273068268 0.5555 0.04388597149287322 0.061
0 0.8629032258064516 0.59475 0.04913728432108027 0.0575
0 0.8771567891972993 0.65075 0.04538634658664666 0.0575
0 0.9041635408852213 0.72875 0.05813953488372093 0.0635
0 0.927794448612153 0.674 0.04688672168042011 0.064
0 0.9156039009752438 0.61775 0.04801200300075019 0.0595
