0 0.090960240060015 0.424 0.07314328582145536 0.098
0 0.12715678919729934 0.50225 0.08252063015753938 0.0955
0 0.11384096024006002 0.5945 0.07614403600900226 0.099
0 0.15941485371342837 0.665 0.07501875468867217 0.108
0 0.22618154538634658 0.7105 0.07501875468867217 0.099
0 0.1935483870967742 0.57025 0.07201800450112528 0.0995
0 0.2576894223555889 0.6135 0.08102025506376594 0.105
0 0.3107651912978245 0.667 0.07689422355588897 0.101
0 0.1751687921980495 0.41975 0.07726931732933233 0.0945
0 0.22486871717929482 0.47625 0.07689422355588897 0.0935
0 0.18060765191297826 0.3185 0.0708927231807952 0.109
0 0.24362340585146286 0.3805 0.07164291072768192 0.103
0 0.24437359339834958 0.27725 0.06864216054013503 0.0895
0 0.3047636909227307 0.32325 0.0708927231807952 0.0885
0 0.2595648912228057 0.19025 0.06676669167291822 0.0915
0 0.3208927231807952 0.2325 0.07314328582145536 0.085
0 0.30682670667666917 0.4215 0.07351837959489872 0.099
0 0.29257314328582146 0.52675 0.07201800450112528 0.1065
0 0.3600900225056264 0.39575 0.07051762940735183 0.0945
0 0.354463615903976 0.48125 0.07876969242310577 0.0855
0 0.3390847711927982 0.57825 0.08027006751687922 0.0995
0 0.41335333833458365 0.635 0.07426856714178545 0.11
0 0.36946736684171044 0.73325 0.07576894223555888 0.1045
0 0.4409227306826707 0.74025 0.07164291072768192 0.1115
0 0.44711177794448614 0.54075 0.08027006751687922 0.0985
0 0.4930607651912978 0.654 0.07764441110277569 0.101
0 0.5279444861215303 0.75025 0.08064516129032258 0.1085
0 0.396099024756189 0.22925 0.07201800450112528 0.0995
0 0.4240435108777194 0.32825 0.07464366091522881 0.0975
0 0.4731807951987997 0.378 0.07989497374343586 0.094
0 0.47280570142535633 0.235 0.0671417854463616 0.095
0 0.5191297824456114 0.2985 0.07426856714178545 0.099
0 0.5416354088522131 0.393 0.06451612903225806 0.094
0 0.4255438859714929 0.44875 0.07314328582145536 0.0945
0 0.5001875468867217 0.47325 0.0708927231807952 0.0925
0 0.5271942985746436 0.56025 0.07989497374343586 0.0935
0 0.578019504876219 0.49075 0.0795198799699925 0.1005
0 0.6048387096774194 0.578 0.07539384846211553 0.088
0 0.5866466616654163 0.27125 0.0690172543135784 0.0925
0 0.6609152288072018 0.29975 0.06826706676669167 0.0965
0 0.6108402100525131 0.356 0.07314328582145536 0.096
0 0.6331582895723931 0.42475 0.07426856714178545 0.1015
0 0.700675168792198 0.38 0.06451612903225806 0.097
0 0.7605026256564141 0.36125 0.0708927231807952 0.0975
0 0.6747936984246061 0.507 0.08027006751687922 0.102
0 0.7462490622655664 0.50225 0.07014253563390847 0.1005
0 0.6783570892723181 0.60375 0.07014253563390847 0.1015
0 0.7428732183045762 0.606 0.0671417854463616 0.111
0 0.6369092273068268 0.67975 0.07351837959489872 0.0985
0 0.5647036759189797 0.66425 0.06864216054013503 0.1135
0 0.6024006001500375 0.767 0.07651912978244561 0.093
0 0.6851087771942985 0.80075 0.07389347336834208 0.1045
0 0.7511252813203301 0.8045 0.07464366091522881 0.103
0 0.7051762940735183 0.69975 0.07351837959489872 0.1075
0 0.8207051762940735 0.87875 0.07576894223555888 0.1095
0 0.8195798949737434 0.765 0.07051762940735183 0.094
0 0.7730682670667667 0.699 0.06676669167291822 0.103
0 0.8072018004501126 0.56325 0.07126781695423856 0.0905
0 0.8364591147786947 0.6685 0.07201800450112528 0.086
0 0.9045386346586647 0.73925 0.07389347336834208 0.1085
0 0.8724681170292573 0.58175 0.07201800450112528 0.0965
0 0.8049512378094523 0.42575 0.06451612903225806 0.0995
0 0.8589647411852963 0.49 0.07351837959489872 0.091
0 0.9124156039009752 0.46625 0.07389347336834208 0.1015
0 0.9424231057764441 0.5675 0.07389347336834208 0.097
0 0.9433608402100525 0.67525 0.07051762940735183 0.1005
