0 0.1329707426856714 0.53825 0.09939984996249063 0.1115
0 0.11759189797449363 0.637 0.09114778694673668 0.121
0 0.18267066766691673 0.70575 0.08702175543885972 0.1345
0 0.26406601650412603 0.758 0.09602400600150038 0.123
0 0.3687171792948237 0.792 0.09152288072018004 0.113
0 0.45142535633908476 0.843 0.0986496624156039 0.128
0 0.5543885971492873 0.86025 0.09377344336084022 0.1165
0 0.23068267066766693 0.502 0.09152288072018004 0.12
0 0.3192048012003001 0.50325 0.09602400600150038 0.1345
0 0.2550637659414854 0.60375 0.08927231807951988 0.1185
0 0.349774943735934 0.64025 0.08889722430607652 0.1315
0 0.40753938484621155 0.5575 0.09114778694673668 0.129
0 0.42854463615903976 0.6825 0.10090022505626407 0.127
0 0.5253188297074268 0.71275 0.08889722430607652 0.1175
0 0.5116279069767442 0.59725 0.08927231807951988 0.1305
0 0.6213428357089272 0.731 0.09939984996249063 0.125
0 0.6372843210802701 0.8115 0.0967741935483871 0.098
0 0.7327456864216054 0.8655 0.10165041260315079 0.123
0 0.8351462865716429 0.84125 0.10465116279069768 0.1105
0 0.9036009002250562 0.7385 0.09902475618904726 0.123
0 0.714178544636159 0.7325 0.09527381845461365 0.114
0 0.8013878469617405 0.69225 0.10090022505626407 0.1285
0 0.6035258814703676 0.581 0.10202550637659415 0.123
0 0.6918604651162791 0.62925 0.09939984996249063 0.1075
0 0.25900225056264065 0.37225 0.08589647411852963 0.1065
0 0.30982745686421603 0.288 0.08177044261065267 0.123
0 0.38653413353338334 0.25475 0.09339834958739685 0.1355
0 0.386721680420105 0.13625 0.09452363090772693 0.1265
0 0.4587396849212303 0.18325 0.10352588147036759 0.1395
0 0.4608027006751688 0.3155 0.08664666166541636 0.127
0 0.3850337584396099 0.38625 0.09114778694673668 0.1195
0 0.4518004501125281 0.44675 0.08964741185296324 0.1275
0 0.5375093773443361 0.377 0.09527381845461365 0.124
0 0.6121530382595649 0.465 0.09752438109527382 0.12
0 0.6971117779444861 0.489 0.08589647411852963 0.131
0 0.7625656414103525 0.562 0.08852213053263316 0.128
0 0.8608402100525131 0.59675 0.11252813203300825 0.1315
0 0.8364591147786947 0.4705 0.0967741935483871 0.131
0 0.668417104276069 0.3595 0.09377344336084022 0.118
0 0.755251312828207 0.36575 0.08139534883720931 0.1305
0 0.5395723930982745 0.251 0.10465116279069768 0.13
0 0.5947111777944486 0.145 0.08739684921230308 0.131
0 0.6702925731432858 0.07575 0.09752438109527382 0.1275
0 0.663728432108027 0.23175 0.10465116279069768 0.1315
0 0.7650037509377344 0.20825 0.10390097524381095 0.1375
