0 0.5813953488372093 0.78325 0.07201800450112528 0.0775
0 0.5255063765941486 0.81825 0.06151537884471118 0.0825
0 0.48012003000750186 0.839 0.060765191297824456 0.082
0 0.4180420105026257 0.83775 0.0603900975243811 0.0745
0 0.3758439609902476 0.868 0.05701425356339085 0.069
0 0.31207801950487624 0.8555 0.05701425356339085 0.066
0 0.2636909227306827 0.80025 0.05251312828207052 0.0725
0 0.29857464366091524 0.7955 0.05776444111027757 0.079
0 0.3657164291072768 0.79025 0.0555138784696174 0.0725
0 0.4148537134283571 0.7595 0.05401350337584396 0.077
0 0.48124531132783194 0.76975 0.05701425356339085 0.0695
0 0.5502625656414104 0.7325 0.056264066016504126 0.071
0 0.5995873968492123 0.6765 0.05888972243060765 0.076
0 0.5373218304576144 0.65025 0.0603900975243811 0.0725
0 0.48687171792948236 0.69475 0.0555138784696174 0.0755
0 0.4214178544636159 0.6825 0.0603900975243811 0.071
0 0.3582145536384096 0.7245 0.05701425356339085 0.077
0 0.28019504876219054 0.7185 0.05476369092273068 0.075
0 0.2385596399099775 0.74675 0.05701425356339085 0.0735
0 0.18342085521380344 0.72425 0.05401350337584396 0.0775
0 0.19748687171792947 0.68975 0.06639159789947487 0.0785
0 0.15266316579144787 0.64625 0.056264066016504126 0.0695
0 0.14422355588897223 0.572 0.059639909977494375 0.079
0 0.2259939984996249 0.59275 0.059639909977494375 0.0765
0 0.2893848462115529 0.62125 0.05588897224306077 0.0745
0 0.33983495873968494 0.6475 0.06526631657914479 0.077
0 0.399662415603901 0.636 0.061890472618154536 0.081
0 0.46249062265566393 0.61875 0.06601650412603151 0.0765
0 0.5740810202550638 0.5945 0.05738934733683421 0.074
0 0.6057764441110277 0.4545 0.06301575393848462 0.081
0 0.5558889722430608 0.51175 0.06301575393848462 0.0805
0 0.49793698424606153 0.49425 0.06264066016504126 0.0765
0 0.5112528132033008 0.57325 0.06001500375093773 0.0795
0 0.4384846211552888 0.54525 0.0622655663915979 0.0815
0 0.31957989497374345 0.574 0.07201800450112528 0.085
0 0.272880720180045 0.54025 0.06264066016504126 0.0865
0 0.1656039009752438 0.497 0.05888972243060765 0.079
0 0.19654913728432108 0.43225 0.05776444111027757 0.0835
0 0.2661290322580645 0.458 0.05438859714928732 0.084
0 0.322768192048012 0.483 0.06339084771192798 0.088
0 0.396099024756189 0.484 0.06001500375093773 0.077
0 0.4484246061515379 0.4475 0.061140285071267814 0.081
0 0.5378844711177795 0.44125 0.06301575393848462 0.0825
0 0.5701425356339085 0.36375 0.060765191297824456 0.0835
0 0.6037134283570893 0.30025 0.05813953488372093 0.0805
0 0.5309452363090773 0.301 0.06339084771192798 0.087
0 0.5881470367591898 0.21075 0.06001500375093773 0.0895
0 0.5226931732933233 0.20175 0.05888972243060765 0.0885
0 0.4696174043510878 0.303 0.0555138784696174 0.083
0 0.4949362340585146 0.37425 0.0641410352588147 0.0955
0 0.43060765191297823 0.37375 0.06151537884471118 0.0855
0 0.36834208552138037 0.3595 0.05776444111027757 0.084
0 0.3057014253563391 0.394 0.06301575393848462 0.081
0 0.23968492123030757 0.36925 0.0622655663915979 0.0895
0 0.27063015753938485 0.31075 0.06564141035258815 0.0845
0 0.3420855213803451 0.27525 0.060765191297824456 0.0765
0 0.39797449362340587 0.27175 0.06151537884471118 0.0865
0 0.6944861215303826 0.17425 0.06339084771192798 0.0805
0 0.7633158289572393 0.148 0.06601650412603151 0.091
0 0.8270817704426107 0.184 0.06451612903225806 0.093
0 0.8807201800450113 0.24375 0.07351837959489872 0.0935
0 0.7955738934733684 0.261 0.06301575393848462 0.079
0 0.7396849212303076 0.238 0.0690172543135784 0.092
0 0.6545386346586647 0.2465 0.0622655663915979 0.09
0 0.6892348087021756 0.3145 0.06789197299324831 0.094
0 0.7507501875468867 0.3275 0.06639159789947487 0.093
0 0.8081395348837209 0.3445 0.059639909977494375 0.092
0 0.8765941485371342 0.33475 0.06526631657914479 0.0915
0 0.8499624906226556 0.40825 0.06301575393848462 0.0885
0 0.7695048762190547 0.4305 0.061890472618154536 0.092
0 0.707801950487622 0.3905 0.06151537884471118 0.085
0 0.6342835708927231 0.373 0.05701425356339085 0.094
0 0.6761065266316579 0.47225 0.061140285071267814 0.0835
0 0.7376219054763691 0.498 0.061140285071267814 0.086
0 0.8049512378094523 0.4885 0.0622655663915979 0.083
0 0.6222805701425357 0.52725 0.06151537884471118 0.0885
0 0.6806076519129782 0.5475 0.05888972243060765 0.087
0 0.7556264066016504 0.5695 0.061140285071267814 0.075
0 0.6342835708927231 0.6145 0.06301575393848462 0.08
0 0.6909227306826706 0.633 0.06676669167291822 0.077
