0 0.3852213053263316 0.05625 0.04576144036009002 0.0535
0 0.43454613653413354 0.059 0.04538634658664666 0.066
0 0.48255813953488375 0.059 0.050637659414853715 0.064
0 0.5213803450862715 0.0445 0.04801200300075019 0.059
0 0.5110652663165791 0.09475 0.04988747186796699 0.0555
0 0.5491372843210802 0.084 0.046511627906976744 0.061
0 0.5969617404351087 0.099 0.04538634658664666 0.079
0 0.36440360090022506 0.128 0.04538634658664666 0.05
0 0.41166541635408854 0.1185 0.04913728432108027 0.059
0 0.4521755438859715 0.1205 0.04463615903975994 0.057
0 0.4846211552888222 0.14925 0.047261815453863466 0.0655
0 0.3715303825956489 0.163 0.047636909227306824 0.073
0 0.4167291822955739 0.19975 0.05026256564141035 0.0645
0 0.3887846961740435 0.23625 0.056639159789947484 0.0695
0 0.4617404351087772 0.19675 0.05101275318829707 0.0635
0 0.5260690172543135 0.1805 0.047636909227306824 0.062
0 0.5776444111027756 0.16 0.04801200300075019 0.057
0 0.6194673668417104 0.17425 0.04988747186796699 0.0645
0 0.654351087771943 0.14875 0.04913728432108027 0.0595
0 0.5808327081770442 0.21725 0.047636909227306824 0.0625
0 0.5378844711177795 0.23975 0.04951237809452363 0.0595
0 0.4866841710427607 0.247 0.04988747186796699 0.06
0 0.4433608402100525 0.2515 0.05101275318829707 0.061
0 0.38072018004501124 0.2975 0.05101275318829707 0.063
0 0.4216054013503376 0.29975 0.0450112528132033 0.0625
0 0.37115528882220555 0.35725 0.04463615903975994 0.0645
0 0.4257314328582146 0.34625 0.04801200300075019 0.0665
0 0.47074268567141786 0.3325 0.047261815453863466 0.06
0 0.35352588147036756 0.40225 0.04913728432108027 0.0645
0 0.4684921230307577 0.3935 0.051762940735183796 0.062
0 0.5080645161290323 0.3675 0.050637659414853715 0.063
0 0.5620780195048762 0.333 0.04838709677419355 0.064
0 0.5669542385596399 0.2765 0.0536384096024006 0.065
0 0.6115903975993998 0.32275 0.047636909227306824 0.0725
0 0.3734058514628657 0.4745 0.05588897224306077 0.058
0 0.4111027756939235 0.4495 0.04951237809452363 0.066
0 0.4566766691672918 0.45725 0.05138784696174044 0.0655
0 0.5502625656414104 0.40325 0.046511627906976744 0.0695
0 0.521755438859715 0.4595 0.05251312828207052 0.064
0 0.5926481620405101 0.38 0.04576144036009002 0.064
0 0.6761065266316579 0.2075 0.04913728432108027 0.063
0 0.7211177794448612 0.19475 0.04838709677419355 0.0665
0 0.6536009002250562 0.283 0.05138784696174044 0.068
0 0.7027381845461366 0.286 0.04688672168042011 0.059
0 0.741747936984246 0.2785 0.047636909227306824 0.062
0 0.6843585896474118 0.32775 0.05288822205551388 0.0705
0 0.7289947486871718 0.33775 0.04688672168042011 0.0645
0 0.7274943735933983 0.40625 0.05288822205551388 0.0675
0 0.6354088522130532 0.40175 0.04951237809452363 0.0715
0 0.6817329332333083 0.4185 0.050637659414853715 0.068
0 0.7747561890472618 0.43275 0.05738934733683421 0.0815
0 0.7239309827456865 0.46225 0.05701425356339085 0.0705
0 0.5783945986496624 0.438 0.05026256564141035 0.07
0 0.6200300075018754 0.474 0.056264066016504126 0.073
0 0.6924231057764441 0.51975 0.05251312828207052 0.0645
0 0.7475618904726181 0.52225 0.05401350337584396 0.0715
0 0.8137659414853713 0.50825 0.055138784696174045 0.0725
0 0.4180420105026257 0.5115 0.041635408852213056 0.067
0 0.3689047261815454 0.54175 0.05438859714928732 0.0565
0 0.44579894973743434 0.54775 0.047636909227306824 0.0645
0 0.4806826706676669 0.50975 0.05288822205551388 0.0615
0 0.5684546136534133 0.502 0.04988747186796699 0.064
0 0.5256939234808702 0.5315 0.052138034508627154 0.065
0 0.596211552888222 0.552 0.04913728432108027 0.068
0 0.6404726181545386 0.53975 0.0536384096024006 0.0705
0 0.7368717179294824 0.576 0.055138784696174045 0.07
0 0.6354088522130532 0.5965 0.047261815453863466 0.067
0 0.49268567141785446 0.57225 0.05288822205551388 0.0705
0 0.3734058514628657 0.597 0.04913728432108027 0.068
0 0.422543135783946 0.6045 0.04688672168042011 0.072
0 0.46155288822205554 0.61825 0.047636909227306824 0.0775
0 0.5161290322580645 0.621 0.05251312828207052 0.07
0 0.5598274568642161 0.586 0.05138784696174044 0.063
0 0.5907726931732933 0.62925 0.05476369092273068 0.0655
0 0.690735183795949 0.615 0.05288822205551388 0.068
0 0.7372468117029257 0.643 0.0536384096024006 0.08
0 0.7743810952738185 0.61975 0.05438859714928732 0.0705
0 0.8049512378094523 0.6775 0.05326331582895724 0.068
0 0.7483120780195048 0.7095 0.05251312828207052 0.068
0 0.6909227306826706 0.6835 0.056264066016504126 0.074
0 0.6342835708927231 0.6775 0.05101275318829707 0.068
0 0.5802700675168793 0.69275 0.0555138784696174 0.0655
0 0.38465866466616655 0.6575 0.04838709677419355 0.07
0 0.4317329332333083 0.666 0.04576144036009002 0.07
0 0.49006001500375096 0.681 0.046136534133533386 0.067
0 0.5367591897974494 0.6955 0.046511627906976744 0.069
0 0.5795198799699925 0.692 0.05701425356339085 0.067
0 0.39478619654913727 0.7145 0.04988747186796699 0.068
0 0.4576144036009002 0.7245 0.04351087771942986 0.066
0 0.5039384846211553 0.74825 0.04688672168042011 0.0775
0 0.5723930982745686 0.75075 0.05476369092273068 0.0845
0 0.6151537884471118 0.73675 0.05776444111027757 0.0745
0 0.5341335333833458 0.8015 0.05701425356339085 0.073
0 0.5648912228057015 0.84525 0.04126031507876969 0.0725
0 0.6121530382595649 0.81875 0.05026256564141035 0.0725
0 0.6055888972243061 0.88275 0.05738934733683421 0.0735
0 0.6693548387096774 0.862 0.052138034508627154 0.068
0 0.6654163540885222 0.79475 0.05476369092273068 0.0765
0 0.7081770442610653 0.752 0.05776444111027757 0.073
0 0.75 0.78075 0.05138784696174044 0.0755
