0 0.04707426856714179 0.314 0.0603900975243811 0.075
0 0.05326331582895724 0.3775 0.05251312828207052 0.066
0 0.059827456864216054 0.437 0.052138034508627154 0.062
0 0.09471117779444861 0.4725 0.046136534133533386 0.066
0 0.07295573893473369 0.50725 0.04538634658664666 0.0615
0 0.1207801950487622 0.53525 0.04351087771942986 0.0585
0 0.14834958739684923 0.51475 0.04688672168042011 0.0575
0 0.17704426106526633 0.498 0.051762940735183796 0.058
0 0.18904726181545387 0.5545 0.051762940735183796 0.064
0 0.13765941485371344 0.45275 0.046511627906976744 0.0655
0 0.11009002250562641 0.4125 0.05138784696174044 0.06
0 0.1063390847711928 0.35175 0.0536384096024006 0.0685
0 0.10371342835708927 0.25225 0.05813953488372093 0.0705
0 0.16016504126031508 0.27825 0.05476369092273068 0.0695
0 0.16429107276819205 0.355 0.04951237809452363 0.072
0 0.18567141785446362 0.4165 0.05251312828207052 0.062
0 0.22486871717929482 0.46325 0.05288822205551388 0.0575
0 0.2374343585896474 0.51775 0.04876219054763691 0.0595
0 0.26894223555888974 0.546 0.04951237809452363 0.064
0 0.23443360840210054 0.5795 0.05101275318829707 0.061
0 0.16072768192048012 0.5815 0.04913728432108027 0.06
0 0.13653413353338334 0.623 0.0450112528132033 0.062
0 0.18360840210052512 0.66125 0.047636909227306824 0.0535
0 0.2003000750187547 0.61 0.05251312828207052 0.055
0 0.24381095273818454 0.638 0.046511627906976744 0.056
0 0.2820705176294073 0.61725 0.05026256564141035 0.0635
0 0.3177044261065266 0.572 0.04426106526631658 0.055
0 0.35952738184546135 0.5765 0.04913728432108027 0.063
0 0.3360840210052513 0.6245 0.04126031507876969 0.058
0 0.38747186796699173 0.63925 0.04351087771942986 0.0635
0 0.4052888222055514 0.586 0.047636909227306824 0.062
0 0.30963990997749435 0.50575 0.04913728432108027 0.0595
0 0.2753188297074269 0.45575 0.051762940735183796 0.0665
0 0.2374343585896474 0.4025 0.0555138784696174 0.069
0 0.21530382595648911 0.31875 0.05251312828207052 0.0705
0 0.2087396849212303 0.245 0.052138034508627154 0.072
0 0.2524381095273818 0.273 0.05326331582895724 0.076
0 0.26762940735183793 0.339 0.05138784696174044 0.067
0 0.30420105026256566 0.29975 0.04951237809452363 0.0805
0 0.3169542385596399 0.23025 0.056264066016504126 0.0775
0 0.37378094523630906 0.23975 0.05888972243060765 0.0745
0 0.3599024756189047 0.30975 0.05588897224306077 0.0765
0 0.3006376594148537 0.394 0.04838709677419355 0.074
0 0.33402100525131284 0.4525 0.04913728432108027 0.066
0 0.35015003750937734 0.37425 0.04988747186796699 0.0585
0 0.3919729932483121 0.41 0.051762940735183796 0.069
0 0.404351087771943 0.3405 0.051762940735183796 0.07
0 0.4234808702175544 0.27175 0.05251312828207052 0.0735
0 0.3812828207051763 0.4655 0.05288822205551388 0.063
0 0.363278319579895 0.5075 0.04088522130532633 0.059
0 0.4088522130532633 0.52 0.05101275318829707 0.068
0 0.42854463615903976 0.4625 0.04688672168042011 0.066
0 0.43942235558889725 0.622 0.046136534133533386 0.051
0 0.4510502625656414 0.55125 0.047636909227306824 0.0565
0 0.486496624156039 0.58175 0.04276069017254314 0.0535
0 0.5120030007501876 0.563 0.05026256564141035 0.055
0 0.5286946736684172 0.59525 0.046136534133533386 0.0555
0 0.5386346586646662 0.67025 0.05026256564141035 0.0575
0 0.5924606151537885 0.628 0.050637659414853715 0.058
0 0.5573893473368342 0.5585 0.04876219054763691 0.054
0 0.5523255813953488 0.5015 0.04463615903975994 0.058
0 0.5069392348087022 0.49425 0.047636909227306824 0.0605
0 0.4578019504876219 0.49875 0.04838709677419355 0.0585
0 0.477119279819955 0.44925 0.04951237809452363 0.0635
0 0.4465491372843211 0.39225 0.04838709677419355 0.0665
0 0.4634283570892723 0.34075 0.05813953488372093 0.0755
0 0.5013128282070518 0.394 0.052138034508627154 0.069
0 0.5260690172543135 0.4415 0.04688672168042011 0.06
0 0.5720180045011253 0.4395 0.04951237809452363 0.067
0 0.6007126781695424 0.492 0.05438859714928732 0.057
0 0.6123405851462865 0.54075 0.050637659414853715 0.0575
0 0.6395348837209303 0.5865 0.051762940735183796 0.06
0 0.6905476369092273 0.58625 0.04876219054763691 0.0645
0 0.6612903225806451 0.53075 0.047261815453863466 0.0575
0 0.6551012753188297 0.48675 0.04838709677419355 0.0655
0 0.6250937734433608 0.44275 0.04988747186796699 0.0575
0 0.6716054013503376 0.41875 0.052138034508627154 0.0635
0 0.5466991747936985 0.388 0.047636909227306824 0.068
0 0.5922730682670667 0.381 0.047261815453863466 0.065
0 0.5236309077269318 0.3315 0.051762940735183796 0.069
0 0.4896849212303076 0.27275 0.05588897224306077 0.0695
0 0.5418229557389347 0.27025 0.05588897224306077 0.0735
0 0.5725806451612904 0.32425 0.05288822205551388 0.0725
0 0.6262190547636909 0.33475 0.055138784696174045 0.0675
0 0.6007126781695424 0.26 0.0536384096024006 0.071
0 0.5735183795948987 0.2045 0.06001500375093773 0.077
0 0.4097899474868717 0.175 0.05888972243060765 0.077
0 0.4619279819954989 0.208 0.0536384096024006 0.072
0 0.5208177044261065 0.173 0.05138784696174044 0.082
0 0.5688297074268567 0.12425 0.05813953488372093 0.0865
0 0.6245311327831958 0.108 0.06001500375093773 0.086
0 0.6487246811702926 0.22 0.059639909977494375 0.081
0 0.6807951987997 0.274 0.0622655663915979 0.069
0 0.7104276069017255 0.1655 0.05776444111027757 0.085
0 0.7563765941485371 0.215 0.052138034508627154 0.078
0 0.7815078769692423 0.279 0.04538634658664666 0.075
0 0.7394973743435859 0.30025 0.05813953488372093 0.0765
0 0.6999249812453113 0.35175 0.05476369092273068 0.0675
0 0.7424981245311327 0.39175 0.04913728432108027 0.0655
0 0.7788822205551388 0.34725 0.047636909227306824 0.0655
0 0.8285821455363841 0.385 0.0555138784696174 0.065
0 0.8765941485371342 0.414 0.05251312828207052 0.074
0 0.8833458364591148 0.33825 0.0555138784696174 0.0715
0 0.8857839459864967 0.25075 0.05438859714928732 0.0805
0 0.8366466616654163 0.459 0.050637659414853715 0.065
0 0.8700300075018754 0.4835 0.04988747186796699 0.055
0 0.8334583645911477 0.52 0.04951237809452363 0.068
0 0.868529632408102 0.55525 0.050637659414853715 0.0625
0 0.8210802700675168 0.587 0.047261815453863466 0.06
0 0.7685671417854464 0.61475 0.04951237809452363 0.0515
0 0.7338709677419355 0.573 0.04538634658664666 0.057
0 0.7711927981995499 0.553 0.05026256564141035 0.058
0 0.7175543885971493 0.5265 0.04951237809452363 0.054
0 0.6997374343585896 0.46825 0.052138034508627154 0.0645
0 0.781695423855964 0.46125 0.05326331582895724 0.0615
