0 0.3420855213803451 0.14875 0.03075768942235559 0.0425
0 0.33308327081770445 0.1945 0.0277569392348087 0.038
0 0.3381470367591898 0.232 0.030382595648912228 0.039
0 0.3630907726931733 0.2365 0.02700675168792198 0.04
0 0.37396849212303074 0.18225 0.028507126781695424 0.0385
0 0.413165791447862 0.1725 0.028882220555138786 0.04
0 0.4097899474868717 0.21 0.03113278319579895 0.042
0 0.3936609152288072 0.239 0.03188297074268567 0.038
0 0.4011627906976744 0.26825 0.028132033008252063 0.0345
0 0.43060765191297823 0.26675 0.024756189047261814 0.0335
0 0.4386721680420105 0.289 0.028132033008252063 0.038
0 0.44992498124531133 0.237 0.028882220555138786 0.037
0 0.44317329332333083 0.2005 0.03113278319579895 0.037
0 0.46924231057764443 0.20175 0.0277569392348087 0.0485
0 0.4761815453863466 0.24275 0.030382595648912228 0.0415
0 0.5056264066016504 0.25475 0.033008252063015754 0.0515
0 0.5301950487621906 0.27175 0.02288072018004501 0.0415
0 0.5564516129032258 0.2545 0.028132033008252063 0.048
0 0.5527006751687922 0.29975 0.036384096024006 0.0395
0 0.4773068267066767 0.28425 0.03188297074268567 0.0405
0 0.5013128282070518 0.321 0.030382595648912228 0.044
0 0.5251312828207052 0.32925 0.0277569392348087 0.0495
0 0.4606151537884471 0.327 0.02700675168792198 0.046
0 0.4307951987996999 0.323 0.029632408102025505 0.048
0 0.4045386346586647 0.30675 0.02663165791447862 0.0415
0 0.3640285071267817 0.272 0.03113278319579895 0.038
0 0.33927231807951985 0.272 0.02663165791447862 0.039
0 0.29632408102025504 0.209 0.024006001500375095 0.042
0 0.27813203300825207 0.24125 0.02663165791447862 0.0455
0 0.30607651912978245 0.25275 0.033008252063015754 0.0435
0 0.2651912978244561 0.273 0.03225806451612903 0.043
0 0.3073893473368342 0.29625 0.028882220555138786 0.0455
0 0.26669167291822954 0.312 0.03150787696924231 0.039
0 0.2471867966991748 0.32125 0.0277569392348087 0.0335
0 0.26762940735183793 0.35875 0.03188297074268567 0.0455
0 0.29069767441860467 0.381 0.029257314328582147 0.041
0 0.313953488372093 0.37925 0.0277569392348087 0.0435
0 0.3132033008252063 0.34175 0.03075768942235559 0.0455
0 0.34733683420855216 0.3245 0.03225806451612903 0.044
0 0.37471867966991745 0.31625 0.037509377344336084 0.0535
0 0.3505251312828207 0.3575 0.03338334583645911 0.035
0 0.3803450862715679 0.36 0.028507126781695424 0.04
0 0.40922730682670666 0.35125 0.029257314328582147 0.0385
0 0.25543885971492875 0.3985 0.030007501875468866 0.038
0 0.2576894223555889 0.44425 0.03225806451612903 0.0425
0 0.2511252813203301 0.463 0.025131282820705175 0.03
0 0.2745686421605401 0.4835 0.0345086271567892 0.035
0 0.29669917479369845 0.4285 0.0277569392348087 0.041
0 0.309264816204051 0.46225 0.02663165791447862 0.0405
0 0.3493998499624906 0.40325 0.03488372093023256 0.0395
0 0.376781695423856 0.39575 0.03188297074268567 0.0395
0 0.33308327081770445 0.4345 0.03075768942235559 0.043
0 0.3640285071267817 0.44575 0.02663165791447862 0.0385
0 0.3812828207051763 0.47175 0.025131282820705175 0.0405
0 0.40735183795948987 0.39175 0.03075768942235559 0.0445
0 0.4167291822955739 0.42925 0.030007501875468866 0.0375
0 0.4347336834208552 0.37275 0.030007501875468866 0.0355
0 0.4474868717179295 0.4035 0.03075768942235559 0.042
0 0.4647411852963241 0.36825 0.028507126781695424 0.0375
0 0.4806826706676669 0.40375 0.02738184546136534 0.0465
0 0.4452363090772693 0.45 0.03075768942235559 0.039
0 0.4105401350337584 0.474 0.02663165791447862 0.035
0 0.436046511627907 0.4845 0.03188297074268567 0.048
0 0.46249062265566393 0.47525 0.03075768942235559 0.0335
0 0.46999249812453114 0.44225 0.021005251312828207 0.0385
0 0.33570892723180795 0.477 0.03075768942235559 0.04
0 0.313953488372093 0.50675 0.03150787696924231 0.0435
0 0.2796324081020255 0.528 0.034133533383345835 0.04
0 0.24249812453113279 0.49525 0.034133533383345835 0.0405
0 0.24868717179294825 0.541 0.030007501875468866 0.038
0 0.28225806451612906 0.58125 0.03188297074268567 0.0405
0 0.26650412603150786 0.59075 0.02213053263315829 0.0395
0 0.2891972993248312 0.61725 0.030007501875468866 0.0375
0 0.25993998499624904 0.6315 0.033008252063015754 0.041
0 0.2798199549887472 0.66975 0.03075768942235559 0.0435
0 0.3015753938484621 0.65475 0.0277569392348087 0.0405
0 0.3265191297824456 0.64575 0.030382595648912228 0.0405
0 0.33383345836459116 0.6045 0.03075768942235559 0.039
0 0.3167666916729182 0.57225 0.02663165791447862 0.0465
0 0.345648912228057 0.51525 0.032633158289572396 0.0325
0 0.35765191297824456 0.53775 0.03488372093023256 0.0445
0 0.38465866466616655 0.51275 0.028882220555138786 0.0395
0 0.4122280570142536 0.5175 0.02700675168792198 0.035
0 0.40172543135783945 0.55175 0.0277569392348087 0.0415
0 0.4347336834208552 0.54675 0.0277569392348087 0.0435
0 0.45573893473368343 0.516 0.03075768942235559 0.036
0 0.4617404351087772 0.55175 0.02700675168792198 0.0445
0 0.4281695423855964 0.5835 0.032633158289572396 0.045
0 0.44879969992498125 0.59875 0.03338334583645911 0.0425
0 0.3977869467366842 0.60225 0.030382595648912228 0.0435
0 0.359714928732183 0.57725 0.03150787696924231 0.0425
0 0.3689047261815454 0.61975 0.032633158289572396 0.0425
0 0.38540885221305327 0.64825 0.03563390847711928 0.0455
0 0.30888972243060764 0.69575 0.032633158289572396 0.0325
0 0.33570892723180795 0.69925 0.033008252063015754 0.0405
0 0.3582145536384096 0.66675 0.03225806451612903 0.0385
0 0.3698424606151538 0.69775 0.03075768942235559 0.0425
0 0.34658664666166544 0.73575 0.033008252063015754 0.0435
0 0.32389347336834207 0.742 0.025881470367591898 0.042
0 0.33570892723180795 0.77275 0.033008252063015754 0.0415
0 0.3657164291072768 0.77175 0.03075768942235559 0.0385
0 0.33983495873968494 0.818 0.030007501875468866 0.039
0 0.3715303825956489 0.8075 0.029632408102025505 0.042
0 0.39722430607651915 0.817 0.024756189047261814 0.041
0 0.3700300075018755 0.84925 0.032633158289572396 0.0325
0 0.39797449362340587 0.86025 0.03225806451612903 0.0415
0 0.42704426106526633 0.86875 0.02663165791447862 0.0375
0 0.41429107276819205 0.9065 0.028132033008252063 0.04
0 0.44036009002250565 0.907 0.02700675168792198 0.038
0 0.4671792948237059 0.9045 0.03338334583645911 0.04
0 0.4474868717179295 0.85725 0.03075768942235559 0.0415
0 0.4780570142535634 0.85325 0.03188297074268567 0.0415
0 0.422543135783946 0.815 0.024381095273818456 0.045
0 0.45836459114778694 0.81825 0.030007501875468866 0.0325
0 0.39984996249062266 0.77275 0.03375843960990248 0.0415
0 0.427231807951988 0.76325 0.028507126781695424 0.0435
0 0.45555138784696175 0.7745 0.03338334583645911 0.036
0 0.4508627156789197 0.74225 0.03075768942235559 0.0425
0 0.38728432108027006 0.7285 0.032633158289572396 0.045
0 0.4086646661665416 0.6965 0.03113278319579895 0.042
0 0.4367966991747937 0.7065 0.03113278319579895 0.04
0 0.4240435108777194 0.666 0.032633158289572396 0.045
0 0.41935483870967744 0.6255 0.03600900225056264 0.041
0 0.4484246061515379 0.653 0.024381095273818456 0.047
0 0.46399099774943736 0.691 0.030007501875468866 0.049
0 0.4788072018004501 0.658 0.03113278319579895 0.046
0 0.47074268567141786 0.61725 0.03075768942235559 0.0385
0 0.4778694673668417 0.58475 0.029257314328582147 0.0405
0 0.505251312828207 0.60325 0.02700675168792198 0.0455
0 0.5320705176294074 0.611 0.028132033008252063 0.043
0 0.5151912978244562 0.6575 0.030382595648912228 0.049
0 0.542198049512378 0.64875 0.02738184546136534 0.0425
0 0.49793698424606153 0.5555 0.03188297074268567 0.043
0 0.5011252813203301 0.70375 0.029257314328582147 0.0485
0 0.4908102025506377 0.737 0.034133533383345835 0.032
0 0.49381095273818454 0.77775 0.028132033008252063 0.0435
0 0.48537134283570893 0.8195 0.028507126781695424 0.036
0 0.5146286571642911 0.8125 0.0277569392348087 0.037
0 0.5153788447111778 0.87225 0.030007501875468866 0.0355
0 0.5185671417854464 0.902 0.028132033008252063 0.037
0 0.5013128282070518 0.9165 0.028882220555138786 0.041
0 0.5641410352588146 0.91325 0.030007501875468866 0.0355
0 0.5564516129032258 0.86325 0.03188297074268567 0.0405
0 0.5472618154538634 0.83925 0.03150787696924231 0.0415
0 0.5572018004501126 0.805 0.030382595648912228 0.039
0 0.5273818454613654 0.776 0.03225806451612903 0.054
0 0.5512003000750187 0.76275 0.029632408102025505 0.0375
0 0.5337584396099024 0.718 0.03150787696924231 0.042
0 0.5560765191297824 0.69575 0.03113278319579895 0.0405
0 0.5682670667666917 0.73325 0.03075768942235559 0.0465
0 0.5939609902475619 0.7375 0.028882220555138786 0.044
0 0.5913353338334584 0.78275 0.029632408102025505 0.0465
0 0.6174043510877719 0.80325 0.023255813953488372 0.0455
0 0.6121530382595649 0.86725 0.03375843960990248 0.0475
0 0.5977119279819955 0.89725 0.030382595648912228 0.0485
0 0.6417854463615904 0.87675 0.029257314328582147 0.0505
0 0.6691672918229558 0.85575 0.028507126781695424 0.0425
0 0.6468492123030758 0.823 0.028882220555138786 0.043
0 0.6701050262565641 0.8055 0.028882220555138786 0.037
0 0.6969242310577645 0.8275 0.028507126781695424 0.035
0 0.6967366841710427 0.79375 0.028882220555138786 0.0425
0 0.7213053263315828 0.803 0.025506376594148537 0.036
0 0.6423480870217554 0.77425 0.02663165791447862 0.0465
0 0.6325956489122281 0.72725 0.02738184546136534 0.0405
0 0.6599774943735934 0.748 0.030382595648912228 0.049
0 0.6888597149287322 0.73225 0.03113278319579895 0.0395
0 0.7203675918979745 0.754 0.032633158289572396 0.047
0 0.7518754688672168 0.7715 0.02738184546136534 0.05
0 0.7693173293323331 0.804 0.03075768942235559 0.047
0 0.7871342835708928 0.77575 0.025881470367591898 0.0385
0 0.7843210802700675 0.7465 0.03075768942235559 0.045
0 0.6631657914478619 0.70175 0.02700675168792198 0.0395
0 0.6078394598649662 0.689 0.029632408102025505 0.041
0 0.5808327081770442 0.6985 0.030382595648912228 0.039
0 0.5753938484621155 0.65825 0.02700675168792198 0.0435
0 0.6087771942985747 0.6565 0.033008252063015754 0.035
0 0.6350337584396099 0.642 0.033008252063015754 0.04
0 0.6828582145536384 0.66175 0.037134283570892726 0.0385
0 0.7003000750187547 0.69475 0.028507126781695424 0.0425
0 0.722993248312078 0.69425 0.025881470367591898 0.0285
0 0.7409977494373593 0.672 0.036384096024006 0.044
0 0.7591897974493623 0.64925 0.02175543885971493 0.0445
0 0.7771942985746436 0.672 0.030007501875468866 0.049
0 0.7985746436609152 0.70325 0.035258814703675916 0.0425
0 0.8107651912978244 0.6685 0.025881470367591898 0.039
0 0.8085146286571643 0.6285 0.03113278319579895 0.042
0 0.8135783945986497 0.592 0.03150787696924231 0.042
0 0.8342085521380345 0.55425 0.028507126781695424 0.0465
0 0.7747561890472618 0.56425 0.025881470367591898 0.0395
0 0.772880720180045 0.604 0.029632408102025505 0.044
0 0.7441860465116279 0.60525 0.033008252063015754 0.0405
0 0.6911102775693924 0.6235 0.02663165791447862 0.041
0 0.677794448612153 0.59975 0.029257314328582147 0.0425
0 0.7106151537884471 0.589 0.03113278319579895 0.045
0 0.6434733683420856 0.605 0.03188297074268567 0.042
0 0.6174043510877719 0.586 0.030007501875468866 0.035
0 0.5902100525131283 0.62075 0.02738184546136534 0.0425
0 0.5643285821455364 0.61875 0.032633158289572396 0.0355
0 0.5600150037509377 0.577 0.029257314328582147 0.041
0 0.5875843960990248 0.57125 0.028882220555138786 0.0415
0 0.5442610652663166 0.5385 0.03150787696924231 0.038
0 0.5836459114778695 0.534 0.02700675168792198 0.041
0 0.6157164291072769 0.54875 0.036384096024006 0.0365
0 0.650225056264066 0.5575 0.03113278319579895 0.045
0 0.6892348087021756 0.561 0.029632408102025505 0.041
0 0.5127531882970743 0.51675 0.03075768942235559 0.0445
0 0.5337584396099024 0.4975 0.030007501875468866 0.038
0 0.5641410352588146 0.4975 0.029257314328582147 0.041
0 0.5853338334583645 0.47275 0.030382595648912228 0.0385
0 0.6087771942985747 0.498 0.03075768942235559 0.047
0 0.6256564141035259 0.514 0.02700675168792198 0.039
0 0.6710427606901725 0.50375 0.03225806451612903 0.0435
0 0.6762940735183796 0.4685 0.03075768942235559 0.038
0 0.6462865716429107 0.46375 0.03225806451612903 0.0375
0 0.6170292573143286 0.4515 0.0345086271567892 0.039
0 0.5553263315828957 0.46 0.032633158289572396 0.037
0 0.5543885971492873 0.43175 0.0277569392348087 0.0325
0 0.5185671417854464 0.438 0.030382595648912228 0.044
0 0.49699924981245314 0.4445 0.024756189047261814 0.037
0 0.5127531882970743 0.47175 0.030007501875468866 0.0445
0 0.4932483120780195 0.3495 0.03150787696924231 0.045
0 0.5116279069767442 0.3895 0.029257314328582147 0.046
0 0.5331957989497375 0.36325 0.03188297074268567 0.0365
0 0.5626406601650412 0.38025 0.029257314328582147 0.0385
0 0.5800825206301575 0.40475 0.030382595648912228 0.0375
0 0.609714928732183 0.3905 0.032633158289572396 0.044
0 0.632033008252063 0.41525 0.0277569392348087 0.0375
0 0.5872093023255814 0.3675 0.029632408102025505 0.032
0 0.5588897224306076 0.34675 0.0277569392348087 0.0355
0 0.5817704426106527 0.3105 0.029257314328582147 0.035
0 0.6087771942985747 0.33625 0.03075768942235559 0.0345
0 0.6470367591897974 0.3555 0.0277569392348087 0.045
0 0.6539759939984996 0.316 0.02738184546136534 0.042
0 0.6254688672168042 0.28275 0.030382595648912228 0.0415
0 0.5939609902475619 0.257 0.028882220555138786 0.043
0 0.5943360840210052 0.23025 0.034133533383345835 0.0325
0 0.6196549137284321 0.2445 0.03225806451612903 0.042
0 0.6631657914478619 0.24725 0.03075768942235559 0.0385
0 0.6494748687171793 0.2765 0.029632408102025505 0.039
0 0.6757314328582146 0.2805 0.028882220555138786 0.038
0 0.7100525131282821 0.22675 0.03375843960990248 0.0405
0 0.687171792948237 0.358 0.0345086271567892 0.042
0 0.7175543885971493 0.353 0.028507126781695424 0.046
0 0.7081770442610653 0.39375 0.030007501875468866 0.0405
0 0.6817329332333083 0.41875 0.030382595648912228 0.0425
0 0.7113653413353338 0.428 0.029632408102025505 0.038
0 0.7378094523630908 0.4455 0.03150787696924231 0.046
0 0.7207426856714179 0.4735 0.029632408102025505 0.037
0 0.7160540135033758 0.498 0.035258814703675916 0.042
0 0.7351837959489872 0.51525 0.03150787696924231 0.0465
0 0.7695048762190547 0.52175 0.028882220555138786 0.0445
0 0.7346211552888222 0.55475 0.03938484621155289 0.0395
0 0.8043885971492873 0.50075 0.03113278319579895 0.0475
0 0.8285821455363841 0.48775 0.030007501875468866 0.0435
0 0.809264816204051 0.44425 0.02663165791447862 0.0405
0 0.7743810952738185 0.4605 0.029632408102025505 0.044
0 0.7876969242310577 0.4065 0.03375843960990248 0.043
0 0.7505626406601651 0.3775 0.02700675168792198 0.036
0 0.805701425356339 0.40725 0.02250562640660165 0.0435
0 0.7831957989497375 0.37075 0.029257314328582147 0.0385
0 0.7603150787696924 0.35225 0.03150787696924231 0.0365
0 0.8148912228057015 0.3625 0.030382595648912228 0.044
0 0.859714928732183 0.3585 0.025506376594148537 0.048
0 0.7771942985746436 0.308 0.033008252063015754 0.046
0 0.8066391597899475 0.28375 0.029632408102025505 0.0485
0 0.7383720930232558 0.26375 0.03338334583645911 0.0445
0 0.7548762190547637 0.28025 0.02738184546136534 0.0385
0 0.7443735933983496 0.30175 0.030382595648912228 0.0415
