0 0.16822955738934733 0.4485 0.019129782445611403 0.035
0 0.1791072768192048 0.46775 0.019879969992498126 0.0375
0 0.17216804201050262 0.48925 0.02250562640660165 0.0395
0 0.16204051012753187 0.52125 0.024006001500375095 0.0395
0 0.15753938484621155 0.56075 0.018754688672168042 0.0375
0 0.17160540135033758 0.566 0.019879969992498126 0.039
0 0.1811702925731433 0.5565 0.02175543885971493 0.035
0 0.19036009002250562 0.547 0.017629407351837958 0.041
0 0.20536384096024007 0.54075 0.02138034508627157 0.0425
0 0.16747936984246062 0.6125 0.02138034508627157 0.038
0 0.18304576144036008 0.60225 0.02175543885971493 0.0405
0 0.1849212303075769 0.639 0.023255813953488372 0.037
0 0.20423855963990997 0.6365 0.02213053263315829 0.04
0 0.2336834208552138 0.58425 0.02250562640660165 0.0415
0 0.2539384846211553 0.59825 0.023255813953488372 0.0395
0 0.25712678169542386 0.632 0.02663165791447862 0.039
0 0.24924981245311328 0.6475 0.02663165791447862 0.033
0 0.19992498124531133 0.5005 0.01800450112528132 0.033
0 0.21699174793698425 0.509 0.02288072018004501 0.038
0 0.21511627906976744 0.48075 0.023630907726931733 0.0315
0 0.20236309077269318 0.46475 0.028882220555138786 0.0385
0 0.18754688672168043 0.426 0.02250562640660165 0.038
0 0.19954988747186797 0.392 0.020255063765941484 0.038
0 0.21511627906976744 0.4225 0.02213053263315829 0.035
0 0.2166166541635409 0.3895 0.02213053263315829 0.041
0 0.23987246811702925 0.361 0.02288072018004501 0.04
0 0.2614403600900225 0.35375 0.023255813953488372 0.0435
0 0.29369842460615153 0.35225 0.024006001500375095 0.0385
0 0.27719429857464367 0.389 0.02625656414103526 0.039
0 0.2623780945236309 0.4115 0.025131282820705175 0.042
0 0.23612153038259565 0.461 0.025131282820705175 0.039
0 0.2483120780195049 0.4795 0.02625656414103526 0.032
0 0.25468867216804203 0.495 0.024756189047261814 0.034
0 0.2670667666916729 0.45775 0.024006001500375095 0.0405
0 0.2891972993248312 0.425 0.02700675168792198 0.036
0 0.24099774943735933 0.5345 0.02213053263315829 0.042
0 0.2835708927231808 0.6465 0.023255813953488372 0.04
0 0.30626406601650413 0.6435 0.023630907726931733 0.044
0 0.2828207051762941 0.61025 0.02700675168792198 0.0415
0 0.27081770442610653 0.57575 0.0277569392348087 0.0425
0 0.272880720180045 0.53725 0.025881470367591898 0.0405
0 0.27738184546136535 0.4995 0.025131282820705175 0.043
0 0.2929482370592648 0.46825 0.02700675168792198 0.0445
0 0.3160165041260315 0.41775 0.023630907726931733 0.0425
0 0.32633158289572395 0.37225 0.023255813953488372 0.0435
0 0.33177044261065264 0.42575 0.025131282820705175 0.0425
0 0.3514628657164291 0.441 0.02625656414103526 0.047
0 0.34846211552888223 0.38725 0.023255813953488372 0.0415
0 0.35858964741185295 0.351 0.025506376594148537 0.037
0 0.3792198049512378 0.362 0.02700675168792198 0.042
0 0.3675918979744936 0.396 0.02625656414103526 0.041
0 0.33177044261065264 0.46825 0.02738184546136534 0.0425
0 0.3207051762940735 0.50825 0.02625656414103526 0.0365
0 0.3015753938484621 0.53275 0.024756189047261814 0.0435
0 0.3467741935483871 0.518 0.028132033008252063 0.039
0 0.3580270067516879 0.48175 0.02738184546136534 0.0405
0 0.3162040510127532 0.56725 0.025506376594148537 0.0315
0 0.3477119279819955 0.54525 0.024756189047261814 0.0285
0 0.3283945986496624 0.584 0.02738184546136534 0.044
0 0.3353338334583646 0.622 0.028507126781695424 0.04
0 0.35521380345086273 0.65075 0.024756189047261814 0.0445
0 0.3850337584396099 0.6595 0.02738184546136534 0.051
0 0.37715678919729934 0.553 0.030382595648912228 0.043
0 0.39647411852963244 0.61875 0.024756189047261814 0.0465
0 0.42029257314328583 0.62025 0.028882220555138786 0.0465
0 0.40585146286571644 0.712 0.0277569392348087 0.039
0 0.42385596399099773 0.674 0.025506376594148537 0.046
0 0.4427981995498875 0.661 0.028882220555138786 0.042
0 0.42029257314328583 0.74725 0.02738184546136534 0.0445
0 0.4441110277569392 0.73525 0.029257314328582147 0.0395
0 0.4452363090772693 0.779 0.02700675168792198 0.042
0 0.4769317329332333 0.84325 0.029632408102025505 0.0485
0 0.4804951237809452 0.79675 0.03150787696924231 0.0435
0 0.505251312828207 0.8095 0.035258814703675916 0.043
0 0.5285071267816954 0.80275 0.033008252063015754 0.0445
0 0.4763690922730683 0.75025 0.0277569392348087 0.0495
0 0.5045011252813203 0.7485 0.03150787696924231 0.044
0 0.5354463615903976 0.74625 0.03188297074268567 0.0425
0 0.5750187546886721 0.74875 0.03975993998499625 0.0485
0 0.5952738184546137 0.78425 0.035258814703675916 0.0445
0 0.6166541635408852 0.74125 0.03600900225056264 0.0475
0 0.4619279819954989 0.69725 0.028882220555138786 0.0395
0 0.4638034508627157 0.671 0.02738184546136534 0.047
0 0.49568642160540133 0.7075 0.03338334583645911 0.038
0 0.5656414103525882 0.705 0.0277569392348087 0.037
0 0.5013128282070518 0.662 0.030382595648912228 0.041
0 0.5393848462115529 0.6745 0.03375843960990248 0.04
0 0.5708927231807952 0.6745 0.0345086271567892 0.047
0 0.6055888972243061 0.68675 0.032633158289572396 0.0545
0 0.6344711177794449 0.66075 0.03488372093023256 0.0465
0 0.6445986496624156 0.701 0.03488372093023256 0.041
0 0.6789197299324832 0.7025 0.033008252063015754 0.052
0 0.4587396849212303 0.62875 0.03075768942235559 0.0455
0 0.49212303075768943 0.61825 0.03150787696924231 0.0475
0 0.5622655663915979 0.628 0.0345086271567892 0.043
0 0.590960240060015 0.63825 0.032633158289572396 0.0435
0 0.41016504126031506 0.57675 0.03188297074268567 0.0355
0 0.4527381845461365 0.592 0.033008252063015754 0.039
0 0.4118529632408102 0.54125 0.0277569392348087 0.0375
0 0.43904726181545384 0.55575 0.028882220555138786 0.0425
0 0.4840585146286572 0.56775 0.028882220555138786 0.0455
0 0.39403600900225055 0.50775 0.025881470367591898 0.0405
0 0.4071642910727682 0.49275 0.030382595648912228 0.0445
0 0.390847711927982 0.4635 0.029257314328582147 0.045
0 0.39572393098274566 0.4225 0.03075768942235559 0.041
0 0.39328582145536384 0.38975 0.029632408102025505 0.0375
0 0.40660165041260315 0.347 0.03075768942235559 0.044
0 0.4292948237059265 0.383 0.029632408102025505 0.043
0 0.44692423105776447 0.34775 0.028882220555138786 0.0425
0 0.4247936984246061 0.422 0.02663165791447862 0.043
0 0.4332333083270818 0.46175 0.029257314328582147 0.0405
0 0.4384846211552888 0.508 0.03225806451612903 0.043
0 0.4561140285071268 0.39525 0.028507126781695424 0.0455
0 0.45367591897974496 0.4365 0.02663165791447862 0.045
0 0.46774193548387094 0.47425 0.0277569392348087 0.0465
0 0.48030757689422354 0.5245 0.030382595648912228 0.048
0 0.4643660915228807 0.338 0.02700675168792198 0.047
0 0.48199549887471865 0.37375 0.030007501875468866 0.0375
0 0.47768192048012004 0.42075 0.030382595648912228 0.0415
0 0.4988747186796699 0.40325 0.0345086271567892 0.0415
0 0.5041260315078769 0.44075 0.03375843960990248 0.0455
0 0.49699924981245314 0.48475 0.030007501875468866 0.0515
0 0.5221305326331583 0.511 0.03225806451612903 0.047
0 0.5448237059264817 0.52975 0.03338334583645911 0.0405
0 0.5292573143285821 0.57725 0.03075768942235559 0.0425
0 0.5553263315828957 0.57725 0.03113278319579895 0.0495
0 0.7053638409602401 0.64975 0.034133533383345835 0.0405
0 0.7888222055513878 0.6655 0.03975993998499625 0.042
0 0.6406601650412603 0.61075 0.037509377344336084 0.0465
0 0.6089647411852963 0.59075 0.03563390847711928 0.0465
0 0.5753938484621155 0.5275 0.035258814703675916 0.038
0 0.6222805701425357 0.54675 0.033008252063015754 0.0465
0 0.654913728432108 0.5735 0.0345086271567892 0.051
0 0.7008627156789198 0.5595 0.04013503375843961 0.049
0 0.7207426856714179 0.5935 0.043135783945986494 0.045
0 0.7533758439609902 0.57225 0.043135783945986494 0.0485
0 0.7935108777194299 0.5535 0.041635408852213056 0.052
0 0.8360840210052514 0.56225 0.03825956489122281 0.0585
0 0.7333083270817704 0.5425 0.03975993998499625 0.044
0 0.7762565641410353 0.50775 0.038634658664666165 0.0465
0 0.8201425356339085 0.49075 0.043135783945986494 0.0525
0 0.6663540885221305 0.52225 0.03563390847711928 0.0425
0 0.7023630907726932 0.503 0.03938484621155289 0.044
0 0.7363090772693174 0.484 0.03600900225056264 0.047
0 0.7663165791447862 0.44475 0.035258814703675916 0.0495
0 0.8148912228057015 0.4195 0.04238559639909977 0.047
0 0.8360840210052514 0.37 0.042010502625656414 0.054
0 0.49699924981245314 0.322 0.03375843960990248 0.042
0 0.5116279069767442 0.3535 0.033008252063015754 0.041
0 0.5273818454613654 0.4265 0.035258814703675916 0.043
0 0.5361965491372843 0.46425 0.03338334583645911 0.0465
0 0.5611402850712678 0.4935 0.0345086271567892 0.043
0 0.5459489872468117 0.346 0.034133533383345835 0.042
0 0.5463240810202551 0.387 0.03563390847711928 0.046
0 0.5613278319579895 0.43475 0.03488372093023256 0.0515
0 0.576331582895724 0.3115 0.03563390847711928 0.042
0 0.5768942235558889 0.36875 0.033008252063015754 0.0505
0 0.5941485371342836 0.4125 0.03675918979744936 0.045
0 0.5971492873218305 0.46025 0.03900975243810953 0.0485
0 0.6175918979744937 0.5015 0.034133533383345835 0.049
0 0.6095273818454614 0.30075 0.03375843960990248 0.0425
0 0.6204051012753188 0.33725 0.03675918979744936 0.0505
0 0.6204051012753188 0.3955 0.03675918979744936 0.045
0 0.6369092273068268 0.2855 0.035258814703675916 0.054
0 0.6507876969242311 0.37725 0.03675918979744936 0.0505
0 0.6710427606901725 0.278 0.03600900225056264 0.05
0 0.6303450862715679 0.4395 0.037134283570892726 0.047
0 0.6588522130532634 0.41625 0.03938484621155289 0.0405
0 0.7003000750187547 0.35175 0.04051012753188297 0.0455
0 0.7222430607651913 0.2885 0.04013503375843961 0.05
0 0.7439984996249063 0.34875 0.04013503375843961 0.0485
0 0.6933608402100525 0.41125 0.034133533383345835 0.0515
0 0.6740435108777194 0.45525 0.04051012753188297 0.0495
0 0.7226181545386346 0.44225 0.038634658664666165 0.0485
0 0.745311327831958 0.3985 0.03375843960990248 0.051
0 0.6479744936234059 0.48575 0.032633158289572396 0.0455
