0 0.186609152288072 0.26525 0.10315078769692423 0.1065
0 0.12396849212303075 0.36125 0.09489872468117029 0.1015
0 0.13147036759189798 0.507 0.09114778694673668 0.111
0 0.20367591897974494 0.4135 0.09152288072018004 0.114
0 0.25300075018754686 0.344 0.09039759939984997 0.104
0 0.290510127531883 0.24125 0.08814703675918979 0.1105
0 0.18360840210052512 0.591 0.08589647411852963 0.093
0 0.24343585896474118 0.5065 0.08177044261065267 0.103
0 0.26669167291822954 0.60075 0.07801950487621906 0.1015
0 0.3343960990247562 0.60425 0.08139534883720931 0.0975
0 0.3295198799699925 0.51675 0.08589647411852963 0.0975
0 0.30870217554388596 0.423 0.08402100525131283 0.108
0 0.354463615903976 0.332 0.08327081770442611 0.107
0 0.3690922730682671 0.22925 0.08477119279819954 0.1035
0 0.44298574643660915 0.1935 0.0795198799699925 0.104
0 0.5151912978244562 0.19375 0.06789197299324831 0.1185
0 0.5864591147786947 0.1935 0.07764441110277569 0.108
0 0.48874718679669915 0.287 0.08027006751687922 0.106
0 0.6211552888222055 0.2645 0.06376594148537135 0.092
0 0.390847711927982 0.42875 0.07576894223555888 0.0985
0 0.45648912228057015 0.396 0.07576894223555888 0.101
0 0.544073518379595 0.336 0.07614403600900226 0.103
0 0.6102775693923481 0.35825 0.07201800450112528 0.0935
0 0.3992873218304576 0.55275 0.0708927231807952 0.1015
0 0.39328582145536384 0.652 0.07689422355588897 0.097
0 0.45480120030007504 0.687 0.06939234808702176 0.081
0 0.45386346586646664 0.60675 0.07051762940735183 0.0905
0 0.4609902475618905 0.50325 0.072768192048012 0.0965
0 0.5243810952738185 0.4535 0.072768192048012 0.109
0 0.5041260315078769 0.55425 0.07351837959489872 0.0945
0 0.5243810952738185 0.6235 0.072768192048012 0.083
0 0.5260690172543135 0.7175 0.07314328582145536 0.092
0 0.5692048012003 0.7675 0.06489122280570142 0.084
0 0.6309077269317329 0.84225 0.06526631657914479 0.0905
0 0.6836084021005251 0.90125 0.06564141035258815 0.0895
0 0.7376219054763691 0.906 0.0641410352588147 0.08
0 0.7749437359339835 0.823 0.05401350337584396 0.077
0 0.7166166541635409 0.8015 0.06789197299324831 0.075
0 0.6723555888972244 0.77175 0.05588897224306077 0.0815
0 0.6252813203300825 0.75225 0.06526631657914479 0.0875
0 0.8081395348837209 0.75775 0.05813953488372093 0.0845
0 0.7593773443360841 0.74025 0.05813953488372093 0.0815
0 0.6768567141785446 0.69725 0.06264066016504126 0.0825
0 0.6239684921230307 0.65875 0.06939234808702176 0.0835
0 0.576331582895724 0.53825 0.07164291072768192 0.0875
0 0.6342835708927231 0.57725 0.07051762940735183 0.0935
0 0.6787321830457614 0.6045 0.07239309827456865 0.08
0 0.7216804201050263 0.661 0.060765191297824456 0.077
0 0.8203300825206301 0.6745 0.05476369092273068 0.078
0 0.777569392348087 0.64625 0.06676669167291822 0.0855
0 0.7430607651912978 0.58875 0.06376594148537135 0.0895
0 0.8426481620405101 0.59225 0.061140285071267814 0.0845
0 0.6010877719429858 0.45325 0.0708927231807952 0.0935
0 0.6556639159789948 0.49225 0.072768192048012 0.0945
0 0.7051762940735183 0.51975 0.056264066016504126 0.0975
0 0.7650037509377344 0.52275 0.06489122280570142 0.0835
0 0.8223930982745686 0.49025 0.05588897224306077 0.0845
0 0.7841335333833458 0.44475 0.061890472618154536 0.0895
0 0.7274943735933983 0.43475 0.06339084771192798 0.0945
0 0.6779819954988747 0.4015 0.06339084771192798 0.096
0 0.6830457614403601 0.31275 0.06376594148537135 0.0885
0 0.7522505626406601 0.351 0.06789197299324831 0.091
