0 0.08308327081770443 0.384 0.07164291072768192 0.09
0 0.18529632408102026 0.3565 0.07576894223555888 0.09
0 0.15191297824456115 0.45925 0.07126781695423856 0.0845
0 0.2670667666916729 0.34275 0.07501875468867217 0.0925
0 0.22355588897224307 0.46 0.07876969242310577 0.086
0 0.19673668417104276 0.512 0.07164291072768192 0.081
0 0.21605401350337583 0.5745 0.07051762940735183 0.079
0 0.2518754688672168 0.64675 0.06564141035258815 0.0745
0 0.3034508627156789 0.6735 0.07051762940735183 0.075
0 0.3073893473368342 0.602 0.0708927231807952 0.076
0 0.2721305326331583 0.54525 0.0708927231807952 0.0765
0 0.3152663165791448 0.46275 0.07164291072768192 0.0865
0 0.33214553638409605 0.405 0.08664666166541636 0.095
0 0.3812828207051763 0.476 0.07539384846211553 0.09
0 0.34246061515378845 0.56175 0.07801950487621906 0.0655
0 0.36852963240810205 0.62125 0.06864216054013503 0.0795
0 0.3664666166541635 0.71625 0.06151537884471118 0.0625
0 0.43285821455363843 0.73825 0.058514628657164294 0.0625
0 0.4146661665416354 0.688 0.07314328582145536 0.068
0 0.4836834208552138 0.79375 0.06789197299324831 0.0605
0 0.4836834208552138 0.731 0.0671417854463616 0.07
0 0.44129782445611404 0.6355 0.07389347336834208 0.07
0 0.413728432108027 0.56925 0.072768192048012 0.0695
0 0.42441860465116277 0.34425 0.08439609902475619 0.0935
0 0.44317329332333083 0.45925 0.07989497374343586 0.0935
0 0.5037509377344336 0.3355 0.08027006751687922 0.104
0 0.5373218304576144 0.40775 0.07539384846211553 0.0905
0 0.5097524381095274 0.48475 0.07351837959489872 0.0755
0 0.4863090772693173 0.5615 0.07689422355588897 0.082
0 0.505251312828207 0.63125 0.072768192048012 0.0705
0 0.5328207051762941 0.6905 0.06564141035258815 0.065
0 0.5376969242310577 0.7475 0.06564141035258815 0.065
0 0.5468867216804201 0.80925 0.05776444111027757 0.0665
0 0.6035258814703676 0.784 0.06151537884471118 0.073
0 0.6667291822955739 0.76875 0.061140285071267814 0.0695
0 0.6014628657164292 0.71625 0.06564141035258815 0.0685
0 0.704801200300075 0.73325 0.06601650412603151 0.0605
0 0.6536009002250562 0.685 0.06264066016504126 0.082
0 0.5881470367591898 0.64575 0.07501875468867217 0.0725
0 0.5665791447861965 0.5865 0.07014253563390847 0.086
0 0.5849587396849212 0.49525 0.07014253563390847 0.0855
0 0.5864591147786947 0.2995 0.08214553638409602 0.108
0 0.6194673668417104 0.39125 0.08964741185296324 0.0955
0 0.6629782445611403 0.2885 0.07614403600900226 0.102
0 0.7438109527381845 0.276 0.07801950487621906 0.099
0 0.7995123780945236 0.312 0.07314328582145536 0.096
0 0.7198049512378094 0.40075 0.07426856714178545 0.0985
0 0.673668417104276 0.4795 0.0795198799699925 0.09
0 0.7781320330082521 0.408 0.07614403600900226 0.098
0 0.8852213053263316 0.4275 0.07801950487621906 0.095
0 0.6322205551387847 0.5585 0.07689422355588897 0.095
0 0.7286196549137285 0.482 0.07689422355588897 0.1
0 0.7901350337584396 0.5365 0.07914478619654913 0.082
0 0.9165416354088523 0.539 0.07014253563390847 0.094
0 0.7162415603900976 0.587 0.07539384846211553 0.082
0 0.7147411852963241 0.64 0.07989497374343586 0.081
0 0.7854463615903976 0.62425 0.08177044261065267 0.0815
0 0.8863465866466617 0.606 0.08702175543885972 0.082
0 0.7755063765941486 0.71 0.07239309827456865 0.073
0 0.7713803450862715 0.78 0.0641410352588147 0.072
0 0.8195798949737434 0.73275 0.06676669167291822 0.0715
0 0.8872843210802701 0.6935 0.07614403600900226 0.068
