0 0.13090772693173294 0.3805 0.056264066016504126 0.081
0 0.10183795948987247 0.437 0.061890472618154536 0.071
0 0.10690172543135784 0.50875 0.05326331582895724 0.0775
0 0.1024006001500375 0.57875 0.051762940735183796 0.0675
0 0.09602400600150038 0.648 0.051762940735183796 0.071
0 0.1350337584396099 0.688 0.04801200300075019 0.069
0 0.1494748687171793 0.59025 0.04088522130532633 0.0805
0 0.18473368342085522 0.59825 0.046136534133533386 0.0725
0 0.1828582145536384 0.6505 0.056639159789947484 0.057
0 0.1905476369092273 0.7095 0.047261815453863466 0.069
0 0.2357464366091523 0.747 0.05438859714928732 0.069
0 0.26969242310577646 0.73125 0.05701425356339085 0.0735
0 0.23237059264816204 0.681 0.055138784696174045 0.07
0 0.24606151537884471 0.6185 0.05701425356339085 0.07
0 0.1837959489872468 0.51975 0.058514628657164294 0.0725
0 0.17966991747936983 0.4345 0.05251312828207052 0.081
0 0.2280570142535634 0.46975 0.06601650412603151 0.0755
0 0.23987246811702925 0.5455 0.05888972243060765 0.076
0 0.29257314328582146 0.527 0.06676669167291822 0.072
0 0.290510127531883 0.46275 0.056639159789947484 0.0795
0 0.2591897974493623 0.39 0.056264066016504126 0.093
0 0.20555138784696175 0.3745 0.060765191297824456 0.086
0 0.27719429857464367 0.2955 0.056264066016504126 0.087
0 0.3162040510127532 0.37025 0.06001500375093773 0.0895
0 0.35596399099774945 0.42925 0.05776444111027757 0.0775
0 0.34658664666166544 0.50225 0.05701425356339085 0.0765
0 0.29538634658664664 0.601 0.059639909977494375 0.071
0 0.28994748687171795 0.6655 0.06001500375093773 0.065
0 0.32708177044261066 0.71775 0.04876219054763691 0.0735
0 0.33983495873968494 0.65625 0.05251312828207052 0.0715
0 0.3152663165791448 0.78325 0.05438859714928732 0.0515
0 0.42516879219804954 0.7685 0.055138784696174045 0.061
0 0.3812828207051763 0.70625 0.050637659414853715 0.0675
0 0.4347336834208552 0.70475 0.06151537884471118 0.0685
0 0.3962865716429107 0.635 0.05738934733683421 0.071
0 0.3524006001500375 0.57975 0.06339084771192798 0.0725
0 0.41429107276819205 0.566 0.0603900975243811 0.069
0 0.4491747936984246 0.62375 0.05588897224306077 0.0765
0 0.4883720930232558 0.6945 0.05326331582895724 0.077
0 0.508814703675919 0.63175 0.059639909977494375 0.0865
0 0.5429482370592649 0.70775 0.05888972243060765 0.0745
0 0.5708927231807952 0.63725 0.05701425356339085 0.0685
0 0.6042760690172543 0.701 0.05701425356339085 0.069
0 0.6342835708927231 0.64675 0.06151537884471118 0.0785
0 0.6599774943735934 0.70575 0.05588897224306077 0.0735
0 0.595086271567892 0.5705 0.05738934733683421 0.084
0 0.5373218304576144 0.555 0.05888972243060765 0.076
0 0.47768192048012004 0.554 0.05888972243060765 0.074
0 0.40341335333833456 0.492 0.05888972243060765 0.077
0 0.45555138784696175 0.47925 0.06339084771192798 0.0735
0 0.5264441110277569 0.47875 0.0641410352588147 0.0725
0 0.47674418604651164 0.39125 0.06751687921980495 0.0855
0 0.41616654163540884 0.41525 0.0641410352588147 0.0875
0 0.3696549137284321 0.3425 0.0671417854463616 0.089
0 0.3430232558139535 0.26675 0.06789197299324831 0.0915
0 0.43717179294823705 0.228 0.059639909977494375 0.084
0 0.4418604651162791 0.3225 0.06151537884471118 0.093
0 0.4904351087771943 0.2575 0.06789197299324831 0.095
0 0.5200675168792198 0.16825 0.07689422355588897 0.0805
0 0.4975618904726182 0.09875 0.055138784696174045 0.0795
0 0.6172168042010503 0.2525 0.06864216054013503 0.093
0 0.540510127531883 0.31 0.06676669167291822 0.094
0 0.6016504126031508 0.34975 0.07126781695423856 0.1035
0 0.6380345086271568 0.413 0.05776444111027757 0.088
0 0.5517629407351838 0.3935 0.0622655663915979 0.083
0 0.6149662415603901 0.4905 0.06789197299324831 0.082
0 0.7421230307576894 0.12425 0.07614403600900226 0.0965
0 0.7004876219054764 0.237 0.08139534883720931 0.102
0 0.7657539384846211 0.26425 0.06339084771192798 0.1085
0 0.8118904726181545 0.3285 0.07764441110277569 0.1
0 0.8390847711927982 0.3985 0.06526631657914479 0.1
0 0.6757314328582146 0.32675 0.0603900975243811 0.0915
0 0.7331207801950488 0.3595 0.07614403600900226 0.087
0 0.6999249812453113 0.44375 0.06676669167291822 0.0965
0 0.7685671417854464 0.439 0.06676669167291822 0.094
0 0.7830082520630157 0.51775 0.06489122280570142 0.0885
0 0.849774943735934 0.48125 0.06864216054013503 0.0795
0 0.9069767441860465 0.536 0.06151537884471118 0.088
0 0.8435858964741185 0.57275 0.06676669167291822 0.0825
0 0.7064891222805701 0.53225 0.06264066016504126 0.0885
0 0.7432483120780196 0.59125 0.07239309827456865 0.0735
0 0.6567891972993248 0.586 0.060765191297824456 0.077
0 0.6997374343585896 0.63975 0.061140285071267814 0.0735
0 0.7642535633908477 0.66025 0.06789197299324831 0.0785
0 0.7764441110277569 0.7125 0.056264066016504126 0.058
0 0.7209302325581395 0.7015 0.06451612903225806 0.07
0 0.826331582895724 0.64375 0.06676669167291822 0.0725
0 0.8413353338334584 0.70225 0.06601650412603151 0.0665
0 0.9141035258814704 0.697 0.06301575393848462 0.077
0 0.9141035258814704 0.62325 0.06676669167291822 0.0725
0 0.9217929482370593 0.42625 0.06789197299324831 0.0735
0 0.932483120780195 0.35225 0.06751687921980495 0.0865
0 0.9013503375843961 0.282 0.0690172543135784 0.089
