0 0.09077269317329333 0.268 0.03375843960990248 0.06
0 0.05776444111027757 0.332 0.03825956489122281 0.058
0 0.0622655663915979 0.3865 0.03600900225056264 0.053
0 0.08008252063015754 0.405 0.034133533383345835 0.063
0 0.052138034508627154 0.43525 0.037509377344336084 0.0505
0 0.07070517629407352 0.4625 0.03788447111777944 0.056
0 0.050825206301575394 0.508 0.036384096024006 0.055
0 0.14628657164291073 0.24175 0.04426106526631658 0.0655
0 0.12040510127531882 0.312 0.04051012753188297 0.059
0 0.1504126031507877 0.36425 0.03675918979744936 0.0615
0 0.12434358589647412 0.418 0.04238559639909977 0.06
0 0.12940735183795948 0.4515 0.035258814703675916 0.043
0 0.1187171792948237 0.50375 0.03113278319579895 0.0535
0 0.10090022505626407 0.54225 0.029257314328582147 0.0475
0 0.12021755438859714 0.5595 0.034133533383345835 0.05
0 0.12228057014253563 0.6345 0.03675918979744936 0.061
0 0.2031132783195799 0.211 0.043135783945986494 0.065
0 0.18567141785446362 0.29725 0.0345086271567892 0.0625
0 0.20123780945236308 0.3415 0.03788447111777944 0.056
0 0.19711177794448612 0.402 0.03788447111777944 0.061
0 0.15978994748687173 0.4515 0.03675918979744936 0.064
0 0.15566391597899476 0.4935 0.04051012753188297 0.044
0 0.17498124531132783 0.51475 0.038634658664666165 0.0575
0 0.1599774943735934 0.5435 0.036384096024006 0.05
0 0.1888597149287322 0.5895 0.03338334583645911 0.054
0 0.2128657164291073 0.63875 0.037134283570892726 0.0545
0 0.25 0.65025 0.04463615903975994 0.0635
0 0.29538634658664664 0.69125 0.038634658664666165 0.0565
0 0.31451612903225806 0.73875 0.041635408852213056 0.0675
0 0.353900975243811 0.68775 0.04838709677419355 0.0595
0 0.3259564891222806 0.6355 0.04051012753188297 0.066
0 0.27925731432858214 0.60725 0.04463615903975994 0.0555
0 0.25225056264066015 0.57875 0.043135783945986494 0.0435
0 0.20198799699924982 0.54675 0.038634658664666165 0.0625
0 0.29744936234058517 0.5745 0.04276069017254314 0.041
0 0.2920105026256564 0.5385 0.04463615903975994 0.076
0 0.25525131282820707 0.53825 0.04013503375843961 0.0605
0 0.23893473368342086 0.49725 0.04126031507876969 0.0515
0 0.19767441860465115 0.45675 0.035258814703675916 0.0745
0 0.22955738934733683 0.45425 0.03900975243810953 0.0645
0 0.22749437359339836 0.37975 0.03488372093023256 0.0665
0 0.2903225806451613 0.4825 0.04276069017254314 0.056
0 0.2996999249812453 0.43075 0.042010502625656414 0.0635
0 0.2751312828207052 0.3925 0.04013503375843961 0.066
0 0.26500375093773443 0.32425 0.04088522130532633 0.0635
0 0.22674418604651161 0.277 0.032633158289572396 0.059
0 0.25375093773443363 0.27625 0.04013503375843961 0.0655
0 0.27738184546136535 0.23375 0.041635408852213056 0.0585
0 0.26387846961740435 0.12225 0.036384096024006 0.0715
0 0.2972618154538635 0.17375 0.04388597149287322 0.0655
0 0.3394598649662416 0.1265 0.04276069017254314 0.06
0 0.3469617404351088 0.177 0.04126031507876969 0.07
0 0.3208927231807952 0.2485 0.04688672168042011 0.057
0 0.30607651912978245 0.30525 0.0450112528132033 0.0685
0 0.32483120780195046 0.3655 0.042010502625656414 0.066
0 0.40153788447111777 0.129 0.04688672168042011 0.065
0 0.3869092273068267 0.18575 0.04913728432108027 0.0715
0 0.3784696174043511 0.24325 0.0450112528132033 0.0685
0 0.35502625656414105 0.3305 0.04088522130532633 0.069
0 0.3927231807951988 0.3035 0.04576144036009002 0.064
0 0.42179294823705926 0.2575 0.04013503375843961 0.078
0 0.43642160540135033 0.156 0.04688672168042011 0.073
0 0.4838709677419355 0.16825 0.04876219054763691 0.0675
0 0.47186796699174793 0.2295 0.05101275318829707 0.064
0 0.38484621155288823 0.388 0.04276069017254314 0.063
0 0.3563390847711928 0.436 0.03675918979744936 0.066
0 0.3715303825956489 0.49275 0.04463615903975994 0.0605
0 0.40097524381095273 0.436 0.0450112528132033 0.066
0 0.37490622655663913 0.56075 0.04463615903975994 0.0615
0 0.3582145536384096 0.6015 0.042010502625656414 0.052
0 0.40003750937734434 0.6285 0.041635408852213056 0.057
0 0.422543135783946 0.67625 0.04388597149287322 0.0595
0 0.38822205551387845 0.7185 0.037509377344336084 0.058
0 0.4146661665416354 0.759 0.043135783945986494 0.061
0 0.46155288822205554 0.7825 0.04463615903975994 0.058
0 0.5480120030007501 0.7995 0.046511627906976744 0.062
0 0.5941485371342836 0.77075 0.05101275318829707 0.0635
0 0.6140285071267817 0.7295 0.046511627906976744 0.064
0 0.6397224306076519 0.697 0.0536384096024006 0.069
0 0.5076894223555889 0.759 0.04463615903975994 0.061
0 0.5577644411102776 0.73175 0.04951237809452363 0.0635
0 0.45911477869467365 0.70875 0.04351087771942986 0.0535
0 0.5033758439609902 0.68975 0.046511627906976744 0.0575
0 0.4578019504876219 0.6565 0.04463615903975994 0.057
0 0.5 0.6425 0.04576144036009002 0.068
0 0.555701425356339 0.659 0.047636909227306824 0.064
0 0.5954613653413353 0.67025 0.047636909227306824 0.0705
0 0.6303450862715679 0.61875 0.052138034508627154 0.0735
0 0.581582895723931 0.60775 0.052138034508627154 0.0685
0 0.5341335333833458 0.592 0.04051012753188297 0.068
0 0.47918229557389347 0.564 0.04913728432108027 0.072
0 0.4232933233308327 0.58575 0.04838709677419355 0.0605
0 0.6235933983495874 0.5455 0.05588897224306077 0.065
0 0.5697674418604651 0.53875 0.046511627906976744 0.0625
0 0.522880720180045 0.53025 0.046511627906976744 0.0615
0 0.40772693173293323 0.5265 0.04426106526631658 0.063
0 0.45236309077269315 0.50175 0.047261815453863466 0.0655
0 0.4973743435858965 0.47775 0.0450112528132033 0.0605
0 0.5481995498874719 0.48675 0.04988747186796699 0.0665
0 0.46249062265566393 0.44075 0.04426106526631658 0.0655
0 0.6057764441110277 0.4825 0.04951237809452363 0.068
0 0.6468492123030758 0.46625 0.05738934733683421 0.0685
0 0.5020630157539385 0.421 0.04538634658664666 0.068
0 0.5538259564891223 0.3905 0.04688672168042011 0.077
0 0.6016504126031508 0.4185 0.0555138784696174 0.068
0 0.4234808702175544 0.37125 0.04351087771942986 0.0595
0 0.4671792948237059 0.3735 0.04688672168042011 0.068
0 0.5058139534883721 0.3485 0.046136534133533386 0.067
0 0.4741185296324081 0.31575 0.0450112528132033 0.0645
0 0.5204426106526632 0.2745 0.04838709677419355 0.069
0 0.5290697674418605 0.2115 0.04913728432108027 0.063
0 0.5742685671417854 0.25475 0.05476369092273068 0.0645
0 0.5583270817704427 0.31525 0.0536384096024006 0.0685
0 0.6277194298574643 0.274 0.05738934733683421 0.077
0 0.6093398349587397 0.33375 0.05738934733683421 0.0745
0 0.6618529632408102 0.373 0.059639909977494375 0.07
0 0.6869842460615154 0.324 0.05813953488372093 0.071
