0 0.4855588897224306 0.9295 0.04388597149287322 0.048
0 0.532258064516129 0.9315 0.04351087771942986 0.07
0 0.5853338334583645 0.92 0.04688672168042011 0.058
0 0.48930982745686424 0.8765 0.04463615903975994 0.065
0 0.5375093773443361 0.86375 0.046511627906976744 0.0495
0 0.586271567891973 0.87 0.046511627906976744 0.055
0 0.6254688672168042 0.832 0.04988747186796699 0.057
0 0.5759564891222806 0.82425 0.0536384096024006 0.0545
0 0.5256939234808702 0.81575 0.052138034508627154 0.0555
0 0.5073143285821455 0.7795 0.05288822205551388 0.077
0 0.46230307576894225 0.82575 0.050637659414853715 0.0695
0 0.40678919729932483 0.81775 0.052138034508627154 0.0645
0 0.44392348087021755 0.7615 0.05438859714928732 0.067
0 0.34414853713428356 0.80275 0.061890472618154536 0.0715
0 0.27344336084021004 0.75175 0.05776444111027757 0.0715
0 0.23293323330832708 0.80825 0.0622655663915979 0.0695
0 0.2175543885971493 0.735 0.06001500375093773 0.082
0 0.33402100525131284 0.72425 0.06489122280570142 0.0675
0 0.390285071267817 0.751 0.055138784696174045 0.059
0 0.1581020255063766 0.694 0.05888972243060765 0.074
0 0.23705926481620404 0.656 0.06151537884471118 0.079
0 0.29744936234058517 0.67225 0.0690172543135784 0.0715
0 0.3707801950487622 0.68325 0.056639159789947484 0.0835
0 0.4249812453113278 0.708 0.060765191297824456 0.063
0 0.48930982745686424 0.71675 0.0603900975243811 0.0735
0 0.54576144036009 0.7225 0.0450112528132033 0.07
0 0.608589647411853 0.73725 0.04913728432108027 0.0665
0 0.6181545386346586 0.7775 0.05326331582895724 0.05
0 0.6642910727681921 0.73675 0.05251312828207052 0.0625
0 0.660165041260315 0.6675 0.0555138784696174 0.055
0 0.5860840210052514 0.6765 0.04913728432108027 0.071
0 0.5286946736684172 0.66525 0.055138784696174045 0.0655
0 0.1207801950487622 0.61575 0.06526631657914479 0.0715
0 0.18079519879969994 0.61175 0.07051762940735183 0.0805
0 0.24643660915228807 0.5685 0.06976744186046512 0.066
0 0.29763690922730685 0.6015 0.0641410352588147 0.071
0 0.3606526631657914 0.60825 0.061890472618154536 0.0725
0 0.4189797449362341 0.6425 0.06526631657914479 0.075
0 0.4846211552888222 0.62875 0.05926481620405101 0.0755
0 0.5588897224306076 0.60925 0.05251312828207052 0.0755
0 0.6115903975993998 0.61075 0.04838709677419355 0.0665
0 0.6573518379594899 0.55825 0.052138034508627154 0.0675
0 0.6129032258064516 0.5495 0.05701425356339085 0.069
0 0.5560765191297824 0.52775 0.056639159789947484 0.0795
0 0.5103150787696924 0.569 0.05738934733683421 0.075
0 0.4518004501125281 0.58425 0.059639909977494375 0.0735
0 0.4939984996249062 0.5 0.05776444111027757 0.077
0 0.43360840210052515 0.50275 0.06376594148537135 0.0905
0 0.38465866466616655 0.54025 0.05438859714928732 0.0795
0 0.3267066766691673 0.5435 0.06826706676669167 0.079
0 0.24924981245311328 0.504 0.06864216054013503 0.082
0 0.19486121530382597 0.52775 0.06639159789947487 0.0845
0 0.12190547636909227 0.54175 0.0690172543135784 0.0805
0 0.1406601650412603 0.447 0.0622655663915979 0.073
0 0.19823705926481622 0.4445 0.06939234808702176 0.089
0 0.28863465866466614 0.4265 0.06639159789947487 0.085
0 0.40735183795948987 0.43125 0.06676669167291822 0.0845
0 0.48612153038259565 0.43275 0.0622655663915979 0.0815
0 0.5510127531882971 0.45275 0.05776444111027757 0.0795
0 0.6114028507126782 0.48725 0.06001500375093773 0.0775
0 0.6671042760690172 0.48125 0.05138784696174044 0.0785
0 0.6740435108777194 0.396 0.05476369092273068 0.083
0 0.6065266316579144 0.4105 0.06001500375093773 0.08
0 0.6687921980495124 0.31525 0.0622655663915979 0.0845
0 0.5980870217554388 0.33075 0.06639159789947487 0.0815
0 0.5354463615903976 0.375 0.061140285071267814 0.093
0 0.48930982745686424 0.344 0.07014253563390847 0.086
0 0.41522880720180044 0.34125 0.07576894223555888 0.0955
0 0.3493998499624906 0.37775 0.0708927231807952 0.0865
0 0.22824456114028507 0.3755 0.07689422355588897 0.092
0 0.16110277569392348 0.3755 0.07314328582145536 0.088
0 0.22618154538634658 0.27175 0.07576894223555888 0.1045
0 0.28582145536384096 0.3315 0.06976744186046512 0.096
0 0.36196549137284323 0.297 0.07501875468867217 0.092
0 0.43023255813953487 0.2 0.07051762940735183 0.101
0 0.46886721680420107 0.2545 0.06451612903225806 0.087
0 0.5320705176294074 0.2915 0.05438859714928732 0.089
0 0.5328207051762941 0.1985 0.06789197299324831 0.098
0 0.6183420855213804 0.225 0.06789197299324831 0.099
0 0.5343210802700675 0.1005 0.06264066016504126 0.104
0 0.6475993998499625 0.16375 0.0671417854463616 0.0955
0 0.6862340585146287 0.2285 0.061140285071267814 0.102
0 0.7569392348087022 0.2695 0.06151537884471118 0.095
0 0.8060765191297824 0.2625 0.05926481620405101 0.093
0 0.8287696924231058 0.3225 0.05738934733683421 0.085
0 0.7297449362340586 0.34475 0.05813953488372093 0.0865
0 0.7766316579144786 0.38175 0.04988747186796699 0.0715
0 0.8480870217554388 0.3965 0.056264066016504126 0.075
0 0.72768192048012 0.4225 0.05776444111027757 0.079
0 0.7833833458364591 0.44 0.052138034508627154 0.073
0 0.8328957239309828 0.46275 0.04838709677419355 0.0755
0 0.7331207801950488 0.48225 0.059639909977494375 0.0655
0 0.7695048762190547 0.507 0.05288822205551388 0.078
0 0.713615903975994 0.5375 0.05738934733683421 0.063
0 0.7049887471867967 0.6175 0.05288822205551388 0.063
0 0.708927231807952 0.688 0.04801200300075019 0.066
0 0.7074268567141786 0.7385 0.04276069017254314 0.065
