0 0.11009002250562641 0.55775 0.0641410352588147 0.0685
0 0.1571642910727682 0.59975 0.0622655663915979 0.0605
0 0.1916729182295574 0.558 0.056264066016504126 0.081
0 0.15960240060015005 0.482 0.0603900975243811 0.081
0 0.21380345086271568 0.44225 0.06601650412603151 0.0785
0 0.25543885971492875 0.495 0.06676669167291822 0.084
0 0.29069767441860467 0.4345 0.06001500375093773 0.08
0 0.263503375843961 0.36875 0.05738934733683421 0.0845
0 0.3162040510127532 0.366 0.058514628657164294 0.088
0 0.35352588147036756 0.43825 0.05813953488372093 0.0805
0 0.3394598649662416 0.281 0.06301575393848462 0.091
0 0.4051012753188297 0.3005 0.0690172543135784 0.088
0 0.38840960240060013 0.38375 0.061890472618154536 0.0855
0 0.4508627156789197 0.39325 0.06526631657914479 0.0685
0 0.4180420105026257 0.481 0.055138784696174045 0.075
0 0.32239309827456863 0.51225 0.05738934733683421 0.0715
0 0.2931357839459865 0.564 0.0536384096024006 0.077
0 0.22280570142535633 0.616 0.04951237809452363 0.07
0 0.2565641410352588 0.6705 0.056264066016504126 0.068
0 0.3073893473368342 0.6435 0.05438859714928732 0.073
0 0.36177794448612155 0.65475 0.05813953488372093 0.0625
0 0.4165416354088522 0.67775 0.05888972243060765 0.0715
0 0.4472993248312078 0.753 0.0603900975243811 0.059
0 0.47336834208552137 0.70275 0.0555138784696174 0.0625
0 0.5131282820705176 0.72825 0.05326331582895724 0.0675
0 0.5348837209302325 0.65625 0.05326331582895724 0.0685
0 0.4816204051012753 0.56125 0.0622655663915979 0.0745
0 0.49474868717179293 0.608 0.051762940735183796 0.059
0 0.4197299324831208 0.5995 0.05776444111027757 0.074
0 0.3754688672168042 0.553 0.05326331582895724 0.075
0 0.4741185296324081 0.4865 0.056264066016504126 0.071
0 0.5193173293323331 0.4375 0.059639909977494375 0.071
0 0.535821455363841 0.5095 0.0603900975243811 0.074
0 0.5001875468867217 0.33275 0.05438859714928732 0.0745
0 0.47243060765191297 0.27825 0.0603900975243811 0.0835
0 0.4951237809452363 0.19125 0.06376594148537135 0.0975
0 0.5650787696924231 0.192 0.0671417854463616 0.091
0 0.5750187546886721 0.2755 0.06751687921980495 0.078
0 0.5776444111027756 0.37075 0.0622655663915979 0.0965
0 0.5795198799699925 0.44925 0.0555138784696174 0.0725
0 0.5911477869467366 0.50625 0.0622655663915979 0.0715
0 0.568642160540135 0.58625 0.05251312828207052 0.0755
0 0.6234058514628658 0.5775 0.05251312828207052 0.08
0 0.5855213803450863 0.635 0.05701425356339085 0.074
0 0.6168417104276069 0.687 0.0603900975243811 0.056
0 0.6603525881470368 0.65175 0.06264066016504126 0.0755
0 0.7079894973743436 0.609 0.05588897224306077 0.083
0 0.713053263315829 0.66825 0.0555138784696174 0.0765
0 0.7558139534883721 0.724 0.06601650412603151 0.069
0 0.805701425356339 0.6815 0.06001500375093773 0.072
0 0.7591897974493623 0.5685 0.05476369092273068 0.086
0 0.7972618154538634 0.5965 0.059639909977494375 0.08
0 0.8488372093023255 0.62925 0.05776444111027757 0.0795
0 0.8794073518379595 0.674 0.055138784696174045 0.075
0 0.668417104276069 0.694 0.05251312828207052 0.058
0 0.709489872468117 0.52325 0.05438859714928732 0.0795
0 0.6843585896474118 0.45075 0.06339084771192798 0.0765
0 0.7618154538634658 0.468 0.06301575393848462 0.077
0 0.8248312078019505 0.54025 0.06601650412603151 0.0855
0 0.812828207051763 0.45275 0.0555138784696174 0.0725
0 0.8660915228807202 0.4655 0.0555138784696174 0.063
0 0.873218304576144 0.411 0.0622655663915979 0.08
0 0.7961365341335334 0.384 0.06939234808702176 0.089
0 0.7346211552888222 0.40225 0.061140285071267814 0.0745
0 0.6429107276819205 0.39775 0.06301575393848462 0.0765
0 0.6264066016504126 0.3155 0.06001500375093773 0.077
0 0.6924231057764441 0.3465 0.06151537884471118 0.075
0 0.7363090772693174 0.309 0.05101275318829707 0.083
0 0.6807951987997 0.25625 0.072768192048012 0.0915
0 0.631470367591898 0.2035 0.0641410352588147 0.09
0 0.6095273818454614 0.11725 0.06751687921980495 0.0865
0 0.6899849962490623 0.17075 0.0671417854463616 0.0875
0 0.7252438109527382 0.2135 0.05813953488372093 0.082
0 0.7273068267066767 0.08625 0.06676669167291822 0.1025
0 0.7976369092273068 0.158 0.06564141035258815 0.088
0 0.8660915228807202 0.15225 0.0690172543135784 0.0915
0 0.8291447861965492 0.2385 0.059639909977494375 0.089
0 0.8572768192048013 0.308 0.061890472618154536 0.077
0 0.5753938484621155 0.7295 0.06151537884471118 0.07
0 0.9124156039009752 0.39975 0.04988747186796699 0.0815
