0 0.14684921230307577 0.38725 0.0603900975243811 0.0675
0 0.15060015003750937 0.338 0.03788447111777944 0.045
0 0.17948237059264815 0.259 0.030382595648912228 0.045
0 0.18323330832708176 0.31025 0.05138784696174044 0.0675
0 0.21417854463615904 0.26325 0.05251312828207052 0.0805
0 0.25525131282820707 0.2295 0.05888972243060765 0.089
0 0.3304576144036009 0.25975 0.05401350337584396 0.0835
0 0.2946361590397599 0.32225 0.05738934733683421 0.0765
0 0.23987246811702925 0.3475 0.059639909977494375 0.086
0 0.2154913728432108 0.40425 0.05138784696174044 0.0755
0 0.1888597149287322 0.45575 0.055138784696174045 0.0665
0 0.28769692423105775 0.3915 0.060765191297824456 0.07
0 0.23987246811702925 0.48225 0.056639159789947484 0.0765
0 0.1761065266316579 0.52225 0.05738934733683421 0.0755
0 0.2524381095273818 0.5435 0.047261815453863466 0.072
0 0.20086271567891972 0.609 0.05288822205551388 0.069
0 0.25431357839459867 0.6405 0.04951237809452363 0.064
0 0.2938859714928732 0.6955 0.05588897224306077 0.07
0 0.3257689422355589 0.741 0.05288822205551388 0.06
0 0.32558139534883723 0.804 0.029257314328582147 0.066
0 0.35521380345086273 0.799 0.05251312828207052 0.065
0 0.3621530382595649 0.867 0.037134283570892726 0.061
0 0.3850337584396099 0.8465 0.05288822205551388 0.073
0 0.382033008252063 0.73275 0.04463615903975994 0.0645
0 0.38803450862715677 0.6725 0.050637659414853715 0.067
0 0.31095273818454616 0.581 0.05476369092273068 0.067
0 0.3664666166541635 0.59175 0.05326331582895724 0.0675
0 0.29857464366091524 0.49025 0.05101275318829707 0.0685
0 0.34433608402100524 0.529 0.051762940735183796 0.071
0 0.34339834958739685 0.438 0.04988747186796699 0.067
0 0.390847711927982 0.501 0.04801200300075019 0.066
0 0.3599024756189047 0.38125 0.05138784696174044 0.0725
0 0.3675918979744936 0.31175 0.05101275318829707 0.0735
0 0.4377344336084021 0.893 0.051762940735183796 0.068
0 0.5131282820705176 0.92075 0.04951237809452363 0.0615
0 0.5005626406601651 0.872 0.047636909227306824 0.069
0 0.4463615903975994 0.835 0.047261815453863466 0.064
0 0.4174793698424606 0.78625 0.04801200300075019 0.0735
0 0.45067516879219804 0.7405 0.05288822205551388 0.065
0 0.4836834208552138 0.78475 0.0536384096024006 0.0725
0 0.5330082520630157 0.817 0.04951237809452363 0.07
0 0.5536384096024006 0.863 0.046511627906976744 0.056
0 0.440735183795949 0.687 0.04951237809452363 0.063
0 0.49006001500375096 0.7065 0.052138034508627154 0.069
0 0.5320705176294074 0.74225 0.04913728432108027 0.0675
0 0.43117029257314327 0.61775 0.04913728432108027 0.0675
0 0.4808702175543886 0.64375 0.04801200300075019 0.0705
0 0.5397599399849963 0.66925 0.04951237809452363 0.0665
0 0.5238184546136534 0.61 0.047636909227306824 0.063
0 0.4761815453863466 0.576 0.04688672168042011 0.063
0 0.4195423855963991 0.55125 0.05738934733683421 0.0705
0 0.47430607651912976 0.513 0.047636909227306824 0.064
0 0.5180045011252813 0.54525 0.05026256564141035 0.0605
0 0.3983495873968492 0.429 0.05326331582895724 0.067
0 0.4426106526631658 0.45275 0.05326331582895724 0.0685
0 0.5151912978244562 0.47975 0.04538634658664666 0.0605
0 0.41822955738934736 0.36075 0.051762940735183796 0.0665
0 0.459489872468117 0.3885 0.0450112528132033 0.065
0 0.5045011252813203 0.42475 0.04876219054763691 0.0695
0 0.4262940735183796 0.29225 0.04988747186796699 0.0605
0 0.4829332333083271 0.32225 0.04838709677419355 0.0655
0 0.5266316579144786 0.34 0.046511627906976744 0.069
0 0.39309827456864216 0.18125 0.05326331582895724 0.0805
0 0.44973743435858965 0.14925 0.0555138784696174 0.0755
0 0.43792198049512376 0.2295 0.047636909227306824 0.067
0 0.47843210802700675 0.2605 0.050637659414853715 0.064
0 0.504688672168042 0.1915 0.050637659414853715 0.072
0 0.5189422355588897 0.1215 0.05438859714928732 0.066
0 0.5738934733683421 0.115 0.051762940735183796 0.07
0 0.5521380345086272 0.19975 0.04801200300075019 0.0715
0 0.5335708927231808 0.2655 0.05138784696174044 0.073
0 0.5797074268567142 0.25225 0.046136534133533386 0.0695
0 0.6309077269317329 0.20625 0.04951237809452363 0.0655
0 0.660165041260315 0.25375 0.04126031507876969 0.0715
0 0.6282820705176294 0.27225 0.0450112528132033 0.0655
0 0.5669542385596399 0.31425 0.041635408852213056 0.0635
0 0.617966991747937 0.3405 0.04988747186796699 0.07
0 0.6641035258814704 0.3175 0.04388597149287322 0.066
0 0.5708927231807952 0.38425 0.05101275318829707 0.0675
0 0.5572018004501126 0.4415 0.05138784696174044 0.066
0 0.6123405851462865 0.4095 0.04238559639909977 0.062
0 0.6517254313578394 0.39875 0.03788447111777944 0.0645
0 0.6864216054013503 0.454 0.04576144036009002 0.065
0 0.6040885221305327 0.46875 0.05288822205551388 0.0645
0 0.5652663165791448 0.506 0.05251312828207052 0.062
0 0.6399099774943736 0.507 0.04801200300075019 0.063
0 0.6100900225056264 0.533 0.041635408852213056 0.061
0 0.5618904726181545 0.56975 0.04951237809452363 0.0645
0 0.6151537884471118 0.5955 0.04426106526631658 0.068
0 0.6519129782445612 0.5735 0.037509377344336084 0.065
0 0.6980495123780945 0.54675 0.04426106526631658 0.0635
0 0.5806451612903226 0.635 0.0450112528132033 0.063
0 0.644973743435859 0.62975 0.041635408852213056 0.0705
0 0.6822955738934734 0.61425 0.042010502625656414 0.0695
0 0.7273068267066767 0.59875 0.042010502625656414 0.0605
0 0.7145536384096024 0.64675 0.04276069017254314 0.0595
0 0.6702925731432858 0.658 0.04051012753188297 0.056
0 0.6084021005251313 0.66975 0.04576144036009002 0.0675
0 0.5812078019504876 0.71625 0.05588897224306077 0.0645
0 0.6155288822205551 0.7465 0.04051012753188297 0.064
0 0.6618529632408102 0.728 0.04463615903975994 0.062
0 0.6370967741935484 0.79425 0.047636909227306824 0.0655
0 0.5707051762940735 0.77275 0.043135783945986494 0.0635
0 0.5963990997749438 0.82925 0.047261815453863466 0.0555
0 0.5924606151537885 0.88525 0.04388597149287322 0.0605
0 0.695986496624156 0.2775 0.04013503375843961 0.064
0 0.7511252813203301 0.281 0.04238559639909977 0.065
0 0.7953863465866466 0.34675 0.04388597149287322 0.0625
0 0.7325581395348837 0.354 0.04351087771942986 0.059
0 0.7708177044261065 0.40525 0.046511627906976744 0.0655
0 0.7162415603900976 0.41775 0.04388597149287322 0.0585
0 0.7421230307576894 0.49275 0.04238559639909977 0.0565
0 0.7751312828207052 0.47225 0.04088522130532633 0.0635
0 0.7494373593398349 0.53525 0.03600900225056264 0.0515
0 0.7730682670667667 0.571 0.03975993998499625 0.058
