0 0.5637860082304527 0.0445 0.0306771417882529 0.046
0 0.6047512158623269 0.04275 0.030303030303030304 0.0345
0 0.6187803965581743 0.064 0.024691358024691357 0.041
0 0.5331088664421998 0.06525 0.03292181069958848 0.0425
0 0.5202020202020202 0.07375 0.033295922184811075 0.0425
0 0.5069210624766181 0.10875 0.029180695847362513 0.0515
0 0.5804339693228582 0.083 0.02880658436213992 0.047
0 0.6015712682379349 0.0865 0.02319491208380097 0.047
0 0.6346801346801347 0.10425 0.02880658436213992 0.0455
0 0.6275720164609053 0.151 0.024317246539468762 0.046
0 0.6021324354657688 0.1315 0.028058361391694726 0.049
0 0.5510662177328844 0.1035 0.0306771417882529 0.042
0 0.5362888140665918 0.14 0.03254769921436588 0.046
0 0.5753834642723532 0.142 0.027684249906472128 0.044
0 0.6191545080433969 0.169 0.032173587729143284 0.037
0 0.48578376356154135 0.14325 0.03554059109614665 0.0395
0 0.5039281705948373 0.191 0.029928918817807706 0.041
0 0.5604190048634493 0.186 0.023943135054246164 0.047
0 0.5852974186307519 0.18925 0.031051253273475497 0.0445
0 0.6068088290310513 0.22375 0.024691358024691357 0.0435
0 0.579685746352413 0.23 0.033295922184811075 0.041
0 0.5419004863449308 0.21925 0.034044145155256264 0.0505
0 0.48597081930415265 0.23375 0.03591470258136925 0.0465
0 0.5192667414889637 0.2575 0.027684249906472128 0.049
0 0.5591096146651702 0.25775 0.02955480733258511 0.0375
0 0.6004489337822672 0.264 0.027684249906472128 0.047
0 0.6210250654695099 0.27675 0.023943135054246164 0.0365
0 0.6253273475495698 0.318 0.03479236812570146 0.044
0 0.6054994388327721 0.33025 0.027310138421249533 0.0495
0 0.5774410774410774 0.30525 0.024317246539468762 0.0525
0 0.5454545454545454 0.30025 0.029928918817807706 0.0495
0 0.5029928918817808 0.29475 0.03179947624392069 0.0485
0 0.487467265245043 0.3325 0.03666292555181444 0.047
0 0.5314253647586981 0.33 0.034044145155256264 0.048
0 0.5592966704077815 0.356 0.034418256640478866 0.047
0 0.6206509539842873 0.367 0.026187803965581742 0.054
0 0.5899738121960344 0.38425 0.026936026936026935 0.0485
0 0.5710811821922933 0.40275 0.024317246539468762 0.0505
0 0.5415263748597082 0.382 0.03554059109614665 0.048
0 0.5082304526748971 0.36775 0.02880658436213992 0.0475
0 0.47624392068836513 0.3815 0.0306771417882529 0.044
0 0.5164609053497943 0.4025 0.03179947624392069 0.05
0 0.46352413019079686 0.44075 0.03741114852225964 0.0595
0 0.5381593714927049 0.42925 0.02656191545080434 0.0495
0 0.5965207631874299 0.43675 0.02880658436213992 0.0445
0 0.6131687242798354 0.473 0.029928918817807706 0.038
0 0.5716423494201271 0.46325 0.02319491208380097 0.0495
0 0.5471380471380471 0.48 0.02880658436213992 0.051
0 0.5160867938645717 0.47725 0.02955480733258511 0.0525
0 0.48615787504676394 0.491 0.033295922184811075 0.053
0 0.4487467265245043 0.50875 0.040029928918817806 0.0605
0 0.4494949494949495 0.57275 0.040778151889263 0.0535
0 0.4732510288065844 0.549 0.026936026936026935 0.054
0 0.4994388327721661 0.53175 0.034418256640478866 0.0425
0 0.5462027684249906 0.5235 0.035166479610924055 0.045
0 0.5806210250654695 0.538 0.03292181069958848 0.049
0 0.602880658436214 0.52 0.031051253273475497 0.05
0 0.6307519640852974 0.5705 0.031425364758698095 0.049
0 0.5776281331836888 0.578 0.031425364758698095 0.051
0 0.5359147025813692 0.575 0.02880658436213992 0.055
0 0.47624392068836513 0.60525 0.0306771417882529 0.0635
0 0.44612794612794615 0.64075 0.034044145155256264 0.0625
0 0.4775533108866442 0.672 0.040029928918817806 0.051
0 0.519453797231575 0.62625 0.03853348297792742 0.0505
0 0.5506921062476619 0.6365 0.029180695847362513 0.048
0 0.5757575757575758 0.63175 0.03292181069958848 0.0495
0 0.6081182192293303 0.61125 0.031051253273475497 0.0445
0 0.6298166853722409 0.6555 0.033295922184811075 0.051
0 0.6058735503179947 0.687 0.037037037037037035 0.05
0 0.5680882903105126 0.684 0.03778526000748223 0.046
0 0.5310512532734755 0.6825 0.033295922184811075 0.056
0 0.49644594089038535 0.71425 0.03367003367003367 0.0585
0 0.47530864197530864 0.7255 0.03853348297792742 0.06
0 0.5428357650579873 0.726 0.038159371492704826 0.053
0 0.5860456416011972 0.733 0.02955480733258511 0.057
0 0.6365506921062477 0.717 0.033295922184811075 0.051
0 0.43004115226337447 0.75 0.03928170594837262 0.07
0 0.4622147399925178 0.79275 0.03928170594837262 0.0575
0 0.4947624392068837 0.7795 0.034044145155256264 0.058
0 0.530115974560419 0.77525 0.031425364758698095 0.0605
0 0.5701459034792368 0.7785 0.029180695847362513 0.054
0 0.5976430976430976 0.79375 0.02656191545080434 0.0565
0 0.5198279087167976 0.83675 0.03928170594837262 0.0615
0 0.5669659558548448 0.83775 0.03479236812570146 0.0555
0 0.6041900486344931 0.87025 0.035166479610924055 0.0505
0 0.47456041900486345 0.8615 0.03479236812570146 0.06
0 0.5056116722783389 0.91025 0.03928170594837262 0.0615
0 0.5432098765432098 0.8695 0.03591470258136925 0.043
0 0.5684624017957352 0.8925 0.040029928918817806 0.051
0 0.5454545454545454 0.92725 0.03965581743359521 0.0575
0 0.5952113729891507 0.9385 0.031425364758698095 0.057
0 0.6292555181444071 0.92175 0.03367003367003367 0.0485
0 0.6545080433969322 0.92925 0.02656191545080434 0.0485
0 0.6589973812196035 0.87775 0.031051253273475497 0.0565
0 0.6816311260755705 0.8995 0.029180695847362513 0.055
0 0.6227085671530116 0.8355 0.036288814066591846 0.042
0 0.6593714927048261 0.814 0.034044145155256264 0.057
0 0.6857463524130191 0.8465 0.0306771417882529 0.057
0 0.7022072577628133 0.87525 0.026187803965581742 0.0425
0 0.7268986157875047 0.854 0.032173587729143284 0.045
0 0.7010849233071456 0.814 0.029180695847362513 0.05
0 0.6836887392442949 0.787 0.02880658436213992 0.051
0 0.6326225215114104 0.7835 0.032173587729143284 0.057
0 0.6492704826038159 0.75325 0.02955480733258511 0.0405
0 0.6861204638982417 0.73325 0.0306771417882529 0.0495
0 0.7162364384586607 0.771 0.0205761316872428 0.047
0 0.7351290684624018 0.79925 0.020950243172465393 0.0505
0 0.7375607931163487 0.74625 0.030303030303030304 0.0505
0 0.7384960718294051 0.6965 0.029180695847362513 0.043
0 0.7175458286569397 0.71375 0.024691358024691357 0.0485
0 0.6618032173587729 0.71075 0.027684249906472128 0.0465
0 0.6636737747848859 0.65975 0.02843247287691732 0.0515
0 0.689487467265245 0.6845 0.026936026936026935 0.047
0 0.7109988776655444 0.6575 0.027310138421249533 0.04
0 0.6857463524130191 0.64175 0.02543958099513655 0.0435
0 0.6397306397306397 0.61225 0.023943135054246164 0.0495
0 0.6582491582491582 0.5905 0.03179947624392069 0.038
0 0.6821922933034044 0.59325 0.027310138421249533 0.0415
0 0.7132435465768799 0.60425 0.022820800598578377 0.0415
0 0.745230078563412 0.63175 0.031425364758698095 0.0495
0 0.740927796483352 0.576 0.027310138421249533 0.042
0 0.7031425364758698 0.56525 0.027310138421249533 0.0455
0 0.676954732510288 0.54825 0.024317246539468762 0.0415
0 0.6438458660680882 0.54925 0.026936026936026935 0.0515
0 0.6412270856715301 0.50925 0.02843247287691732 0.0395
0 0.7023943135054246 0.5105 0.02356902356902357 0.047
0 0.7285821174710063 0.53 0.02880658436213992 0.046
0 0.7192293303404415 0.487 0.027310138421249533 0.037
0 0.6730265619154508 0.4805 0.029928918817807706 0.048
0 0.6359895248784138 0.46075 0.032173587729143284 0.0465
0 0.691358024691358 0.4635 0.029180695847362513 0.05
0 0.7181069958847737 0.4405 0.02656191545080434 0.041
0 0.6659184436962214 0.43825 0.029928918817807706 0.0425
0 0.6462775907220352 0.398 0.027310138421249533 0.052
0 0.6732136176580621 0.38725 0.030303030303030304 0.0405
0 0.7005237560793116 0.40775 0.027310138421249533 0.0465
0 0.7184811073699963 0.398 0.02356902356902357 0.041
0 0.7115600448933782 0.3535 0.02543958099513655 0.048
0 0.6949120838009727 0.36825 0.02656191545080434 0.0445
0 0.6732136176580621 0.33725 0.028058361391694726 0.0495
0 0.689487467265245 0.32175 0.026936026936026935 0.0415
0 0.7059483726150393 0.3085 0.020950243172465393 0.045
0 0.6492704826038159 0.2875 0.02955480733258511 0.049
0 0.6780770669659558 0.28225 0.025813692480359147 0.0405
0 0.70894126449682 0.278 0.024691358024691357 0.032
0 0.6902356902356902 0.24875 0.02543958099513655 0.0415
0 0.707631874298541 0.23125 0.028058361391694726 0.0445
0 0.666292555181444 0.22725 0.024691358024691357 0.0395
0 0.6380471380471381 0.242 0.027310138421249533 0.035
0 0.6384212495323607 0.20075 0.02356902356902357 0.0405
0 0.6859334081556304 0.20275 0.025065469509913955 0.0475
0 0.7130564908342686 0.18675 0.021698466142910586 0.0435
0 0.6711560044893379 0.1715 0.026936026936026935 0.034
0 0.6849981294425739 0.1625 0.023943135054246164 0.041
0 0.7023943135054246 0.13625 0.025065469509913955 0.0435
0 0.6758323980546203 0.10975 0.025065469509913955 0.0365
0 0.6582491582491582 0.1335 0.02656191545080434 0.035
