0 0.11196549137284321 0.2365 0.041635408852213056 0.064
0 0.14722430607651912 0.2005 0.046136534133533386 0.057
0 0.10296324081020256 0.307 0.04013503375843961 0.059
0 0.08570892723180795 0.35375 0.04688672168042011 0.0605
0 0.12528132033008252 0.33125 0.042010502625656414 0.0645
0 0.13034508627156788 0.3795 0.05288822205551388 0.062
0 0.10765191297824456 0.4335 0.042010502625656414 0.056
0 0.11346586646661666 0.477 0.04688672168042011 0.055
0 0.11009002250562641 0.53075 0.046136534133533386 0.0645
0 0.1599774943735934 0.513 0.04688672168042011 0.082
0 0.15641410352588148 0.4425 0.046511627906976744 0.066
0 0.14759939984996248 0.27525 0.04463615903975994 0.0605
0 0.1828582145536384 0.224 0.047636909227306824 0.057
0 0.2061140285071268 0.15825 0.041635408852213056 0.0625
0 0.1751687921980495 0.33825 0.05101275318829707 0.0705
0 0.1858589647411853 0.4015 0.04463615903975994 0.061
0 0.13203300825206302 0.59625 0.056264066016504126 0.0665
0 0.16579144786196548 0.633 0.05101275318829707 0.071
0 0.19786196549137283 0.6885 0.04463615903975994 0.073
0 0.23912228057014254 0.75 0.05438859714928732 0.067
0 0.2003000750187547 0.561 0.05251312828207052 0.07
0 0.21230307576894222 0.46275 0.047261815453863466 0.0645
0 0.25431357839459867 0.17125 0.046511627906976744 0.0605
0 0.20892723180795197 0.29125 0.04426106526631658 0.0575
0 0.22993248312078018 0.345 0.04801200300075019 0.059
0 0.2203675918979745 0.4025 0.047636909227306824 0.071
0 0.245311327831958 0.5055 0.0450112528132033 0.068
0 0.2126781695423856 0.61925 0.047261815453863466 0.0655
0 0.2511252813203301 0.6665 0.06939234808702176 0.083
0 0.29088522130532635 0.76875 0.04913728432108027 0.0745
0 0.2633158289572393 0.5665 0.04576144036009002 0.067
0 0.2526256564141035 0.269 0.04388597149287322 0.059
0 0.28413353338334585 0.2215 0.04463615903975994 0.068
0 0.26762940735183793 0.308 0.050637659414853715 0.063
0 0.2796324081020255 0.3825 0.05138784696174044 0.071
0 0.26800450112528135 0.445 0.04913728432108027 0.06
0 0.29538634658664664 0.51825 0.04463615903975994 0.0575
0 0.3184546136534134 0.421 0.04576144036009002 0.065
0 0.31057764441110275 0.26425 0.0450112528132033 0.0505
0 0.30982745686421603 0.31 0.05101275318829707 0.079
0 0.31057764441110275 0.172 0.03900975243810953 0.067
0 0.34152288072018006 0.14125 0.04838709677419355 0.0595
0 0.34171042760690173 0.21525 0.04876219054763691 0.0615
0 0.3561515378844711 0.3725 0.04988747186796699 0.067
0 0.35521380345086273 0.45225 0.047261815453863466 0.0685
0 0.33758439609902474 0.5195 0.04576144036009002 0.065
0 0.31451612903225806 0.574 0.038634658664666165 0.066
0 0.2991372843210803 0.6425 0.047636909227306824 0.072
0 0.336271567891973 0.70425 0.04838709677419355 0.0695
0 0.34621155288822203 0.76825 0.04801200300075019 0.0745
0 0.38372093023255816 0.769 0.05701425356339085 0.078
0 0.377344336084021 0.70025 0.03975993998499625 0.0725
0 0.33758439609902474 0.62 0.05026256564141035 0.077
0 0.354463615903976 0.5555 0.05476369092273068 0.065
0 0.4032258064516129 0.6335 0.04951237809452363 0.072
0 0.4146661665416354 0.6975 0.04988747186796699 0.088
0 0.39309827456864216 0.12775 0.05101275318829707 0.0665
0 0.38615903975994 0.205 0.04463615903975994 0.057
0 0.3900975243810953 0.2605 0.042010502625656414 0.065
0 0.390847711927982 0.3195 0.047261815453863466 0.061
0 0.39066016504126033 0.4095 0.04988747186796699 0.065
0 0.3985371342835709 0.50475 0.046136534133533386 0.0685
0 0.423105776444111 0.5695 0.05401350337584396 0.072
0 0.4551762940735184 0.63125 0.050637659414853715 0.0725
0 0.4309827456864216 0.17 0.05026256564141035 0.061
0 0.48780945236309076 0.1395 0.05288822205551388 0.061
0 0.5436984246061516 0.13975 0.05288822205551388 0.0685
0 0.4587396849212303 0.2165 0.05251312828207052 0.057
0 0.4486121530382596 0.27225 0.051762940735183796 0.0645
0 0.44711177794448614 0.35625 0.04426106526631658 0.0605
0 0.4367966991747937 0.406 0.050637659414853715 0.081
0 0.4426106526631658 0.48 0.05326331582895724 0.075
0 0.47168042010502625 0.5435 0.0536384096024006 0.071
0 0.4568642160540135 0.752 0.0555138784696174 0.072
0 0.49193548387096775 0.69 0.046136534133533386 0.073
0 0.5071267816954238 0.7695 0.06601650412603151 0.086
0 0.508252063015754 0.21325 0.051762940735183796 0.0605
0 0.5579519879969993 0.225 0.05288822205551388 0.062
0 0.5262565641410353 0.29125 0.05101275318829707 0.0675
0 0.4891222805701425 0.33075 0.05026256564141035 0.0685
0 0.4924981245311328 0.41075 0.04426106526631658 0.0635
0 0.5045011252813203 0.46425 0.058514628657164294 0.0705
0 0.544073518379595 0.39875 0.056639159789947484 0.0615
0 0.5673293323330832 0.32475 0.052138034508627154 0.0715
0 0.5290697674418605 0.52975 0.050637659414853715 0.0675
0 0.5091897974493623 0.597 0.061140285071267814 0.074
0 0.5433233308327082 0.701 0.05288822205551388 0.071
0 0.5682670667666917 0.77125 0.04576144036009002 0.0755
0 0.5590772693173294 0.468 0.04913728432108027 0.072
0 0.5662040510127532 0.58225 0.0603900975243811 0.0705
0 0.5857089272318079 0.65175 0.06264066016504126 0.0855
0 0.6136534133533383 0.73025 0.0622655663915979 0.0695
0 0.6174043510877719 0.827 0.06676669167291822 0.092
0 0.6172168042010503 0.256 0.0536384096024006 0.07
0 0.6524756189047262 0.27025 0.056639159789947484 0.0675
0 0.6286571642910728 0.3405 0.05926481620405101 0.069
0 0.5982745686421606 0.40625 0.058514628657164294 0.0645
0 0.6160915228807202 0.47125 0.05738934733683421 0.0785
0 0.6509752438109527 0.43275 0.05438859714928732 0.0685
0 0.6303450862715679 0.5905 0.059639909977494375 0.075
0 0.6438484621155289 0.664 0.05738934733683421 0.069
0 0.6757314328582146 0.732 0.0603900975243811 0.082
0 0.6802325581395349 0.80925 0.06339084771192798 0.0805
0 0.7473743435858965 0.80475 0.06564141035258815 0.0915
0 0.7539384846211553 0.7195 0.05776444111027757 0.089
0 0.659039759939985 0.52575 0.05326331582895724 0.0795
0 0.7029257314328582 0.6605 0.06451612903225806 0.08
0 0.736496624156039 0.5935 0.06264066016504126 0.094
0 0.7168042010502625 0.49375 0.06301575393848462 0.0735
0 0.7781320330082521 0.5295 0.059639909977494375 0.091
0 0.7927606901725431 0.4715 0.061890472618154536 0.071
0 0.7297449362340586 0.42375 0.05738934733683421 0.0735
0 0.6924231057764441 0.37575 0.058514628657164294 0.0695
0 0.7111777944486122 0.28875 0.0622655663915979 0.0755
0 0.7558139534883721 0.35825 0.0622655663915979 0.0715
