0 0.26312828207051764 0.34675 0.034133533383345835 0.0485
0 0.2507501875468867 0.40525 0.029632408102025505 0.0485
0 0.26219054763690924 0.4495 0.02625656414103526 0.042
0 0.2668792198049512 0.49125 0.030382595648912228 0.0425
0 0.25150037509377343 0.50425 0.02138034508627157 0.0375
0 0.24512378094523632 0.53825 0.025881470367591898 0.0395
0 0.26875468867216806 0.558 0.032633158289572396 0.033
0 0.277006751687922 0.574 0.03488372093023256 0.034
0 0.28863465866466614 0.53125 0.03113278319579895 0.0345
0 0.3081395348837209 0.55375 0.03563390847711928 0.0415
0 0.23912228057014254 0.6005 0.030382595648912228 0.046
0 0.20967741935483872 0.6605 0.03075768942235559 0.045
0 0.23330832708177043 0.695 0.03225806451612903 0.043
0 0.25300075018754686 0.723 0.032633158289572396 0.044
0 0.2861965491372843 0.7325 0.03075768942235559 0.04
0 0.2693173293323331 0.67025 0.033008252063015754 0.0455
0 0.26106526631657917 0.63525 0.03075768942235559 0.0415
0 0.2923855963990998 0.61275 0.03188297074268567 0.0395
0 0.29763690922730685 0.652 0.025881470367591898 0.042
0 0.3210802700675169 0.6695 0.03150787696924231 0.046
0 0.34527381845461363 0.65725 0.034133533383345835 0.0395
0 0.3325206301575394 0.6285 0.028882220555138786 0.039
0 0.35015003750937734 0.60725 0.034133533383345835 0.0455
0 0.3765941485371343 0.62625 0.03150787696924231 0.0435
0 0.382033008252063 0.6635 0.028132033008252063 0.042
0 0.3522130532633158 0.70175 0.03075768942235559 0.0505
0 0.3036384096024006 0.69175 0.025131282820705175 0.0375
0 0.3235183795948987 0.71525 0.028882220555138786 0.0405
0 0.3085146286571643 0.758 0.03488372093023256 0.048
0 0.33964741185296327 0.77375 0.03113278319579895 0.0425
0 0.35877719429857463 0.796 0.03188297074268567 0.046
0 0.39066016504126033 0.8205 0.03338334583645911 0.046
0 0.4199174793698425 0.838 0.032633158289572396 0.041
0 0.4433608402100525 0.80675 0.03225806451612903 0.0435
0 0.42291822955738934 0.775 0.02738184546136534 0.039
0 0.39234808702175544 0.763 0.03225806451612903 0.043
0 0.36102775693923483 0.74775 0.030382595648912228 0.0465
0 0.3970367591897975 0.7105 0.034133533383345835 0.044
0 0.4204801200300075 0.7375 0.0345086271567892 0.048
0 0.445986496624156 0.763 0.03375843960990248 0.039
0 0.45480120030007504 0.722 0.03188297074268567 0.051
0 0.4780570142535634 0.75775 0.03488372093023256 0.0475
0 0.47749437359339836 0.79025 0.03375843960990248 0.0395
0 0.4602400600150037 0.84325 0.03150787696924231 0.0415
0 0.42291822955738934 0.684 0.034133533383345835 0.042
0 0.458927231807952 0.67525 0.03788447111777944 0.0465
0 0.40678919729932483 0.651 0.03488372093023256 0.042
0 0.43792198049512376 0.6435 0.029632408102025505 0.044
0 0.4703675918979745 0.6375 0.02700675168792198 0.045
0 0.42291822955738934 0.59975 0.036384096024006 0.0435
0 0.45911477869467365 0.58975 0.03075768942235559 0.0445
0 0.4894973743435859 0.59925 0.03225806451612903 0.0455
0 0.3756564141035259 0.579 0.030382595648912228 0.04
0 0.345648912228057 0.56275 0.03188297074268567 0.0445
0 0.35933983495873967 0.52475 0.0345086271567892 0.0425
0 0.3945986496624156 0.52725 0.028507126781695424 0.0415
0 0.4045386346586647 0.56975 0.029632408102025505 0.0465
0 0.4373593398349587 0.5595 0.029257314328582147 0.045
0 0.4673668417104276 0.5505 0.028507126781695424 0.044
0 0.42366841710427605 0.52825 0.032633158289572396 0.0435
0 0.30120030007501875 0.4975 0.033008252063015754 0.042
0 0.3325206301575394 0.49125 0.03338334583645911 0.0335
0 0.31789197299324834 0.45925 0.029632408102025505 0.0435
0 0.29013503375843963 0.46175 0.029632408102025505 0.0435
0 0.30026256564141035 0.41875 0.03488372093023256 0.0425
0 0.30682670667666917 0.37425 0.0277569392348087 0.0405
0 0.32483120780195046 0.39575 0.03150787696924231 0.0395
0 0.33927231807951985 0.42775 0.03488372093023256 0.0415
0 0.3614028507126782 0.4665 0.030382595648912228 0.043
0 0.38728432108027006 0.49525 0.03113278319579895 0.0395
0 0.43529632408102026 0.492 0.03188297074268567 0.039
0 0.4653038259564891 0.49175 0.03113278319579895 0.0365
0 0.42010502625656415 0.45275 0.03150787696924231 0.0415
0 0.45142535633908476 0.45725 0.03113278319579895 0.0445
0 0.4816204051012753 0.4595 0.030007501875468866 0.039
0 0.44467366841710426 0.43425 0.02738184546136534 0.0255
0 0.46511627906976744 0.421 0.033008252063015754 0.046
0 0.3790322580645161 0.4395 0.03488372093023256 0.046
0 0.3696549137284321 0.40875 0.030382595648912228 0.0415
0 0.4045386346586647 0.4115 0.032633158289572396 0.044
0 0.37134283570892723 0.37925 0.03150787696924231 0.0315
0 0.3428357089272318 0.35575 0.025506376594148537 0.0405
0 0.3115153788447112 0.33075 0.028882220555138786 0.0475
0 0.3428357089272318 0.32475 0.030007501875468866 0.0385
0 0.37134283570892723 0.33975 0.03150787696924231 0.0425
0 0.39422355588897223 0.3725 0.03375843960990248 0.042
0 0.422543135783946 0.34925 0.02738184546136534 0.0415
0 0.4032258064516129 0.33175 0.0277569392348087 0.0405
0 0.3717179294823706 0.30175 0.0345086271567892 0.0425
0 0.3677794448612153 0.26525 0.03188297074268567 0.0405
0 0.4004126031507877 0.27875 0.029632408102025505 0.0325
0 0.409039759939985 0.301 0.028132033008252063 0.041
0 0.43360840210052515 0.31925 0.025506376594148537 0.0425
0 0.43885971492873216 0.285 0.03375843960990248 0.035
0 0.45986496624156037 0.2975 0.030007501875468866 0.039
0 0.45648912228057015 0.329 0.033008252063015754 0.042
0 0.49006001500375096 0.31125 0.030382595648912228 0.0405
0 0.45348837209302323 0.3805 0.03075768942235559 0.044
0 0.47936984246061515 0.37125 0.02700675168792198 0.0445
0 0.5054388597149287 0.2835 0.02738184546136534 0.038
0 0.531695423855964 0.286 0.028882220555138786 0.038
0 0.5498874718679669 0.26725 0.02700675168792198 0.0355
0 0.5617029257314329 0.30475 0.030382595648912228 0.0305
0 0.5693923480870218 0.338 0.02625656414103526 0.041
0 0.5935858964741185 0.3 0.032633158289572396 0.029
0 0.609152288072018 0.2745 0.028507126781695424 0.034
0 0.6391597899474869 0.266 0.03075768942235559 0.028
0 0.6504126031507877 0.29675 0.029257314328582147 0.0445
0 0.6717929482370593 0.33125 0.02250562640660165 0.0295
0 0.6796699174793699 0.35725 0.028507126781695424 0.0375
0 0.6016504126031508 0.3375 0.03075768942235559 0.037
0 0.6194673668417104 0.33025 0.025881470367591898 0.0395
0 0.626781695423856 0.369 0.03075768942235559 0.042
0 0.6310952738184546 0.40425 0.02663165791447862 0.0425
0 0.5941485371342836 0.371 0.03150787696924231 0.046
0 0.5146286571642911 0.3365 0.0277569392348087 0.039
0 0.5380720180045011 0.3395 0.029632408102025505 0.037
0 0.5495123780945236 0.3745 0.030007501875468866 0.04
0 0.5671417854463616 0.397 0.028507126781695424 0.043
0 0.5178169542385597 0.3885 0.02663165791447862 0.043
0 0.4960615153788447 0.39675 0.02738184546136534 0.0425
0 0.5073143285821455 0.4265 0.028132033008252063 0.042
0 0.5339459864966242 0.431 0.030382595648912228 0.042
0 0.5641410352588146 0.437 0.030007501875468866 0.041
0 0.5971492873218305 0.42875 0.02625656414103526 0.0335
0 0.5855213803450863 0.4615 0.033008252063015754 0.044
0 0.5245686421605401 0.46575 0.03113278319579895 0.0415
0 0.5003750937734434 0.48275 0.03150787696924231 0.0465
0 0.5288822205551388 0.5045 0.02625656414103526 0.041
0 0.5570142535633908 0.479 0.035258814703675916 0.044
0 0.582708177044261 0.4995 0.030382595648912228 0.038
0 0.5555138784696174 0.51875 0.033008252063015754 0.0475
0 0.5320705176294074 0.54675 0.034133533383345835 0.0435
0 0.48499624906226557 0.5225 0.03375843960990248 0.041
0 0.5005626406601651 0.55425 0.03338334583645911 0.0445
0 0.5258814703675919 0.5965 0.03600900225056264 0.052
0 0.5585146286571643 0.563 0.029257314328582147 0.04
0 0.5855213803450863 0.54425 0.0277569392348087 0.0415
0 0.6095273818454614 0.521 0.03225806451612903 0.039
0 0.618529632408102 0.487 0.03075768942235559 0.035
0 0.5106901725431358 0.63425 0.03938484621155289 0.0505
0 0.5418229557389347 0.63475 0.028882220555138786 0.0475
0 0.5701425356339085 0.60925 0.037509377344336084 0.0445
0 0.5930232558139535 0.5845 0.03675918979744936 0.04
0 0.5947111777944486 0.6265 0.032633158289572396 0.041
0 0.568642160540135 0.6515 0.03675918979744936 0.045
0 0.5513878469617405 0.69 0.037509377344336084 0.049
0 0.49962490622655664 0.67225 0.035258814703675916 0.0435
0 0.49287321830457614 0.7065 0.03825956489122281 0.051
0 0.5266316579144786 0.71425 0.03150787696924231 0.0415
0 0.5581395348837209 0.73125 0.03375843960990248 0.0355
0 0.5365716429107277 0.75975 0.032633158289572396 0.0405
0 0.5647036759189797 0.771 0.034133533383345835 0.047
0 0.513503375843961 0.8045 0.035258814703675916 0.051
0 0.5285071267816954 0.82525 0.03075768942235559 0.0405
0 0.5519504876219055 0.8125 0.030382595648912228 0.046
0 0.4930607651912978 0.834 0.036384096024006 0.048
0 0.508814703675919 0.87 0.03113278319579895 0.049
0 0.4656789197299325 0.89775 0.03188297074268567 0.0505
0 0.5030007501875469 0.9155 0.03150787696924231 0.044
0 0.48930982745686424 0.942 0.028882220555138786 0.049
0 0.6207801950487621 0.79175 0.03075768942235559 0.0425
0 0.6280945236309077 0.7615 0.032633158289572396 0.048
0 0.65847711927982 0.75925 0.029632408102025505 0.0435
0 0.5977119279819955 0.7305 0.029632408102025505 0.041
0 0.5813953488372093 0.6935 0.030007501875468866 0.043
0 0.6003375843960991 0.66375 0.032633158289572396 0.0425
0 0.6209677419354839 0.70125 0.03488372093023256 0.0405
0 0.6624156039009752 0.7185 0.03225806451612903 0.042
0 0.6969242310577645 0.73975 0.030007501875468866 0.0405
0 0.6937359339834959 0.70275 0.034133533383345835 0.0435
0 0.722993248312078 0.703 0.03338334583645911 0.036
0 0.6498499624906227 0.682 0.036384096024006 0.037
0 0.6779819954988747 0.66825 0.036384096024006 0.0445
0 0.6344711177794449 0.644 0.03113278319579895 0.045
0 0.6219054763690923 0.6025 0.03600900225056264 0.046
0 0.6190922730682671 0.56125 0.029632408102025505 0.0415
0 0.6513503375843961 0.58475 0.03113278319579895 0.0425
0 0.667854463615904 0.623 0.03113278319579895 0.045
0 0.7003000750187547 0.6365 0.03075768942235559 0.051
0 0.7244936234058514 0.66075 0.030382595648912228 0.0375
0 0.687171792948237 0.59075 0.03375843960990248 0.0355
0 0.6522880720180045 0.54275 0.03150787696924231 0.0405
0 0.6875468867216804 0.55325 0.02700675168792198 0.0465
0 0.6641035258814704 0.502 0.03188297074268567 0.043
0 0.6978619654913728 0.50975 0.034133533383345835 0.0415
0 0.7214928732183046 0.51925 0.030382595648912228 0.0395
0 0.7235558889722431 0.55725 0.03075768942235559 0.0465
0 0.7143660915228808 0.60875 0.034133533383345835 0.0435
0 0.741185296324081 0.62775 0.03225806451612903 0.0455
0 0.7479369842460615 0.59 0.033008252063015754 0.039
0 0.6479744936234059 0.46725 0.03488372093023256 0.0435
0 0.6873593398349588 0.4785 0.030382595648912228 0.029
0 0.6667291822955739 0.4285 0.03338334583645911 0.044
0 0.6931732933233309 0.43775 0.03375843960990248 0.0395
0 0.7199924981245311 0.44225 0.03188297074268567 0.0435
0 0.7342460615153789 0.48 0.03788447111777944 0.042
0 0.7501875468867217 0.5095 0.03150787696924231 0.041
0 0.755251312828207 0.5505 0.032633158289572396 0.041
0 0.6836084021005251 0.39375 0.02663165791447862 0.0485
0 0.7102400600150037 0.40825 0.030382595648912228 0.0385
0 0.7456864216054013 0.419 0.02250562640660165 0.043
0 0.7158664666166542 0.356 0.03188297074268567 0.04
0 0.7019879969992499 0.31775 0.034133533383345835 0.0375
0 0.7254313578394599 0.308 0.03150787696924231 0.04
0 0.755251312828207 0.32525 0.03113278319579895 0.0375
0 0.7516879219804952 0.36775 0.033008252063015754 0.0455
0 0.7773818454613654 0.353 0.030382595648912228 0.042
0 0.8062640660165041 0.334 0.03188297074268567 0.036
0 0.8313953488372093 0.35725 0.03113278319579895 0.0415
0 0.8165791447861965 0.39675 0.03075768942235559 0.0395
0 0.8358964741185296 0.41 0.03113278319579895 0.042
0 0.8765941485371342 0.39125 0.03150787696924231 0.0445
0 0.8754688672168042 0.43275 0.029257314328582147 0.0415
0 0.8574643660915229 0.452 0.03225806451612903 0.042
0 0.8231432858214554 0.4425 0.02663165791447862 0.042
0 0.7944486121530383 0.41725 0.025506376594148537 0.0385
0 0.7758814703675919 0.43175 0.028882220555138786 0.0465
0 0.7987621905476369 0.454 0.03113278319579895 0.042
0 0.7715678919729932 0.47675 0.03150787696924231 0.0415
0 0.7965116279069767 0.49275 0.029632408102025505 0.0435
0 0.8233308327081771 0.48525 0.025506376594148537 0.0415
0 0.7762565641410353 0.51975 0.02663165791447862 0.0415
0 0.8957239309827457 0.4835 0.030007501875468866 0.045
0 0.9257314328582146 0.47325 0.024756189047261814 0.0395
0 0.9352963240810203 0.51075 0.038634658664666165 0.0415
0 0.8854088522130532 0.51725 0.029632408102025505 0.0395
0 0.9105401350337584 0.5435 0.034133533383345835 0.046
0 0.9300450112528132 0.55175 0.029632408102025505 0.0415
0 0.9264816204051013 0.59125 0.02625656414103526 0.0475
0 0.9427981995498874 0.62675 0.028882220555138786 0.0425
0 0.8972243060765192 0.58025 0.03075768942235559 0.0425
0 0.8687171792948237 0.55725 0.03150787696924231 0.0375
0 0.8559639909977494 0.52025 0.030007501875468866 0.0405
0 0.8570892723180795 0.48925 0.03375843960990248 0.0315
0 0.8289572393098275 0.53425 0.03150787696924231 0.0435
0 0.8473368342085521 0.56925 0.030007501875468866 0.0415
0 0.808702175543886 0.56375 0.030007501875468866 0.0385
0 0.7865716429107277 0.56875 0.03225806451612903 0.0445
0 0.7970742685671418 0.59975 0.029257314328582147 0.0415
0 0.7685671417854464 0.60925 0.0277569392348087 0.0405
0 0.8259564891222806 0.60325 0.02625656414103526 0.0445
0 0.8514628657164292 0.61475 0.029257314328582147 0.0405
0 0.8889722430607652 0.6175 0.0345086271567892 0.045
0 0.9103525881470368 0.62825 0.0277569392348087 0.0375
0 0.9231057764441111 0.67675 0.03075768942235559 0.0435
0 0.8899099774943736 0.656 0.024381095273818456 0.04
0 0.8647786946736684 0.6705 0.030382595648912228 0.038
0 0.8379594898724682 0.64725 0.028507126781695424 0.0425
0 0.8043885971492873 0.64375 0.036384096024006 0.0395
0 0.8208927231807952 0.67225 0.02738184546136534 0.0445
0 0.84152288072018 0.69225 0.032633158289572396 0.0415
0 0.8672168042010503 0.717 0.03075768942235559 0.042
0 0.9017254313578394 0.73175 0.03225806451612903 0.0355
0 0.9336084021005251 0.7405 0.03075768942235559 0.043
0 0.7603150787696924 0.651 0.02700675168792198 0.042
0 0.7890097524381096 0.68825 0.028882220555138786 0.0435
0 0.7648162040510128 0.694 0.030007501875468866 0.041
0 0.7708177044261065 0.73075 0.0345086271567892 0.0405
0 0.8081395348837209 0.751 0.03488372093023256 0.045
0 0.8162040510127532 0.71225 0.0277569392348087 0.0405
0 0.839834958739685 0.7315 0.03150787696924231 0.043
0 0.7901350337584396 0.78675 0.03563390847711928 0.0425
0 0.7507501875468867 0.8105 0.032633158289572396 0.045
0 0.7676294073518379 0.84875 0.03338334583645911 0.0385
