0 0.14328582145536384 0.11275 0.037509377344336084 0.0595
0 0.17460615153788447 0.10375 0.04988747186796699 0.0725
0 0.2308702175543886 0.0855 0.055138784696174045 0.059
0 0.11834208552138034 0.2165 0.0641410352588147 0.075
0 0.1541635408852213 0.1825 0.058514628657164294 0.067
0 0.17329332333083272 0.2195 0.06526631657914479 0.079
0 0.204801200300075 0.1745 0.060765191297824456 0.072
0 0.25525131282820707 0.15675 0.04988747186796699 0.0655
0 0.286384096024006 0.102 0.055138784696174045 0.064
0 0.299887471867967 0.14525 0.06339084771192798 0.0695
0 0.2556264066016504 0.218 0.05813953488372093 0.07
0 0.11984246061515379 0.32325 0.055138784696174045 0.0685
0 0.1485371342835709 0.37675 0.06301575393848462 0.0725
0 0.1888597149287322 0.335 0.05438859714928732 0.069
0 0.22580645161290322 0.29375 0.05476369092273068 0.0775
0 0.1609152288072018 0.433 0.06001500375093773 0.081
0 0.21717929482370593 0.39425 0.05401350337584396 0.0625
0 0.22055513878469618 0.45775 0.05701425356339085 0.0735
0 0.19148537134283572 0.51075 0.056639159789947484 0.0595
0 0.25806451612903225 0.50575 0.05326331582895724 0.0695
0 0.34827456864216055 0.07875 0.05588897224306077 0.0665
0 0.41166541635408854 0.06775 0.04988747186796699 0.0615
0 0.3758439609902476 0.162 0.05476369092273068 0.061
0 0.33570892723180795 0.22875 0.002250562640660165 0.0125
0 0.3507126781695424 0.21375 0.04951237809452363 0.0685
0 0.29651162790697677 0.264 0.05288822205551388 0.075
0 0.2651912978244561 0.36625 0.051762940735183796 0.0655
0 0.2740060015003751 0.44325 0.055138784696174045 0.0695
0 0.3100150037509377 0.4825 0.055138784696174045 0.069
0 0.367966991747937 0.4835 0.051762940735183796 0.071
0 0.3152663165791448 0.369 0.0536384096024006 0.063
0 0.36552888222055513 0.40975 0.05588897224306077 0.0655
0 0.3428357089272318 0.308 0.04801200300075019 0.073
0 0.3784696174043511 0.275 0.04951237809452363 0.064
0 0.390285071267817 0.353 0.055138784696174045 0.064
0 0.41147786946736686 0.429 0.04576144036009002 0.071
0 0.4317329332333083 0.487 0.05101275318829707 0.062
0 0.39816204051012755 0.2125 0.041635408852213056 0.07
0 0.42029257314328583 0.16875 0.04688672168042011 0.0615
0 0.42385596399099773 0.3055 0.04351087771942986 0.065
0 0.43810952738184544 0.36875 0.05101275318829707 0.0695
0 0.46661665416354087 0.428 0.05251312828207052 0.071
0 0.4561140285071268 0.10175 0.04801200300075019 0.0625
0 0.5206301575393848 0.14175 0.042010502625656414 0.0515
0 0.46755438859714926 0.18125 0.047636909227306824 0.0745
0 0.5183795948987246 0.18125 0.05101275318829707 0.0635
0 0.5615153788447111 0.174 0.04801200300075019 0.061
0 0.6099024756189048 0.171 0.04876219054763691 0.062
0 0.6654163540885222 0.185 0.047261815453863466 0.061
0 0.44786196549137286 0.24225 0.05026256564141035 0.0715
0 0.4981245311327832 0.251 0.046511627906976744 0.071
0 0.5581395348837209 0.232 0.04801200300075019 0.068
0 0.5965866466616654 0.21925 0.043135783945986494 0.0635
0 0.6397224306076519 0.24575 0.04463615903975994 0.0595
0 0.6916729182295573 0.263 0.04051012753188297 0.064
0 0.6984246061515379 0.23775 0.04126031507876969 0.0585
0 0.6127156789197299 0.2835 0.046136534133533386 0.066
0 0.5303825956489122 0.3015 0.04951237809452363 0.061
0 0.48255813953488375 0.31725 0.050637659414853715 0.0585
0 0.48780945236309076 0.37975 0.05138784696174044 0.0665
0 0.5333833458364591 0.37225 0.04801200300075019 0.0625
0 0.5748312078019505 0.32725 0.047636909227306824 0.0625
0 0.5311327831957989 0.424 0.04951237809452363 0.063
0 0.4960615153788447 0.47475 0.05138784696174044 0.0665
0 0.47768192048012004 0.52475 0.050637659414853715 0.0695
0 0.5176294073518379 0.558 0.04951237809452363 0.069
0 0.536384096024006 0.50675 0.04801200300075019 0.0645
0 0.5643285821455364 0.55675 0.05438859714928732 0.0615
0 0.6074643660915229 0.607 0.04988747186796699 0.064
0 0.6207801950487621 0.55775 0.042010502625656414 0.0565
0 0.5926481620405101 0.51725 0.05401350337584396 0.0655
0 0.5707051762940735 0.459 0.04388597149287322 0.068
0 0.5731432858214554 0.40175 0.04051012753188297 0.0585
0 0.623218304576144 0.3615 0.043135783945986494 0.061
0 0.6562265566391597 0.32125 0.04913728432108027 0.0585
0 0.7284321080270068 0.29425 0.04351087771942986 0.0575
0 0.614403600900225 0.45575 0.03975993998499625 0.0665
0 0.650225056264066 0.62075 0.04838709677419355 0.0665
0 0.6852963240810203 0.618 0.04351087771942986 0.061
0 0.6757314328582146 0.55925 0.043135783945986494 0.0645
0 0.6387846961740435 0.5015 0.047261815453863466 0.053
0 0.6620405101275318 0.43625 0.04276069017254314 0.0655
0 0.6577269317329333 0.3855 0.03938484621155289 0.06
0 0.6774193548387096 0.4975 0.04351087771942986 0.059
0 0.7010502625656414 0.3695 0.0450112528132033 0.064
0 0.6969242310577645 0.439 0.03900975243810953 0.061
0 0.717741935483871 0.53775 0.04463615903975994 0.0585
0 0.7494373593398349 0.59625 0.04576144036009002 0.0625
0 0.7779444861215303 0.57425 0.03600900225056264 0.0735
0 0.7616279069767442 0.51825 0.038634658664666165 0.0605
0 0.731245311327832 0.47425 0.04088522130532633 0.0655
0 0.7625656414103525 0.4605 0.03825956489122281 0.059
0 0.7304951237809453 0.413 0.04463615903975994 0.057
0 0.7469992498124531 0.34875 0.04238559639909977 0.0625
0 0.7762565641410353 0.3135 0.04013503375843961 0.06
0 0.8353338334583645 0.31825 0.03975993998499625 0.0635
0 0.864403600900225 0.3485 0.036384096024006 0.062
0 0.799324831207802 0.34975 0.03975993998499625 0.0435
0 0.7852588147036759 0.387 0.04688672168042011 0.059
0 0.8081395348837209 0.41375 0.034133533383345835 0.0565
0 0.8516504126031508 0.401 0.047636909227306824 0.057
0 0.8075768942235559 0.473 0.04351087771942986 0.052
0 0.8257689422355589 0.4625 0.036384096024006 0.058
0 0.8295198799699925 0.51725 0.03938484621155289 0.0615
0 0.8081395348837209 0.55525 0.04463615903975994 0.0585
