0 0.10127531882970743 0.23175 0.06826706676669167 0.0855
0 0.1562265566391598 0.18675 0.07014253563390847 0.0915
0 0.22093023255813954 0.21325 0.06526631657914479 0.0775
0 0.1849212303075769 0.2815 0.07126781695423856 0.074
0 0.1464741185296324 0.35225 0.06789197299324831 0.0775
0 0.28413353338334585 0.098 0.07689422355588897 0.082
0 0.2711927981995499 0.18175 0.06976744186046512 0.0755
0 0.25 0.29425 0.05738934733683421 0.0815
0 0.3102025506376594 0.247 0.060765191297824456 0.086
0 0.3495873968492123 0.202 0.05926481620405101 0.082
0 0.39722430607651915 0.13225 0.056264066016504126 0.0795
0 0.47243060765191297 0.11175 0.0536384096024006 0.0825
0 0.3782820705176294 0.26825 0.0603900975243811 0.0845
0 0.313953488372093 0.33175 0.06376594148537135 0.0775
0 0.26875468867216806 0.36875 0.06489122280570142 0.0725
0 0.22468117029257315 0.416 0.060765191297824456 0.074
0 0.22393098274568643 0.48575 0.0622655663915979 0.0805
0 0.2678169542385596 0.44325 0.06151537884471118 0.0835
0 0.3276444111027757 0.4045 0.0641410352588147 0.071
0 0.4604276069017254 0.195 0.0536384096024006 0.07
0 0.43135783945986494 0.25875 0.051762940735183796 0.0805
0 0.41335333833458365 0.33125 0.06301575393848462 0.0785
0 0.3825956489122281 0.384 0.06601650412603151 0.077
0 0.37209302325581395 0.45925 0.06601650412603151 0.0765
0 0.322768192048012 0.49175 0.056639159789947484 0.0685
0 0.28319579894973745 0.55475 0.060765191297824456 0.0725
0 0.3094523630907727 0.608 0.05926481620405101 0.076
0 0.3505251312828207 0.55475 0.061140285071267814 0.0755
0 0.31714178544636157 0.6985 0.05738934733683421 0.071
0 0.3741560390097524 0.6355 0.061890472618154536 0.078
0 0.4030382595648912 0.5765 0.05588897224306077 0.077
0 0.41522880720180044 0.505 0.05326331582895724 0.078
0 0.4351087771942986 0.4445 0.05701425356339085 0.067
0 0.46586646661665415 0.50975 0.05401350337584396 0.0715
0 0.46511627906976744 0.3745 0.06001500375093773 0.081
0 0.4848087021755439 0.3105 0.06864216054013503 0.083
0 0.5039384846211553 0.23825 0.052138034508627154 0.0755
0 0.5146286571642911 0.1795 0.05701425356339085 0.067
0 0.5870217554388597 0.15775 0.0555138784696174 0.0765
0 0.5553263315828957 0.23725 0.05288822205551388 0.0765
0 0.54576144036009 0.30425 0.060765191297824456 0.0755
0 0.5226931732933233 0.375 0.05138784696174044 0.077
0 0.49699924981245314 0.43825 0.056264066016504126 0.0665
0 0.4561140285071268 0.56925 0.05476369092273068 0.0655
0 0.4298574643660915 0.62875 0.06001500375093773 0.0675
0 0.3717179294823706 0.6995 0.05326331582895724 0.067
0 0.3493998499624906 0.77925 0.05888972243060765 0.0595
0 0.3743435858964741 0.8275 0.05701425356339085 0.067
0 0.38540885221305327 0.8865 0.05738934733683421 0.067
0 0.42385596399099773 0.8135 0.05101275318829707 0.057
0 0.4197299324831208 0.773 0.04951237809452363 0.072
0 0.423105776444111 0.694 0.05476369092273068 0.074
0 0.4416729182295574 0.889 0.04688672168042011 0.072
0 0.48349587396849214 0.91475 0.046511627906976744 0.0675
0 0.5474493623405852 0.94025 0.055138784696174045 0.0625
0 0.5106901725431358 0.85825 0.050637659414853715 0.0585
0 0.4896849212303076 0.8145 0.05888972243060765 0.073
0 0.45742685671417854 0.74875 0.046136534133533386 0.0715
0 0.5643285821455364 0.84325 0.04688672168042011 0.0595
0 0.5472618154538634 0.80175 0.05026256564141035 0.0705
0 0.5176294073518379 0.75925 0.05701425356339085 0.0715
0 0.47243060765191297 0.689 0.05588897224306077 0.074
0 0.48349587396849214 0.628 0.05326331582895724 0.07
0 0.5195048762190547 0.5735 0.05251312828207052 0.082
0 0.5213803450862715 0.50275 0.05476369092273068 0.0755
0 0.6230307576894224 0.851 0.051762940735183796 0.058
0 0.6031507876969242 0.783 0.05701425356339085 0.066
0 0.5746436609152288 0.732 0.051762940735183796 0.056
0 0.5376969242310577 0.7025 0.055138784696174045 0.075
0 0.5530757689422355 0.63125 0.0536384096024006 0.0625
0 0.5978994748687172 0.67425 0.05326331582895724 0.0625
0 0.5750187546886721 0.55775 0.04876219054763691 0.0705
0 0.5555138784696174 0.43175 0.05026256564141035 0.0685
0 0.5738934733683421 0.36 0.05251312828207052 0.081
0 0.5902100525131283 0.31 0.04988747186796699 0.076
0 0.6108402100525131 0.24 0.05288822205551388 0.079
0 0.6213428357089272 0.1765 0.046136534133533386 0.077
0 0.6875468867216804 0.241 0.04351087771942986 0.082
0 0.6740435108777194 0.2765 0.051762940735183796 0.077
0 0.6318454613653414 0.3475 0.0536384096024006 0.074
0 0.6798574643660915 0.3525 0.046136534133533386 0.075
0 0.6149662415603901 0.41475 0.05438859714928732 0.0695
0 0.677231807951988 0.42425 0.043135783945986494 0.0735
0 0.5948987246811703 0.492 0.05701425356339085 0.072
0 0.6599774943735934 0.49025 0.050637659414853715 0.0725
0 0.628469617404351 0.538 0.05888972243060765 0.069
0 0.6346586646661665 0.6165 0.05251312828207052 0.067
0 0.6890472618154538 0.5535 0.0450112528132033 0.067
0 0.6612903225806451 0.68225 0.04801200300075019 0.0725
0 0.6444111027756939 0.7495 0.0555138784696174 0.06
0 0.6575393848462115 0.79575 0.05326331582895724 0.0645
0 0.7029257314328582 0.7675 0.046511627906976744 0.065
0 0.6926106526631658 0.7085 0.04538634658664666 0.077
0 0.6952363090772693 0.62425 0.04538634658664666 0.0685
0 0.7171792948237059 0.66925 0.046511627906976744 0.0755
0 0.7441860465116279 0.7225 0.04951237809452363 0.073
0 0.7912603150787697 0.70425 0.04688672168042011 0.0645
0 0.7327456864216054 0.601 0.04463615903975994 0.076
0 0.7404351087771943 0.53275 0.0450112528132033 0.0725
0 0.780570142535634 0.645 0.05251312828207052 0.074
0 0.840960240060015 0.66925 0.0450112528132033 0.0645
0 0.7912603150787697 0.55675 0.04088522130532633 0.0715
0 0.817516879219805 0.60075 0.04838709677419355 0.0695
0 0.858027006751688 0.6165 0.041635408852213056 0.071
0 0.8829707426856714 0.61725 0.03900975243810953 0.0725
0 0.9197299324831207 0.5965 0.0450112528132033 0.063
0 0.9199174793698425 0.523 0.04463615903975994 0.066
0 0.8668417104276069 0.543 0.03825956489122281 0.073
0 0.8357089272318079 0.5425 0.04576144036009002 0.069
0 0.7695048762190547 0.47775 0.04388597149287322 0.0745
0 0.7327456864216054 0.43175 0.056639159789947484 0.0705
0 0.817516879219805 0.46375 0.050637659414853715 0.0755
0 0.8734058514628658 0.46725 0.05438859714928732 0.0715
0 0.7578769692423106 0.36875 0.0536384096024006 0.0725
0 0.7835708927231808 0.4105 0.05026256564141035 0.075
0 0.8531507876969242 0.403 0.041635408852213056 0.074
0 0.826331582895724 0.36125 0.05251312828207052 0.0775
0 0.768192048012003 0.308 0.04351087771942986 0.068
