0 0.4804951237809452 0.1185 0.03900975243810953 0.048
0 0.5189422355588897 0.116 0.03938484621155289 0.057
0 0.5645161290322581 0.11475 0.04351087771942986 0.0555
0 0.5890847711927982 0.1495 0.04088522130532633 0.055
0 0.5570142535633908 0.051 0.04276069017254314 0.054
0 0.6059639909977494 0.09625 0.04688672168042011 0.0585
0 0.6286571642910728 0.1345 0.03975993998499625 0.059
0 0.6607276819204801 0.14325 0.04388597149287322 0.0675
0 0.5337584396099024 0.17325 0.03600900225056264 0.0515
0 0.5547636909227307 0.19725 0.04426106526631658 0.0615
0 0.5041260315078769 0.17125 0.033008252063015754 0.0585
0 0.4606151537884471 0.18425 0.03675918979744936 0.0485
0 0.4529257314328582 0.2205 0.03338334583645911 0.059
0 0.49456114028507125 0.24675 0.038634658664666165 0.0535
0 0.5356339084771192 0.24825 0.03825956489122281 0.0535
0 0.5512003000750187 0.2935 0.04013503375843961 0.054
0 0.5896474118529632 0.229 0.03825956489122281 0.059
0 0.5992123030757689 0.288 0.04463615903975994 0.053
0 0.6425356339084771 0.20925 0.04276069017254314 0.0575
0 0.6770442610652663 0.2275 0.04801200300075019 0.057
0 0.72768192048012 0.19325 0.04801200300075019 0.0645
0 0.7319954988747187 0.258 0.047636909227306824 0.067
0 0.7856339084771192 0.2505 0.047636909227306824 0.069
0 0.6376594148537135 0.26925 0.04126031507876969 0.0545
0 0.6125281320330083 0.3275 0.05251312828207052 0.058
0 0.6087771942985747 0.3815 0.04276069017254314 0.055
0 0.5138784696174044 0.2995 0.04276069017254314 0.058
0 0.46586646661665415 0.27775 0.03975993998499625 0.0485
0 0.4579894973743436 0.33725 0.03675918979744936 0.0625
0 0.4891222805701425 0.342 0.04051012753188297 0.053
0 0.6931732933233309 0.3385 0.05251312828207052 0.074
0 0.7246811702925732 0.3885 0.051762940735183796 0.068
0 0.7603150787696924 0.34825 0.0555138784696174 0.0615
0 0.8118904726181545 0.335 0.05288822205551388 0.069
0 0.7860090022505627 0.40375 0.05588897224306077 0.0695
0 0.7738184546136534 0.47675 0.0555138784696174 0.0695
0 0.7933233308327082 0.51175 0.05776444111027757 0.0805
0 0.7462490622655664 0.53525 0.0536384096024006 0.0735
0 0.7134283570892723 0.483 0.05701425356339085 0.065
0 0.6594148537134283 0.4635 0.05101275318829707 0.063
0 0.6342835708927231 0.43 0.0450112528132033 0.061
0 0.6545386346586647 0.3745 0.03900975243810953 0.069
0 0.5264441110277569 0.37675 0.043135783945986494 0.0615
0 0.5611402850712678 0.411 0.03900975243810953 0.063
0 0.594523630907727 0.4445 0.037509377344336084 0.059
0 0.6074643660915229 0.488 0.04463615903975994 0.067
0 0.6369092273068268 0.52475 0.04801200300075019 0.0635
0 0.48330832708177046 0.3885 0.041635408852213056 0.066
0 0.5230682670667667 0.4325 0.041635408852213056 0.059
0 0.4399849962490623 0.39325 0.04126031507876969 0.0565
0 0.423105776444111 0.431 0.035258814703675916 0.055
0 0.463615903975994 0.4775 0.03225806451612903 0.057
0 0.43192048012003 0.49725 0.04088522130532633 0.0545
0 0.46830457614403603 0.534 0.038634658664666165 0.06
0 0.49962490622655664 0.4875 0.03900975243810953 0.059
0 0.5138784696174044 0.541 0.03975993998499625 0.058
0 0.5542010502625656 0.5005 0.046136534133533386 0.065
0 0.5975243810952738 0.5505 0.042010502625656414 0.061
0 0.5521380345086272 0.57375 0.04276069017254314 0.0595
0 0.42873218304576144 0.55875 0.04051012753188297 0.0545
0 0.477119279819955 0.57575 0.03675918979744936 0.0595
0 0.4204801200300075 0.60975 0.035258814703675916 0.0565
0 0.45911477869467365 0.62325 0.03375843960990248 0.0625
0 0.48030757689422354 0.642 0.03338334583645911 0.067
0 0.5163165791447862 0.6025 0.043135783945986494 0.061
0 0.5341335333833458 0.657 0.04126031507876969 0.063
0 0.45930232558139533 0.683 0.029632408102025505 0.06
0 0.4253563390847712 0.66375 0.03600900225056264 0.0625
0 0.427231807951988 0.71925 0.037509377344336084 0.0615
0 0.43023255813953487 0.78 0.03675918979744936 0.061
0 0.4180420105026257 0.81475 0.034133533383345835 0.0625
0 0.4647411852963241 0.80625 0.037509377344336084 0.0625
0 0.4795573893473368 0.742 0.03788447111777944 0.06
0 0.5131282820705176 0.77525 0.04126031507876969 0.0655
0 0.514066016504126 0.70925 0.03788447111777944 0.0605
0 0.5436984246061516 0.7355 0.04088522130532633 0.055
0 0.5808327081770442 0.74 0.04913728432108027 0.064
0 0.5954613653413353 0.68125 0.047636909227306824 0.0685
0 0.5785821455363841 0.63075 0.043135783945986494 0.0615
0 0.6237809452363091 0.605 0.046511627906976744 0.065
0 0.6607276819204801 0.599 0.04838709677419355 0.069
0 0.7064891222805701 0.58975 0.05438859714928732 0.0645
0 0.654351087771943 0.658 0.046136534133533386 0.065
0 0.6914853713428357 0.68875 0.056639159789947484 0.0775
0 0.6344711177794449 0.7365 0.04913728432108027 0.074
0 0.609152288072018 0.78825 0.05251312828207052 0.0725
0 0.5630157539384846 0.79725 0.046511627906976744 0.0795
0 0.5279444861215303 0.83175 0.04463615903975994 0.0725
0 0.4300450112528132 0.8695 0.03788447111777944 0.06
0 0.47430607651912976 0.87875 0.043135783945986494 0.0685
0 0.5163165791447862 0.9235 0.03788447111777944 0.074
0 0.5577644411102776 0.886 0.03600900225056264 0.071
0 0.5926481620405101 0.9395 0.04801200300075019 0.066
0 0.5980870217554388 0.872 0.04463615903975994 0.077
0 0.6475993998499625 0.87 0.047636909227306824 0.077
0 0.6511627906976745 0.94025 0.051762940735183796 0.0695
0 0.6986121530382595 0.838 0.05588897224306077 0.082
0 0.6879219804951238 0.7625 0.05326331582895724 0.078
0 0.7484996249062266 0.87875 0.05588897224306077 0.0795
0 0.7593773443360841 0.8065 0.05138784696174044 0.076
0 0.8252063015753939 0.78875 0.05476369092273068 0.0825
0 0.7916354088522131 0.717 0.05888972243060765 0.08
0 0.7353713428357089 0.73225 0.059639909977494375 0.0795
0 0.7376219054763691 0.6565 0.055138784696174045 0.078
0 0.7674418604651163 0.6045 0.06301575393848462 0.079
0 0.8426481620405101 0.60075 0.06339084771192798 0.0785
