0 0.05701425356339085 0.26525 0.051762940735183796 0.0625
0 0.10783945986496624 0.2705 0.055138784696174045 0.07
0 0.13559639909977494 0.1945 0.055138784696174045 0.064
0 0.1656039009752438 0.252 0.0536384096024006 0.077
0 0.22618154538634658 0.1785 0.04576144036009002 0.077
0 0.24568642160540136 0.25675 0.05251312828207052 0.0675
0 0.26875468867216806 0.31125 0.0536384096024006 0.0845
0 0.30626406601650413 0.24025 0.059639909977494375 0.0795
0 0.3463990997749437 0.26475 0.04238559639909977 0.0805
0 0.396099024756189 0.2815 0.06601650412603151 0.069
0 0.28319579894973745 0.11825 0.051762940735183796 0.0845
0 0.34339834958739685 0.1625 0.050637659414853715 0.078
0 0.37978244561140284 0.20175 0.05888972243060765 0.0735
0 0.4146661665416354 0.13675 0.05813953488372093 0.0785
0 0.4405476369092273 0.19275 0.0603900975243811 0.0795
0 0.46492873218304576 0.2645 0.06264066016504126 0.081
0 0.5241935483870968 0.245 0.059639909977494375 0.07
0 0.536946736684171 0.134 0.04913728432108027 0.087
0 0.589834958739685 0.158 0.056639159789947484 0.089
0 0.6376594148537135 0.16075 0.05326331582895724 0.0735
0 0.7093023255813954 0.164 0.06601650412603151 0.084
0 0.7501875468867217 0.20125 0.06151537884471118 0.0795
0 0.6522880720180045 0.22975 0.06601650412603151 0.0665
0 0.6530382595648913 0.29175 0.0622655663915979 0.0865
0 0.5802700675168793 0.2685 0.04351087771942986 0.081
0 0.6003375843960991 0.33525 0.05588897224306077 0.0775
0 0.541072768192048 0.33925 0.055138784696174045 0.0785
0 0.4741185296324081 0.352 0.06451612903225806 0.082
0 0.41429107276819205 0.38325 0.05138784696174044 0.0845
0 0.359152288072018 0.35625 0.0603900975243811 0.0715
0 0.3008252063015754 0.396 0.05776444111027757 0.064
0 0.36159039759939987 0.41975 0.05776444111027757 0.0725
0 0.2528132033008252 0.37075 0.05776444111027757 0.0785
0 0.2003000750187547 0.31275 0.05776444111027757 0.0755
0 0.15153788447111777 0.3225 0.05401350337584396 0.078
0 0.09696174043510877 0.3535 0.0603900975243811 0.07
0 0.11946736684171043 0.39725 0.0641410352588147 0.0735
0 0.17554388597149287 0.39175 0.04801200300075019 0.0865
0 0.037134283570892726 0.33225 0.05701425356339085 0.0685
0 0.0354463615903976 0.39775 0.05138784696174044 0.0725
0 0.06245311327831958 0.442 0.0603900975243811 0.078
0 0.04088522130532633 0.47175 0.05326331582895724 0.0735
0 0.04444861215303826 0.548 0.05888972243060765 0.088
0 0.10127531882970743 0.519 0.051762940735183796 0.081
0 0.10952738184546136 0.583 0.06376594148537135 0.071
0 0.14253563390847712 0.64325 0.05026256564141035 0.0785
0 0.1511627906976744 0.5535 0.051762940735183796 0.077
0 0.15210052513128283 0.4755 0.05138784696174044 0.076
0 0.2126781695423856 0.45875 0.04801200300075019 0.0715
0 0.22580645161290322 0.525 0.05401350337584396 0.076
0 0.23030757689422354 0.60825 0.056264066016504126 0.0875
0 0.2059264816204051 0.67075 0.05776444111027757 0.0615
0 0.25525131282820707 0.6985 0.04988747186796699 0.076
0 0.3141410352588147 0.67975 0.05888972243060765 0.0795
0 0.3360840210052513 0.76025 0.05776444111027757 0.0735
0 0.39309827456864216 0.80125 0.0690172543135784 0.0785
0 0.386721680420105 0.71875 0.05251312828207052 0.0795
0 0.34752438109527384 0.64575 0.05888972243060765 0.0805
0 0.313953488372093 0.5925 0.0622655663915979 0.076
0 0.27813203300825207 0.5245 0.06339084771192798 0.07
0 0.28582145536384096 0.4635 0.05701425356339085 0.071
0 0.33233308327081773 0.51475 0.056264066016504126 0.0675
0 0.3790322580645161 0.50475 0.0536384096024006 0.0855
0 0.4011627906976744 0.5735 0.050637659414853715 0.081
0 0.43435858964741186 0.63075 0.060765191297824456 0.0795
0 0.4409227306826707 0.53275 0.05813953488372093 0.0795
0 0.46230307576894225 0.4605 0.0641410352588147 0.089
0 0.5215678919729932 0.4505 0.059639909977494375 0.088
0 0.5789572393098275 0.48475 0.05888972243060765 0.0845
0 0.5740810202550638 0.40125 0.05588897224306077 0.0725
0 0.6382220555138785 0.42875 0.061890472618154536 0.0785
0 0.6890472618154538 0.48 0.060765191297824456 0.077
0 0.7246811702925732 0.28575 0.05701425356339085 0.0775
0 0.7235558889722431 0.36525 0.060765191297824456 0.0865
0 0.7788822205551388 0.37975 0.05888972243060765 0.0865
0 0.8208927231807952 0.39725 0.05438859714928732 0.0785
0 0.8049512378094523 0.3205 0.05701425356339085 0.087
0 0.8512753188297074 0.3375 0.04988747186796699 0.077
0 0.8882220555138785 0.41825 0.0622655663915979 0.0915
0 0.9127906976744186 0.49725 0.06789197299324831 0.0735
0 0.8452738184546137 0.475 0.05588897224306077 0.08
0 0.7950112528132033 0.47875 0.05888972243060765 0.0795
0 0.7494373593398349 0.4535 0.06001500375093773 0.087
0 0.7308702175543886 0.5385 0.06789197299324831 0.076
0 0.7933233308327082 0.548 0.058514628657164294 0.083
0 0.8418979744936234 0.58175 0.06789197299324831 0.0805
0 0.9231057764441111 0.64675 0.06676669167291822 0.0905
0 0.8375843960990248 0.654 0.060765191297824456 0.083
0 0.8006376594148538 0.691 0.056639159789947484 0.082
0 0.7501875468867217 0.62575 0.05401350337584396 0.0895
0 0.6937359339834959 0.5985 0.055138784696174045 0.083
0 0.6404726181545386 0.57325 0.0603900975243811 0.0835
0 0.5041260315078769 0.5335 0.05251312828207052 0.076
0 0.5450112528132033 0.566 0.06151537884471118 0.086
0 0.5842085521380345 0.62525 0.06789197299324831 0.0665
0 0.48537134283570893 0.59925 0.05776444111027757 0.0795
0 0.4988747186796699 0.69075 0.06151537884471118 0.0795
0 0.5572018004501126 0.67825 0.0536384096024006 0.0785
0 0.4748687171792948 0.76625 0.05701425356339085 0.0875
0 0.5331957989497375 0.75375 0.059639909977494375 0.0845
0 0.44467366841710426 0.855 0.059639909977494375 0.065
0 0.5106901725431358 0.84175 0.052138034508627154 0.0675
0 0.5812078019504876 0.83675 0.061140285071267814 0.0725
0 0.6061515378844711 0.7535 0.05701425356339085 0.082
0 0.654913728432108 0.66725 0.060765191297824456 0.0785
0 0.6573518379594899 0.73775 0.0671417854463616 0.0675
0 0.6509752438109527 0.81025 0.059639909977494375 0.0825
0 0.70423855963991 0.79725 0.061890472618154536 0.0795
0 0.7132408102025506 0.692 0.059639909977494375 0.077
0 0.753563390847712 0.7535 0.058514628657164294 0.07
0 0.43792198049512376 0.71025 0.05813953488372093 0.0705
