0 0.07670667666916729 0.5585 0.0536384096024006 0.073
0 0.10671417854463616 0.6625 0.05438859714928732 0.099
0 0.15660165041260315 0.7075 0.05588897224306077 0.084
0 0.1629782445611403 0.638 0.06489122280570142 0.076
0 0.23068267066766693 0.64475 0.05326331582895724 0.0785
0 0.25975243810952736 0.70875 0.0641410352588147 0.0815
0 0.13578394598649662 0.57375 0.051762940735183796 0.0725
0 0.09283570892723181 0.477 0.06339084771192798 0.078
0 0.15172543135783945 0.507 0.050637659414853715 0.071
0 0.18604651162790697 0.56275 0.05401350337584396 0.0715
0 0.24493623405851464 0.57575 0.05926481620405101 0.0775
0 0.3017629407351838 0.568 0.061140285071267814 0.075
0 0.2897599399849963 0.64025 0.04988747186796699 0.0855
0 0.3276444111027757 0.709 0.05813953488372093 0.095
0 0.34264816204051013 0.6315 0.0603900975243811 0.085
0 0.3887846961740435 0.69225 0.061890472618154536 0.0865
0 0.40341335333833456 0.60825 0.056639159789947484 0.0795
0 0.4491747936984246 0.6815 0.0536384096024006 0.086
0 0.5037509377344336 0.658 0.0690172543135784 0.085
0 0.5693923480870218 0.6655 0.06451612903225806 0.079
0 0.63615903975994 0.64475 0.06601650412603151 0.0795
0 0.6048387096774194 0.56975 0.07014253563390847 0.0785
0 0.5382595648912228 0.5915 0.06601650412603151 0.08
0 0.4696174043510878 0.59225 0.05926481620405101 0.0775
0 0.3599024756189047 0.55125 0.056639159789947484 0.0795
0 0.4367966991747937 0.502 0.059639909977494375 0.088
0 0.49962490622655664 0.52 0.06001500375093773 0.086
0 0.5572018004501126 0.51325 0.0641410352588147 0.0775
0 0.6430982745686422 0.49525 0.061140285071267814 0.0825
0 0.6065266316579144 0.43525 0.05926481620405101 0.0785
0 0.5483870967741935 0.4385 0.060765191297824456 0.084
0 0.4846211552888222 0.44225 0.06001500375093773 0.0735
0 0.42029257314328583 0.4295 0.059639909977494375 0.064
0 0.35277569392348085 0.46825 0.07014253563390847 0.0765
0 0.2950112528132033 0.49375 0.0603900975243811 0.0725
0 0.21099024756189047 0.49325 0.061140285071267814 0.0665
0 0.12378094523630907 0.41625 0.05326331582895724 0.0705
0 0.15003750937734434 0.358 0.05926481620405101 0.066
0 0.1667291822955739 0.43575 0.05738934733683421 0.0725
0 0.204801200300075 0.3785 0.0555138784696174 0.072
0 0.21905476369092272 0.313 0.05476369092273068 0.069
0 0.25543885971492875 0.37525 0.0555138784696174 0.0845
0 0.2569392348087022 0.4545 0.060765191297824456 0.078
0 0.3017629407351838 0.42225 0.05738934733683421 0.0765
0 0.36102775693923483 0.3975 0.061890472618154536 0.075
0 0.27138034508627157 0.30625 0.04688672168042011 0.0755
0 0.2987621905476369 0.3335 0.04913728432108027 0.087
0 0.3505251312828207 0.3255 0.05813953488372093 0.075
0 0.4071642910727682 0.34875 0.056639159789947484 0.0765
0 0.4684921230307577 0.37475 0.0555138784696174 0.0685
0 0.527006751687922 0.35925 0.05776444111027757 0.0725
0 0.5879594898724682 0.35925 0.05888972243060765 0.0885
0 0.645536384096024 0.331 0.05926481620405101 0.086
0 0.5896474118529632 0.26725 0.060765191297824456 0.0845
0 0.52344336084021 0.24 0.05813953488372093 0.089
0 0.4763690922730683 0.234 0.0555138784696174 0.077
0 0.4684921230307577 0.30025 0.0555138784696174 0.0765
0 0.41166541635408854 0.27625 0.06339084771192798 0.0905
0 0.349774943735934 0.2505 0.061890472618154536 0.081
0 0.30795198799699924 0.26425 0.04801200300075019 0.0755
0 0.3447111777944486 0.188 0.0622655663915979 0.07
0 0.41841710427606904 0.1965 0.06339084771192798 0.07
0 0.7186796699174793 0.36075 0.06526631657914479 0.0845
0 0.8017629407351838 0.36175 0.06339084771192798 0.0895
0 0.8629032258064516 0.38375 0.0641410352588147 0.0895
0 0.6702925731432858 0.40575 0.06751687921980495 0.0835
0 0.7526256564141035 0.425 0.06489122280570142 0.087
0 0.8111402850712678 0.4565 0.06339084771192798 0.088
0 0.8683420855213804 0.4715 0.05701425356339085 0.083
0 0.6776069017254314 0.58375 0.06339084771192798 0.0865
0 0.7036759189797449 0.666 0.07051762940735183 0.084
0 0.7550637659414854 0.634 0.06301575393848462 0.089
0 0.7053638409602401 0.47575 0.06864216054013503 0.0865
0 0.7340585146286571 0.548 0.06451612903225806 0.083
0 0.8006376594148538 0.557 0.0603900975243811 0.094
0 0.8522130532633159 0.574 0.05926481620405101 0.094
0 0.8981620405101275 0.667 0.0708927231807952 0.082
0 0.8248312078019505 0.6395 0.06676669167291822 0.086
0 0.7710052513128282 0.7085 0.06639159789947487 0.082
0 0.8539009752438109 0.7385 0.06789197299324831 0.086
