0 0.2462490622655664 0.772 0.03488372093023256 0.038
0 0.32126781695423856 0.7535 0.034133533383345835 0.046
0 0.3612153038259565 0.74975 0.03075768942235559 0.0355
0 0.3486496624156039 0.80775 0.036384096024006 0.0345
0 0.3927231807951988 0.75025 0.03375843960990248 0.0385
0 0.42666916729182297 0.79975 0.034133533383345835 0.0425
0 0.47168042010502625 0.78875 0.03488372093023256 0.0365
0 0.49549887471867965 0.7115 0.033008252063015754 0.033
0 0.4634283570892723 0.7445 0.029632408102025505 0.032
0 0.45386346586646664 0.703 0.030007501875468866 0.037
0 0.4223555888972243 0.7095 0.0345086271567892 0.037
0 0.40472618154538637 0.6985 0.033008252063015754 0.038
0 0.32801950487621906 0.719 0.036384096024006 0.032
0 0.2469992498124531 0.7125 0.03563390847711928 0.033
0 0.23218304576144036 0.6785 0.03600900225056264 0.035
0 0.2777569392348087 0.6795 0.03788447111777944 0.034
0 0.2921980495123781 0.69425 0.028507126781695424 0.0355
0 0.27156789197299325 0.64875 0.03225806451612903 0.0345
0 0.3083270817704426 0.64075 0.03600900225056264 0.0385
0 0.3435858964741185 0.63975 0.03075768942235559 0.0315
0 0.3674043510877719 0.6525 0.032633158289572396 0.038
0 0.38653413353338334 0.64075 0.034133533383345835 0.0355
0 0.42516879219804954 0.62475 0.03188297074268567 0.0385
0 0.43529632408102026 0.65775 0.030382595648912228 0.0385
0 0.4876219054763691 0.6555 0.033008252063015754 0.037
0 0.4587396849212303 0.62825 0.024756189047261814 0.0375
0 0.5005626406601651 0.57025 0.028132033008252063 0.0375
0 0.44486121530382594 0.58575 0.03600900225056264 0.0465
0 0.41935483870967744 0.56525 0.035258814703675916 0.0415
0 0.4054763690922731 0.597 0.029257314328582147 0.036
0 0.3735933983495874 0.58225 0.03225806451612903 0.0345
0 0.27494373593398347 0.6125 0.03600900225056264 0.035
0 0.2462490622655664 0.60175 0.03188297074268567 0.0375
0 0.20048762190547637 0.61025 0.028132033008252063 0.0425
0 0.15978994748687173 0.64425 0.037509377344336084 0.0375
0 0.1339084771192798 0.56875 0.029257314328582147 0.0395
0 0.13784696174043512 0.5375 0.03488372093023256 0.045
0 0.16991747936984247 0.563 0.033008252063015754 0.043
0 0.21005251312828208 0.56375 0.03375843960990248 0.0395
0 0.1837959489872468 0.52325 0.03975993998499625 0.0355
0 0.2575018754688672 0.531 0.03113278319579895 0.045
0 0.28600900225056264 0.54225 0.034133533383345835 0.0455
0 0.3107651912978245 0.574 0.03113278319579895 0.041
0 0.32820705176294074 0.5455 0.03375843960990248 0.042
0 0.36046511627906974 0.558 0.029257314328582147 0.039
0 0.48705926481620404 0.51775 0.02738184546136534 0.0445
0 0.4544261065266317 0.496 0.028882220555138786 0.04
0 0.42029257314328583 0.49625 0.037134283570892726 0.0415
0 0.3765941485371343 0.502 0.03225806451612903 0.042
0 0.2126781695423856 0.4515 0.035258814703675916 0.041
0 0.22655663915978994 0.482 0.04126031507876969 0.045
0 0.2462490622655664 0.441 0.038634658664666165 0.046
0 0.2683795948987247 0.481 0.03113278319579895 0.042
0 0.30438859714928734 0.46175 0.03563390847711928 0.0425
0 0.3265191297824456 0.4435 0.03113278319579895 0.044
0 0.3561515378844711 0.464 0.03938484621155289 0.039
0 0.3934733683420855 0.4545 0.03375843960990248 0.041
0 0.43810952738184544 0.45025 0.03225806451612903 0.0385
0 0.4748687171792948 0.464 0.03600900225056264 0.045
0 0.5005626406601651 0.4225 0.032633158289572396 0.046
0 0.45817704426106526 0.4195 0.034133533383345835 0.044
0 0.3606526631657914 0.42925 0.036384096024006 0.0445
0 0.2921980495123781 0.42375 0.03225806451612903 0.0435
0 0.24287321830457614 0.3915 0.028882220555138786 0.047
0 0.3027006751687922 0.3905 0.03900975243810953 0.041
0 0.37884471117779445 0.39125 0.035258814703675916 0.0435
0 0.41822955738934736 0.40275 0.033008252063015754 0.0435
0 0.48930982745686424 0.358 0.036384096024006 0.038
0 0.4484246061515379 0.3735 0.04013503375843961 0.048
0 0.41522880720180044 0.3645 0.03225806451612903 0.038
0 0.21099024756189047 0.322 0.03338334583645911 0.046
0 0.25731432858214554 0.352 0.03900975243810953 0.051
0 0.2469992498124531 0.3065 0.032633158289572396 0.048
0 0.31864216054013506 0.32275 0.03338334583645911 0.0445
0 0.34996249062265566 0.35275 0.037509377344336084 0.0425
0 0.37865716429107277 0.343 0.038634658664666165 0.044
0 0.41072768192048015 0.3285 0.03600900225056264 0.049
0 0.4559264816204051 0.31125 0.037134283570892726 0.0505
0 0.28113278319579893 0.26875 0.036384096024006 0.0415
0 0.3175168792198049 0.27775 0.03338334583645911 0.0495
0 0.35408852213053266 0.21975 0.028507126781695424 0.0455
0 0.3756564141035259 0.25125 0.03563390847711928 0.0495
0 0.4274193548387097 0.22925 0.03788447111777944 0.0525
0 0.4549887471867967 0.25725 0.0345086271567892 0.0495
0 0.48874718679669915 0.23425 0.03675918979744936 0.0515
0 0.4521755438859715 0.198 0.046136534133533386 0.057
0 0.39816204051012755 0.19225 0.036384096024006 0.0485
0 0.291072768192048 0.1695 0.033008252063015754 0.046
0 0.3480870217554389 0.13075 0.033008252063015754 0.0525
0 0.43210802700675166 0.167 0.03075768942235559 0.046
0 0.47093023255813954 0.151 0.032633158289572396 0.044
0 0.5144411102775694 0.15325 0.038634658664666165 0.0555
0 0.5660165041260315 0.14 0.04126031507876969 0.046
0 0.6264066016504126 0.14025 0.037509377344336084 0.0585
0 0.6682295573893473 0.1505 0.036384096024006 0.055
0 0.6976744186046512 0.183 0.0345086271567892 0.048
0 0.7938859714928732 0.19275 0.036384096024006 0.0545
0 0.541072768192048 0.1735 0.03788447111777944 0.056
0 0.5768942235558889 0.18225 0.03900975243810953 0.0505
0 0.6269692423105776 0.20425 0.041635408852213056 0.0515
0 0.5200675168792198 0.235 0.03338334583645911 0.053
0 0.5609527381845462 0.22925 0.037134283570892726 0.0445
0 0.5978994748687172 0.2475 0.03375843960990248 0.046
0 0.6344711177794449 0.25875 0.038634658664666165 0.0505
0 0.7273068267066767 0.23275 0.03375843960990248 0.0475
0 0.7631282820705176 0.2425 0.036384096024006 0.049
0 0.8223930982745686 0.25075 0.03788447111777944 0.0505
0 0.7573143285821455 0.3115 0.03825956489122281 0.052
0 0.7151162790697675 0.285 0.03563390847711928 0.05
0 0.6742310577644411 0.279 0.03488372093023256 0.046
0 0.6046511627906976 0.281 0.03375843960990248 0.043
0 0.5549512378094523 0.27025 0.032633158289572396 0.0455
0 0.5268192048012003 0.28475 0.03563390847711928 0.0525
0 0.532258064516129 0.326 0.03675918979744936 0.044
0 0.5647036759189797 0.318 0.032633158289572396 0.048
0 0.5980870217554388 0.32175 0.03188297074268567 0.0425
0 0.6444111027756939 0.311 0.04126031507876969 0.049
0 0.7025506376594148 0.331 0.03675918979744936 0.053
0 0.7383720930232558 0.33825 0.030382595648912228 0.0425
0 0.777006751687922 0.3325 0.029632408102025505 0.045
0 0.8015753938484621 0.34275 0.03375843960990248 0.0445
0 0.8124531132783196 0.40625 0.028507126781695424 0.0385
0 0.7927606901725431 0.38825 0.03113278319579895 0.0525
0 0.7190547636909227 0.3795 0.033008252063015754 0.04
0 0.7040510127531883 0.375 0.0345086271567892 0.042
0 0.640285071267817 0.35525 0.03600900225056264 0.0435
0 0.65847711927982 0.38225 0.03338334583645911 0.0425
0 0.6082145536384096 0.382 0.032633158289572396 0.054
0 0.5564516129032258 0.36675 0.029632408102025505 0.0425
0 0.5783945986496624 0.3975 0.030007501875468866 0.04
0 0.5491372843210802 0.4065 0.03600900225056264 0.045
0 0.5210052513128282 0.39775 0.0345086271567892 0.0515
0 0.5255063765941486 0.47025 0.037509377344336084 0.0395
0 0.5695798949737434 0.4545 0.038634658664666165 0.042
0 0.6099024756189048 0.45075 0.0345086271567892 0.0405
0 0.6309077269317329 0.4115 0.035258814703675916 0.042
0 0.6828582145536384 0.4435 0.03338334583645911 0.051
0 0.6972993248312078 0.457 0.021005251312828207 0.04
0 0.7274943735933983 0.42825 0.03488372093023256 0.0425
0 0.7800075018754689 0.43 0.038634658664666165 0.038
0 0.8343960990247562 0.4395 0.02738184546136534 0.046
0 0.8096399099774944 0.44975 0.04013503375843961 0.0485
0 0.7576894223555889 0.4635 0.035258814703675916 0.044
0 0.6551012753188297 0.48475 0.03938484621155289 0.0445
0 0.5984621155288822 0.48175 0.032633158289572396 0.0405
0 0.5677044261065266 0.49825 0.036384096024006 0.0405
0 0.5309452363090773 0.50025 0.034133533383345835 0.0385
0 0.5225056264066017 0.554 0.03150787696924231 0.044
0 0.56807951987997 0.55625 0.03338334583645911 0.0415
0 0.6042760690172543 0.5575 0.0345086271567892 0.041
0 0.628469617404351 0.503 0.03488372093023256 0.04
0 0.6603525881470368 0.52975 0.032633158289572396 0.0355
0 0.704801200300075 0.52 0.0345086271567892 0.045
0 0.7394973743435859 0.5185 0.030382595648912228 0.044
0 0.7906976744186046 0.49975 0.033008252063015754 0.0485
0 0.8013878469617405 0.52725 0.030382595648912228 0.0505
0 0.7753188297074268 0.54125 0.029257314328582147 0.0425
0 0.6393473368342085 0.56925 0.03563390847711928 0.0425
0 0.6579144786196549 0.57075 0.024006001500375095 0.0395
0 0.536946736684171 0.59575 0.03488372093023256 0.0425
0 0.5050637659414854 0.6285 0.03338334583645911 0.039
0 0.581582895723931 0.61475 0.036384096024006 0.0515
0 0.6084021005251313 0.6145 0.03075768942235559 0.034
0 0.6472243060765192 0.63075 0.03338334583645911 0.0425
0 0.6987996999249813 0.5985 0.029257314328582147 0.044
0 0.7143660915228808 0.572 0.028882220555138786 0.044
0 0.741185296324081 0.58575 0.03675918979744936 0.0455
0 0.7811327831957989 0.57475 0.03488372093023256 0.0405
0 0.7451237809452363 0.6055 0.03563390847711928 0.038
0 0.7494373593398349 0.63525 0.03225806451612903 0.0395
0 0.7096774193548387 0.644 0.024756189047261814 0.035
0 0.6841710427606902 0.65425 0.033008252063015754 0.0395
0 0.6490997749437359 0.6545 0.02738184546136534 0.035
0 0.5496999249812453 0.64925 0.029632408102025505 0.0395
0 0.5241935483870968 0.66675 0.032633158289572396 0.0345
0 0.5572018004501126 0.671 0.03188297074268567 0.022
0 0.6237809452363091 0.68 0.02700675168792198 0.031
0 0.6854838709677419 0.68875 0.03338334583645911 0.0345
0 0.8096399099774944 0.65525 0.04013503375843961 0.0415
0 0.7831957989497375 0.727 0.03600900225056264 0.042
0 0.722993248312078 0.70075 0.03113278319579895 0.0345
0 0.7351837959489872 0.71075 0.02625656414103526 0.0315
0 0.6457239309827457 0.709 0.034133533383345835 0.043
0 0.6007126781695424 0.697 0.03338334583645911 0.037
0 0.5647036759189797 0.709 0.032633158289572396 0.038
0 0.5418229557389347 0.73175 0.03788447111777944 0.0385
0 0.5063765941485371 0.74575 0.03075768942235559 0.0355
0 0.5759564891222806 0.756 0.02738184546136534 0.04
0 0.6022130532633159 0.73625 0.034133533383345835 0.0445
0 0.6569767441860465 0.75075 0.029632408102025505 0.0345
0 0.6867966991747937 0.7355 0.03075768942235559 0.038
0 0.7106151537884471 0.743 0.02663165791447862 0.028
0 0.7980120030007501 0.78475 0.029632408102025505 0.0395
0 0.7612528132033008 0.77425 0.03113278319579895 0.0365
0 0.7081770442610653 0.75975 0.02175543885971493 0.0285
0 0.6877344336084021 0.76975 0.03113278319579895 0.0275
0 0.6494748687171793 0.77425 0.02738184546136534 0.0295
0 0.6166541635408852 0.7895 0.028507126781695424 0.039
0 0.5840210052513128 0.78 0.025506376594148537 0.03
0 0.5461365341335334 0.789 0.028507126781695424 0.036
0 0.590960240060015 0.827 0.028882220555138786 0.036
0 0.6558514628657164 0.88725 0.032633158289572396 0.0395
0 0.694298574643661 0.8285 0.024756189047261814 0.034
0 0.7222430607651913 0.80725 0.023630907726931733 0.0315
0 0.6807951987997 0.78625 0.023255813953488372 0.0145
0 0.8473368342085521 0.716 0.029257314328582147 0.033
0 0.8368342085521381 0.63025 0.037509377344336084 0.0425
0 0.8503375843960991 0.6635 0.02625656414103526 0.043
0 0.8683420855213804 0.6655 0.01800450112528132 0.039
0 0.8525881470367592 0.614 0.024756189047261814 0.041
0 0.8756564141035259 0.60375 0.03188297074268567 0.0405
0 0.8400225056264066 0.569 0.03563390847711928 0.037
0 0.8467741935483871 0.53475 0.03488372093023256 0.0425
0 0.8083270817704427 0.4775 0.030007501875468866 0.029
0 0.8469617404351087 0.479 0.03375843960990248 0.045
0 0.867966991747937 0.503 0.03075768942235559 0.034
0 0.8824081020255063 0.44925 0.03488372093023256 0.0375
0 0.8795948987246812 0.42225 0.037509377344336084 0.0535
0 0.8525881470367592 0.40675 0.035258814703675916 0.0475
0 0.8831582895723931 0.357 0.037134283570892726 0.041
0 0.8509002250562641 0.339 0.04013503375843961 0.045
0 0.8906601650412603 0.313 0.04013503375843961 0.045
0 0.8452738184546137 0.2975 0.03188297074268567 0.049
0 0.9152288072018004 0.26 0.03225806451612903 0.053
