0 0.10755705200149644 0.1105 0.06995884773662552 0.098
0 0.1722783389450056 0.07525 0.06846240179573512 0.0855
0 0.24223718668163113 0.06125 0.06621773288439955 0.0915
0 0.30920314253647585 0.116 0.06023194912083801 0.086
0 0.3608305274971942 0.1515 0.05424616535727647 0.098
0 0.398989898989899 0.0935 0.06921062476618033 0.08
0 0.4710063598952488 0.122 0.05985783763561541 0.092
0 0.5293677515899738 0.15625 0.06808829031051253 0.0905
0 0.5907220351664796 0.22575 0.055368499812944255 0.0775
0 0.5342312008978676 0.24875 0.0613542835765058 0.0735
0 0.48559670781893005 0.272 0.04938271604938271 0.08
0 0.4797979797979798 0.19625 0.05948372615039282 0.0735
0 0.4229330340441452 0.1665 0.06247661803217359 0.082
0 0.30995136550692104 0.18525 0.06696595585484474 0.0645
0 0.24354657687991021 0.1565 0.06509539842873176 0.078
0 0.18013468013468015 0.16975 0.06472128694350916 0.0865
0 0.141788252899364 0.21325 0.05312383090160868 0.0785
0 0.07444818555929666 0.18575 0.06210250654695099 0.0785
0 0.050505050505050504 0.29175 0.0613542835765058 0.0655
0 0.10306771417882529 0.26125 0.053497942386831275 0.0805
0 0.16647961092405536 0.28375 0.05686494575383464 0.0625
0 0.2239057239057239 0.30175 0.05574261129816686 0.0755
0 0.2355031799476244 0.2225 0.06621773288439955 0.077
0 0.2828282828282828 0.27925 0.05312383090160868 0.0765
0 0.32977927422371867 0.265 0.05424616535727647 0.076
0 0.39150766928544706 0.25075 0.05723905723905724 0.0845
0 0.43621399176954734 0.31725 0.058361391694725026 0.0735
0 0.5389075944631501 0.31425 0.052749719416386086 0.0675
0 0.5802469135802469 0.376 0.05312383090160868 0.07
0 0.5258136924803591 0.37775 0.050505050505050504 0.0635
0 0.48092031425364756 0.3615 0.04526748971193416 0.074
0 0.4182566404788627 0.39 0.051627384960718295 0.07
0 0.36906098017209127 0.317 0.04601571268237935 0.074
0 0.36962214739992516 0.3805 0.048634493078937524 0.071
0 0.3178077066965956 0.337 0.05798728020950243 0.083
0 0.2669285447063225 0.36025 0.05948372615039282 0.0645
0 0.20014964459408904 0.3565 0.055368499812944255 0.067
0 0.12008978675645342 0.34125 0.058361391694725026 0.0745
0 0.061541339319117094 0.367 0.05873550317994763 0.071
0 0.05218855218855219 0.41775 0.050505050505050504 0.0585
0 0.09932659932659933 0.44525 0.0609801720912832 0.0655
0 0.14927048260381592 0.40175 0.05387205387205387 0.0665
0 0.19809203142536475 0.431 0.05873550317994763 0.059
0 0.3060231949120838 0.414 0.05013093901982791 0.075
0 0.45791245791245794 0.4195 0.05312383090160868 0.066
0 0.5299289188178077 0.43125 0.05948372615039282 0.0575
0 0.5894126449682006 0.44325 0.052749719416386086 0.0615
0 0.6000748222970446 0.49775 0.05013093901982791 0.0555
0 0.5473251028806584 0.49 0.052375607931163484 0.07
0 0.5086045641601197 0.512 0.04451926674148896 0.064
0 0.4655817433595211 0.478 0.046763935652824544 0.058
0 0.41376730265619155 0.5015 0.04339693228582117 0.065
0 0.3786008230452675 0.4495 0.04788627010849233 0.064
0 0.32940516273849607 0.4765 0.052749719416386086 0.065
0 0.2671156004489338 0.46225 0.05312383090160868 0.0705
0 0.22633744855967078 0.48275 0.04638982416760194 0.0625
0 0.16629255518144406 0.47725 0.05574261129816686 0.0605
0 0.11990273101384212 0.5135 0.05723905723905724 0.059
0 0.06677890011223345 0.48675 0.05499438832772166 0.0545
0 0.09652076318742986 0.54075 0.04638982416760194 0.0575
0 0.1526374859708193 0.55375 0.05387205387205387 0.0565
0 0.1835016835016835 0.534 0.053497942386831275 0.061
0 0.2355031799476244 0.5585 0.049756827534605315 0.061
0 0.2665544332210999 0.521 0.046763935652824544 0.06
0 0.31275720164609055 0.53825 0.052375607931163484 0.0625
0 0.3653198653198653 0.51125 0.04826038159371493 0.0505
0 0.38028432472876916 0.55975 0.04227459783015339 0.0595
0 0.427235316124205 0.53875 0.05013093901982791 0.0525
0 0.4678264122708567 0.5555 0.04377104377104377 0.054
0 0.5117845117845118 0.56475 0.04564160119715675 0.0655
0 0.5679012345679012 0.5955 0.04638982416760194 0.052
0 0.6064347175458287 0.5555 0.04938271604938271 0.054
0 0.6062476618032173 0.59775 0.04900860456416012 0.0505
0 0.5725776281331837 0.649 0.04451926674148896 0.059
0 0.5798728020950243 0.693 0.04040404040404041 0.046
0 0.5867938645716424 0.72975 0.04227459783015339 0.0385
0 0.5437710437710438 0.72875 0.04227459783015339 0.0445
0 0.5402169846614291 0.68825 0.0411522633744856 0.0425
0 0.5222596333707444 0.6235 0.041900486344930786 0.052
0 0.4833520389075945 0.6185 0.04638982416760194 0.056
0 0.4906472128694351 0.663 0.04377104377104377 0.044
0 0.503741114852226 0.71475 0.03853348297792742 0.0545
0 0.4152637485970819 0.606 0.04564160119715675 0.057
0 0.4407033295922185 0.65725 0.04788627010849233 0.0555
0 0.4595959595959596 0.704 0.03853348297792742 0.054
0 0.3720538720538721 0.6 0.03928170594837262 0.059
0 0.3900112233445567 0.651 0.04526748971193416 0.054
0 0.4156378600823045 0.70225 0.04040404040404041 0.0605
0 0.3684998129442574 0.709 0.04489337822671156 0.054
0 0.3503554059109615 0.6545 0.040029928918817806 0.051
0 0.32435465768799104 0.58575 0.04938271604938271 0.0545
0 0.2843247287691732 0.58075 0.04638982416760194 0.0625
0 0.30209502431724655 0.6285 0.04451926674148896 0.055
0 0.3176206509539843 0.70325 0.04638982416760194 0.0515
0 0.2356902356902357 0.55925 0.04339693228582117 0.0595
0 0.2442947998503554 0.61975 0.048634493078937524 0.0475
0 0.25233819678264124 0.66825 0.04377104377104377 0.0545
0 0.18986157875046764 0.60025 0.050505050505050504 0.0435
0 0.20781893004115226 0.652 0.04601571268237935 0.062
0 0.15768799102132436 0.6275 0.04900860456416012 0.053
0 0.10680882903105125 0.593 0.04526748971193416 0.058
0 0.6453423120089786 0.2695 0.055368499812944255 0.079
0 0.690048634493079 0.31025 0.04900860456416012 0.0735
0 0.611672278338945 0.32825 0.05611672278338945 0.0745
0 0.6457164234942012 0.3395 0.05013093901982791 0.072
0 0.7186681631126075 0.3565 0.04713804713804714 0.075
0 0.7824541713430603 0.34525 0.052749719416386086 0.0735
0 0.8140665918443696 0.39325 0.04489337822671156 0.0625
0 0.8660680882903106 0.374 0.04938271604938271 0.069
0 0.7450430228208006 0.40875 0.050505050505050504 0.0625
0 0.6743359521137299 0.4005 0.046763935652824544 0.066
0 0.6210250654695099 0.4085 0.05013093901982791 0.07
0 0.6337448559670782 0.457 0.04713804713804714 0.058
0 0.6947250280583613 0.44775 0.051627384960718295 0.0585
0 0.7727272727272727 0.46 0.050505050505050504 0.062
0 0.842499064721287 0.4755 0.052375607931163484 0.06
0 0.8875794986906098 0.42725 0.05200149644594089 0.0555
0 0.9117096894874672 0.46375 0.04638982416760194 0.0605
0 0.9132061354283576 0.5065 0.04489337822671156 0.048
0 0.8741114852225963 0.513 0.04302282080059858 0.056
0 0.7994762439206884 0.50325 0.051627384960718295 0.0465
0 0.7276468387579499 0.48175 0.04638982416760194 0.0605
0 0.6773288439955106 0.49075 0.05798728020950243 0.0615
0 0.6460905349794238 0.539 0.04788627010849233 0.054
0 0.7074448185559297 0.54875 0.05013093901982791 0.0585
0 0.7487841376730265 0.5285 0.04451926674148896 0.057
0 0.7830153385708941 0.5535 0.04339693228582117 0.058
0 0.8275346053123831 0.55425 0.04564160119715675 0.0555
0 0.8784137673026562 0.5745 0.04414515525626637 0.059
0 0.9205013093901983 0.5615 0.04152637485970819 0.061
0 0.9079685746352413 0.632 0.038159371492704826 0.06
0 0.8664421997755332 0.62125 0.041900486344930786 0.0485
0 0.8288439955106621 0.602 0.046763935652824544 0.055
0 0.7899364010475122 0.616 0.04601571268237935 0.059
0 0.7429854096520763 0.5845 0.0411522633744856 0.044
0 0.6879910213243546 0.59225 0.03890759446315002 0.0495
0 0.6488963711185933 0.5915 0.04377104377104377 0.058
0 0.6152263374485597 0.66425 0.04601571268237935 0.0505
0 0.67003367003367 0.63975 0.04638982416760194 0.0495
0 0.7156752712308267 0.63175 0.03965581743359521 0.0525
0 0.7528993640104751 0.64925 0.03853348297792742 0.0455
0 0.8004115226337448 0.6445 0.04526748971193416 0.042
0 0.8380097268986157 0.67275 0.03965581743359521 0.0505
0 0.8793490460157127 0.66525 0.04152637485970819 0.0525
0 0.8434343434343434 0.69975 0.04227459783015339 0.0405
0 0.8058361391694725 0.70775 0.034418256640478866 0.0495
0 0.8217358772914328 0.7475 0.03254769921436588 0.045
0 0.7702955480733259 0.7105 0.038159371492704826 0.059
0 0.7203516647961092 0.6885 0.037037037037037035 0.044
0 0.663112607557052 0.693 0.03853348297792742 0.043
0 0.6247661803217359 0.701 0.038159371492704826 0.046
0 0.6286943509165731 0.737 0.03853348297792742 0.043
0 0.6573138795361018 0.75275 0.03741114852225964 0.0435
0 0.6906098017209128 0.7245 0.04339693228582117 0.037
0 0.7332585110362888 0.72925 0.03965581743359521 0.0415
0 0.7710437710437711 0.742 0.03965581743359521 0.034
0 0.7875046763935653 0.7815 0.04339693228582117 0.034
0 0.7371866816311261 0.78825 0.03778526000748223 0.0335
0 0.698279087167976 0.7645 0.04152637485970819 0.043
