0 0.0890847711927982 0.3605 0.05813953488372093 0.07
0 0.11627906976744186 0.34 0.07051762940735183 0.087
0 0.16654163540885222 0.40425 0.060765191297824456 0.0785
0 0.13053263315828958 0.486 0.05701425356339085 0.074
0 0.09564891222805702 0.52925 0.06526631657914479 0.0675
0 0.08570892723180795 0.5745 0.06339084771192798 0.059
0 0.13447111777944487 0.6155 0.05438859714928732 0.071
0 0.08983495873968492 0.66025 0.055138784696174045 0.0665
0 0.13672168042010502 0.683 0.04988747186796699 0.059
0 0.047636909227306824 0.75475 0.04876219054763691 0.0745
0 0.09696174043510877 0.7915 0.04988747186796699 0.064
0 0.1389722430607652 0.7415 0.050637659414853715 0.067
0 0.17104276069017255 0.78975 0.04951237809452363 0.0555
0 0.18829707426856715 0.7295 0.05326331582895724 0.07
0 0.21005251312828208 0.6615 0.05326331582895724 0.064
0 0.2586271567891973 0.666 0.04988747186796699 0.059
0 0.1839834958739685 0.6015 0.05438859714928732 0.06
0 0.18829707426856715 0.53575 0.058514628657164294 0.0735
0 0.2569392348087022 0.527 0.051762940735183796 0.075
0 0.2516879219804951 0.595 0.05326331582895724 0.066
0 0.29182295573893474 0.5605 0.04351087771942986 0.072
0 0.30007501875468867 0.6225 0.05401350337584396 0.059
0 0.21136534133533383 0.464 0.050637659414853715 0.082
0 0.2623780945236309 0.4625 0.055138784696174045 0.069
0 0.3107651912978245 0.49575 0.05813953488372093 0.0675
0 0.340960240060015 0.54 0.05326331582895724 0.07
0 0.35596399099774945 0.60225 0.05401350337584396 0.0665
0 0.22580645161290322 0.3875 0.05401350337584396 0.083
0 0.2402475618904726 0.284 0.059639909977494375 0.088
0 0.27325581395348836 0.348 0.04988747186796699 0.078
0 0.30288822205551386 0.2585 0.055138784696174045 0.081
0 0.3447111777944486 0.33275 0.04801200300075019 0.0795
0 0.386721680420105 0.323 0.05776444111027757 0.082
0 0.41616654163540884 0.38225 0.047636909227306824 0.0795
0 0.32708177044261066 0.41525 0.05251312828207052 0.0785
0 0.377344336084021 0.44725 0.05701425356339085 0.0745
0 0.4337959489872468 0.45225 0.05588897224306077 0.0625
0 0.46399099774943736 0.40225 0.051762940735183796 0.0685
0 0.45330082520630155 0.3405 0.056639159789947484 0.071
0 0.4934358589647412 0.46 0.05588897224306077 0.069
0 0.4568642160540135 0.53425 0.04801200300075019 0.0735
0 0.5065641410352588 0.5245 0.05738934733683421 0.07
0 0.4060390097524381 0.56325 0.055138784696174045 0.0725
0 0.4030382595648912 0.648 0.05438859714928732 0.074
0 0.4518004501125281 0.60475 0.04688672168042011 0.0595
0 0.5101275318829708 0.59875 0.04801200300075019 0.0785
0 0.49681170292573146 0.64325 0.055138784696174045 0.0665
0 0.4559264816204051 0.67875 0.04988747186796699 0.0625
0 0.48537134283570893 0.72825 0.047261815453863466 0.0725
0 0.45742685671417854 0.78775 0.050637659414853715 0.0685
0 0.3803450862715679 0.72525 0.047261815453863466 0.0615
0 0.40247561890472616 0.78425 0.04801200300075019 0.0735
0 0.33233308327081773 0.69925 0.04876219054763691 0.0725
0 0.2914478619654914 0.7275 0.051762940735183796 0.074
0 0.25468867216804203 0.78675 0.05251312828207052 0.0685
0 0.304013503375844 0.7915 0.04988747186796699 0.066
0 0.34733683420855216 0.7845 0.04801200300075019 0.064
0 0.3469617404351088 0.82325 0.04876219054763691 0.0495
0 0.5375093773443361 0.69525 0.04801200300075019 0.0545
0 0.5731432858214554 0.7565 0.04351087771942986 0.064
0 0.5995873968492123 0.8295 0.04988747186796699 0.065
0 0.5947111777944486 0.71375 0.04913728432108027 0.0655
0 0.6626031507876969 0.7325 0.05438859714928732 0.066
0 0.5819579894973743 0.64875 0.050637659414853715 0.0725
0 0.5600150037509377 0.57475 0.0555138784696174 0.0685
0 0.6055888972243061 0.60025 0.05438859714928732 0.0625
0 0.6575393848462115 0.66725 0.04801200300075019 0.0755
0 0.7087396849212303 0.64525 0.050637659414853715 0.0625
0 0.6657914478619655 0.5955 0.05701425356339085 0.07
0 0.6196549137284321 0.5485 0.04951237809452363 0.06
0 0.5748312078019505 0.5015 0.050637659414853715 0.058
0 0.5470742685671418 0.44025 0.059639909977494375 0.0745
0 0.5219429857464366 0.3835 0.04988747186796699 0.07
0 0.44017254313578397 0.252 0.059639909977494375 0.075
0 0.37528132033008255 0.23425 0.06264066016504126 0.0735
0 0.4180420105026257 0.18875 0.05138784696174044 0.0665
0 0.48030757689422354 0.1495 0.04988747186796699 0.087
0 0.5078769692423106 0.25 0.05776444111027757 0.076
0 0.5204426106526632 0.31575 0.05588897224306077 0.0775
0 0.5703300825206301 0.36675 0.050637659414853715 0.0845
0 0.6129032258064516 0.4135 0.05026256564141035 0.072
0 0.6288447111777945 0.48425 0.055138784696174045 0.0725
0 0.6789197299324832 0.4915 0.05251312828207052 0.069
0 0.7428732183045762 0.4885 0.05888972243060765 0.075
0 0.799324831207802 0.55225 0.056264066016504126 0.0795
0 0.8077644411102776 0.59175 0.056639159789947484 0.0505
0 0.8439609902475619 0.5395 0.04801200300075019 0.076
0 0.8163915978994749 0.4835 0.05813953488372093 0.06
0 0.8730307576894224 0.4805 0.055138784696174045 0.069
0 0.7888222055513878 0.4285 0.060765191297824456 0.064
0 0.8349587396849212 0.42225 0.051762940735183796 0.0675
0 0.8163915978994749 0.37075 0.059639909977494375 0.0755
0 0.7629407351837959 0.367 0.05776444111027757 0.066
0 0.7222430607651913 0.42475 0.059639909977494375 0.0685
0 0.6564141035258815 0.411 0.047261815453863466 0.075
0 0.6340960240060015 0.3455 0.05138784696174044 0.064
0 0.690735183795949 0.35575 0.05438859714928732 0.0725
0 0.5753938484621155 0.29275 0.046511627906976744 0.0625
0 0.5789572393098275 0.22125 0.0536384096024006 0.0705
0 0.6327831957989497 0.27125 0.06151537884471118 0.0725
0 0.6757314328582146 0.214 0.055138784696174045 0.081
0 0.7558139534883721 0.2305 0.056264066016504126 0.077
0 0.822205551387847 0.23875 0.060765191297824456 0.0795
0 0.6781695423855963 0.294 0.04876219054763691 0.082
0 0.7398724681170292 0.30075 0.055138784696174045 0.0785
0 0.7980120030007501 0.29975 0.05888972243060765 0.0785
0 0.8475243810952738 0.308 0.055138784696174045 0.081
0 0.7244936234058514 0.57925 0.046136534133533386 0.0755
