0 0.10896474118529632 0.53 0.05288822205551388 0.063
0 0.11384096024006002 0.599 0.04988747186796699 0.061
0 0.16054013503375844 0.4755 0.05026256564141035 0.068
0 0.15847711927981994 0.53625 0.05138784696174044 0.0655
0 0.16897974493623405 0.61025 0.0536384096024006 0.0515
0 0.15753938484621155 0.66275 0.046511627906976744 0.0675
0 0.17104276069017255 0.73375 0.04801200300075019 0.0585
0 0.21230307576894222 0.75875 0.04951237809452363 0.0575
0 0.21624156039009754 0.709 0.047636909227306824 0.06
0 0.24212303075768943 0.81025 0.05138784696174044 0.0625
0 0.18098274568642161 0.416 0.05288822205551388 0.061
0 0.20798949737434358 0.37825 0.047636909227306824 0.0645
0 0.23724681170292572 0.3105 0.04913728432108027 0.065
0 0.27831957989497375 0.29425 0.04951237809452363 0.0615
0 0.26125281320330085 0.36925 0.0536384096024006 0.0695
0 0.23780945236309078 0.446 0.046511627906976744 0.063
0 0.2068642160540135 0.49225 0.04463615903975994 0.0645
0 0.22093023255813954 0.563 0.05026256564141035 0.063
0 0.2627531882970743 0.47725 0.050637659414853715 0.0665
0 0.28075768942235557 0.426 0.05288822205551388 0.062
0 0.3237059264816204 0.26175 0.0555138784696174 0.0685
0 0.3167666916729182 0.3455 0.05138784696174044 0.066
0 0.26744186046511625 0.54925 0.04426106526631658 0.0635
0 0.22261815453863465 0.6245 0.041635408852213056 0.058
0 0.25806451612903225 0.62775 0.04951237809452363 0.0635
0 0.27081770442610653 0.68925 0.04876219054763691 0.0615
0 0.268192048012003 0.73625 0.04576144036009002 0.0575
0 0.1322205551387847 0.632 0.043135783945986494 0.041
0 0.37115528882220555 0.25075 0.04988747186796699 0.0645
0 0.4167291822955739 0.22925 0.05026256564141035 0.0675
0 0.41147786946736686 0.28825 0.051762940735183796 0.0595
0 0.373218304576144 0.307 0.047261815453863466 0.063
0 0.33833458364591146 0.39125 0.051762940735183796 0.0685
0 0.3992873218304576 0.3815 0.04538634658664666 0.064
0 0.3201425356339085 0.465 0.04838709677419355 0.064
0 0.36252813203300827 0.447 0.050637659414853715 0.065
0 0.359714928732183 0.50825 0.05026256564141035 0.0635
0 0.3073893473368342 0.527 0.04538634658664666 0.062
0 0.30888972243060764 0.5875 0.04838709677419355 0.062
0 0.354463615903976 0.5705 0.04876219054763691 0.062
0 0.40341335333833456 0.53775 0.047636909227306824 0.0495
0 0.3107651912978245 0.6465 0.04913728432108027 0.061
0 0.3094523630907727 0.713 0.05026256564141035 0.06
0 0.3015753938484621 0.79075 0.05101275318829707 0.0585
0 0.3152663165791448 0.84025 0.04913728432108027 0.0605
0 0.3495873968492123 0.8955 0.051762940735183796 0.062
0 0.39328582145536384 0.87975 0.050637659414853715 0.0565
0 0.36027756939234806 0.81925 0.046136534133533386 0.0665
0 0.34339834958739685 0.763 0.04538634658664666 0.062
0 0.38615903975994 0.77175 0.050637659414853715 0.0595
0 0.4472993248312078 0.78675 0.050637659414853715 0.0565
0 0.4821830457614404 0.7465 0.04838709677419355 0.064
0 0.4339834958739685 0.732 0.04801200300075019 0.058
0 0.39122280570142537 0.70625 0.04801200300075019 0.0685
0 0.3531507876969242 0.67575 0.046136534133533386 0.0545
0 0.37396849212303074 0.64525 0.05026256564141035 0.0655
0 0.4242310577644411 0.6555 0.04876219054763691 0.069
0 0.45386346586646664 0.68275 0.047261815453863466 0.0575
0 0.5090022505626407 0.6955 0.05026256564141035 0.057
0 0.4973743435858965 0.63025 0.04951237809452363 0.0695
0 0.4540510127531883 0.5945 0.04988747186796699 0.063
0 0.4118529632408102 0.58575 0.05251312828207052 0.0605
0 0.45161290322580644 0.53975 0.05101275318829707 0.0655
0 0.4544261065266317 0.26825 0.052138034508627154 0.0655
0 0.472993248312078 0.18225 0.04876219054763691 0.0685
0 0.5386346586646662 0.168 0.0555138784696174 0.074
0 0.5161290322580645 0.24525 0.05251312828207052 0.0715
0 0.49549887471867965 0.31125 0.05101275318829707 0.0685
0 0.46324081020255065 0.3645 0.051762940735183796 0.064
0 0.43792198049512376 0.41825 0.04838709677419355 0.0645
0 0.4409227306826707 0.472 0.05288822205551388 0.06
0 0.4806826706676669 0.49775 0.04913728432108027 0.0645
0 0.4846211552888222 0.4265 0.04576144036009002 0.071
0 0.5121905476369092 0.37225 0.04838709677419355 0.0585
0 0.5292573143285821 0.424 0.05326331582895724 0.069
0 0.49699924981245314 0.54675 0.05026256564141035 0.0625
0 0.532258064516129 0.595 0.04801200300075019 0.059
0 0.5750187546886721 0.623 0.04876219054763691 0.062
0 0.5812078019504876 0.677 0.04838709677419355 0.063
0 0.5326331582895724 0.50575 0.04876219054763691 0.0675
0 0.5630157539384846 0.54875 0.04801200300075019 0.0595
0 0.6159039759939985 0.59525 0.04801200300075019 0.0655
0 0.6464741185296324 0.559 0.050637659414853715 0.066
0 0.6027756939234808 0.518 0.05101275318829707 0.063
0 0.5624531132783196 0.46275 0.04988747186796699 0.0695
0 0.5367591897974494 0.298 0.046511627906976744 0.062
0 0.5551387846961741 0.35675 0.04801200300075019 0.0635
0 0.5798949737434359 0.41 0.04951237809452363 0.066
0 0.6121530382595649 0.464 0.04801200300075019 0.06
0 0.654913728432108 0.493 0.04801200300075019 0.066
0 0.6905476369092273 0.52875 0.04876219054763691 0.0605
0 0.6839834958739685 0.46725 0.03938484621155289 0.0595
0 0.655476369092273 0.4325 0.04913728432108027 0.062
0 0.6213428357089272 0.35225 0.04463615903975994 0.0665
0 0.589834958739685 0.2985 0.04913728432108027 0.068
0 0.5618904726181545 0.2485 0.04876219054763691 0.073
0 0.6039009752438109 0.18175 0.05026256564141035 0.0695
0 0.6382220555138785 0.14825 0.05438859714928732 0.0675
0 0.6265941485371342 0.2425 0.04838709677419355 0.069
0 0.6536009002250562 0.2865 0.050637659414853715 0.068
0 0.6708552138034508 0.3615 0.04913728432108027 0.07
0 0.6918604651162791 0.41475 0.04388597149287322 0.0635
0 0.7327456864216054 0.43925 0.04913728432108027 0.0655
0 0.7560015003750937 0.49975 0.0536384096024006 0.0665
0 0.7966991747936985 0.47675 0.05326331582895724 0.0635
0 0.7854463615903976 0.41975 0.047261815453863466 0.0585
0 0.7569392348087022 0.38575 0.05026256564141035 0.0635
0 0.7091147786946737 0.35875 0.04538634658664666 0.0645
0 0.7010502625656414 0.30525 0.04876219054763691 0.0665
0 0.8475243810952738 0.43425 0.04838709677419355 0.0675
0 0.8480870217554388 0.37925 0.0555138784696174 0.0645
0 0.8079519879969993 0.3565 0.04801200300075019 0.063
0 0.754688672168042 0.322 0.05476369092273068 0.062
0 0.681357839459865 0.24025 0.052138034508627154 0.0675
0 0.6854838709677419 0.17375 0.05438859714928732 0.0715
0 0.7145536384096024 0.20275 0.047261815453863466 0.0715
0 0.7659414853713429 0.20925 0.04876219054763691 0.0635
0 0.7556264066016504 0.26525 0.04463615903975994 0.0715
0 0.7848837209302325 0.2805 0.046136534133533386 0.07
0 0.8617779444861215 0.31075 0.05813953488372093 0.0655
0 0.8325206301575394 0.23475 0.05138784696174044 0.0695
