0 0.07201800450112528 0.47325 0.07201800450112528 0.0805
0 0.08739684921230308 0.5245 0.05776444111027757 0.055
0 0.11552888222055514 0.6045 0.06526631657914479 0.071
0 0.11027756939234809 0.66075 0.0622655663915979 0.0655
0 0.15847711927981994 0.6735 0.0603900975243811 0.069
0 0.17835708927231808 0.61225 0.055138784696174045 0.0605
0 0.222993248312078 0.58425 0.059639909977494375 0.0715
0 0.1588522130532633 0.54975 0.06864216054013503 0.0745
0 0.1656039009752438 0.46125 0.0641410352588147 0.0735
0 0.2145536384096024 0.51425 0.0622655663915979 0.0835
0 0.23162040510127532 0.44775 0.06789197299324831 0.0735
0 0.27831957989497375 0.46725 0.06151537884471118 0.0665
0 0.1723555888972243 0.377 0.07914478619654913 0.088
0 0.18154538634658665 0.28875 0.06526631657914479 0.0835
0 0.1879219804951238 0.19925 0.0795198799699925 0.0925
0 0.24774943735933982 0.275 0.07164291072768192 0.087
0 0.2704426106526632 0.15 0.06751687921980495 0.083
0 0.30045011252813203 0.255 0.06451612903225806 0.105
0 0.34602400600150035 0.33525 0.06489122280570142 0.0795
0 0.3668417104276069 0.27975 0.072768192048012 0.0915
0 0.4071642910727682 0.329 0.05888972243060765 0.065
0 0.43792198049512376 0.27075 0.06789197299324831 0.0805
0 0.3469617404351088 0.17125 0.07051762940735183 0.0795
0 0.4139159789947487 0.1845 0.05813953488372093 0.082
0 0.4713053263315829 0.20325 0.06789197299324831 0.0805
0 0.5065641410352588 0.282 0.0641410352588147 0.082
0 0.5468867216804201 0.2115 0.06676669167291822 0.086
0 0.5958364591147787 0.2705 0.059639909977494375 0.088
0 0.6372843210802701 0.202 0.06151537884471118 0.086
0 0.6522880720180045 0.25925 0.05326331582895724 0.0865
0 0.7083645911477869 0.2635 0.05888972243060765 0.091
0 0.7070517629407351 0.357 0.06151537884471118 0.077
0 0.7151162790697675 0.42175 0.06339084771192798 0.0745
0 0.7651912978244562 0.3125 0.05701425356339085 0.082
0 0.7642535633908477 0.393 0.055138784696174045 0.087
0 0.7531882970742686 0.447 0.03825956489122281 0.059
0 0.613278319579895 0.3545 0.06451612903225806 0.082
0 0.635596399099775 0.41875 0.05588897224306077 0.0805
0 0.5436984246061516 0.35625 0.0641410352588147 0.0875
0 0.5654538634658665 0.4255 0.0603900975243811 0.082
0 0.46830457614403603 0.34475 0.06489122280570142 0.0815
0 0.25525131282820707 0.36225 0.0641410352588147 0.0785
0 0.3152663165791448 0.40575 0.06339084771192798 0.0785
0 0.3777194298574644 0.402 0.06151537884471118 0.076
0 0.4351087771942986 0.4165 0.06376594148537135 0.076
0 0.4739309827456864 0.47375 0.05888972243060765 0.0775
0 0.5262565641410353 0.50525 0.06601650412603151 0.0795
0 0.3360840210052513 0.4775 0.06526631657914479 0.077
0 0.41166541635408854 0.492 0.0603900975243811 0.075
0 0.4289197299324831 0.54675 0.05138784696174044 0.0705
0 0.4780570142535634 0.55475 0.05813953488372093 0.0725
0 0.532258064516129 0.56725 0.05401350337584396 0.0715
0 0.28113278319579893 0.57 0.06789197299324831 0.07
0 0.3310202550637659 0.61175 0.0536384096024006 0.0615
0 0.359714928732183 0.55925 0.06301575393848462 0.0725
0 0.38372093023255816 0.61475 0.06601650412603151 0.0655
0 0.3953488372093023 0.64975 0.04951237809452363 0.0555
0 0.277006751687922 0.65875 0.05888972243060765 0.0735
0 0.22524381095273818 0.66725 0.055138784696174045 0.0615
0 0.2845086271567892 0.73375 0.06339084771192798 0.0685
0 0.31114028507126784 0.788 0.05888972243060765 0.064
0 0.3379594898724681 0.685 0.05251312828207052 0.075
0 0.3600900225056264 0.736 0.060765191297824456 0.062
0 0.436609152288072 0.7255 0.05251312828207052 0.07
0 0.4951237809452363 0.716 0.04876219054763691 0.065
0 0.5151912978244562 0.76125 0.05813953488372093 0.0565
0 0.5658289572393098 0.75975 0.050637659414853715 0.0625
0 0.5643285821455364 0.7155 0.055138784696174045 0.064
0 0.44954988747186797 0.66025 0.0641410352588147 0.0735
0 0.5103150787696924 0.645 0.05138784696174044 0.07
0 0.5581395348837209 0.6295 0.04426106526631658 0.07
0 0.5870217554388597 0.5405 0.0555138784696174 0.064
0 0.6052138034508627 0.6095 0.0536384096024006 0.057
0 0.621530382595649 0.68425 0.05326331582895724 0.0665
0 0.6350337584396099 0.7505 0.04801200300075019 0.062
0 0.6142160540135033 0.484 0.05888972243060765 0.064
0 0.6731057764441111 0.47675 0.05888972243060765 0.0705
0 0.6504126031507877 0.54725 0.060765191297824456 0.0695
0 0.6894223555888972 0.52875 0.04801200300075019 0.0615
0 0.7100525131282821 0.5925 0.05326331582895724 0.064
0 0.6635408852213053 0.602 0.05776444111027757 0.069
0 0.6727306826706677 0.66725 0.05438859714928732 0.0635
0 0.6781695423855963 0.7095 0.04876219054763691 0.061
0 0.7295573893473368 0.669 0.05251312828207052 0.065
0 0.7404351087771943 0.71125 0.05401350337584396 0.0575
0 0.7845086271567892 0.663 0.047636909227306824 0.072
0 0.763503375843961 0.60575 0.0536384096024006 0.0665
0 0.7526256564141035 0.54 0.04988747186796699 0.065
0 0.722430607651913 0.48 0.04576144036009002 0.061
0 0.8267066766691673 0.499 0.051762940735183796 0.073
0 0.7974493623405852 0.55825 0.05476369092273068 0.0605
0 0.8242685671417854 0.61075 0.050637659414853715 0.0625
0 0.8788447111777945 0.62625 0.051762940735183796 0.0535
0 0.8610277569392348 0.5615 0.05138784696174044 0.06
0 0.8719054763690923 0.50425 0.04688672168042011 0.0625
0 0.9066016504126031 0.52275 0.0450112528132033 0.0585
0 0.8244561140285072 0.41075 0.047261815453863466 0.0705
0 0.8670292573143286 0.442 0.05288822205551388 0.067
0 0.9191672918229558 0.45225 0.04388597149287322 0.0675
0 0.9386721680420105 0.3885 0.05588897224306077 0.073
0 0.8777194298574643 0.3615 0.056264066016504126 0.086
0 0.8405851462865717 0.3 0.06301575393848462 0.087
