0 0.19992498124531133 0.368 0.07501875468867217 0.105
0 0.2106151537884471 0.4955 0.07989497374343586 0.099
0 0.20536384096024007 0.58625 0.07464366091522881 0.0885
0 0.18923480870217554 0.6585 0.07014253563390847 0.086
0 0.26669167291822954 0.7185 0.072768192048012 0.073
0 0.3355213803450863 0.74675 0.0641410352588147 0.0715
0 0.32295573893473367 0.685 0.07576894223555888 0.08
0 0.27081770442610653 0.621 0.07651912978244561 0.074
0 0.29182295573893474 0.54675 0.06976744186046512 0.0945
0 0.2758814703675919 0.4245 0.07689422355588897 0.097
0 0.33383345836459116 0.46825 0.07351837959489872 0.0945
0 0.2828207051762941 0.3155 0.07051762940735183 0.103
0 0.3413353338334584 0.36975 0.08252063015753938 0.1005
0 0.34921230307576895 0.273 0.07426856714178545 0.112
0 0.41410352588147037 0.224 0.08102025506376594 0.106
0 0.5026256564141035 0.23925 0.07501875468867217 0.0985
0 0.4165416354088522 0.322 0.08139534883720931 0.104
0 0.4199174793698425 0.4135 0.07539384846211553 0.083
0 0.4212303075768942 0.4975 0.07201800450112528 0.095
0 0.3612153038259565 0.544 0.072768192048012 0.092
0 0.3792198049512378 0.62675 0.07126781695423856 0.0765
0 0.43885971492873216 0.58375 0.0690172543135784 0.0845
0 0.39816204051012755 0.69375 0.06789197299324831 0.0745
0 0.3966616654163541 0.77225 0.06489122280570142 0.0805
0 0.47243060765191297 0.79925 0.061140285071267814 0.0825
0 0.5318829707426856 0.78325 0.06376594148537135 0.0685
0 0.463615903975994 0.716 0.06451612903225806 0.072
0 0.46136534133533386 0.65025 0.07201800450112528 0.0755
0 0.508252063015754 0.61625 0.072768192048012 0.0745
0 0.5271942985746436 0.68475 0.0603900975243811 0.0845
0 0.490622655663916 0.526 0.07351837959489872 0.08
0 0.49474868717179293 0.458 0.07876969242310577 0.064
0 0.5172543135783946 0.359 0.06976744186046512 0.1
0 0.5913353338334584 0.322 0.07764441110277569 0.099
0 0.663728432108027 0.2835 0.07614403600900226 0.101
0 0.7528132033008252 0.33 0.07201800450112528 0.109
0 0.6731057764441111 0.387 0.07014253563390847 0.086
0 0.7434358589647412 0.4205 0.07126781695423856 0.079
0 0.8070142535633908 0.4065 0.0603900975243811 0.099
0 0.5678919729932483 0.41525 0.07801950487621906 0.0935
0 0.6256564141035259 0.471 0.07501875468867217 0.086
0 0.5622655663915979 0.5135 0.07201800450112528 0.088
0 0.5731432858214554 0.59975 0.06751687921980495 0.0845
0 0.6447861965491373 0.5545 0.072768192048012 0.088
0 0.640285071267817 0.63025 0.06676669167291822 0.0835
0 0.5896474118529632 0.664 0.06601650412603151 0.074
0 0.5755813953488372 0.73075 0.059639909977494375 0.0775
0 0.6303450862715679 0.68675 0.061890472618154536 0.0735
0 0.6972993248312078 0.664 0.06826706676669167 0.075
0 0.7093023255813954 0.5895 0.0622655663915979 0.087
0 0.7603150787696924 0.648 0.06826706676669167 0.089
0 0.7413728432108027 0.51675 0.07239309827456865 0.0825
0 0.7747561890472618 0.56825 0.07314328582145536 0.0845
0 0.8218304576144037 0.5995 0.06526631657914479 0.078
0 0.8184546136534133 0.4935 0.06601650412603151 0.082
0 0.8786571642910728 0.52625 0.0641410352588147 0.0845
0 0.9030382595648913 0.44575 0.06789197299324831 0.0805
0 0.9081020255063766 0.3635 0.06526631657914479 0.089
0 0.8499624906226556 0.321 0.07651912978244561 0.094
