0 0.10830527497194165 0.088 0.06546950991395435 0.071
0 0.15656565656565657 0.059 0.05200149644594089 0.077
0 0.05873550317994763 0.19475 0.051627384960718295 0.0805
0 0.052375607931163484 0.27525 0.05686494575383464 0.0735
0 0.10512532734754956 0.33125 0.052375607931163484 0.0675
0 0.12383090160867939 0.39775 0.0508791619902731 0.0725
0 0.15001870557426114 0.3775 0.05312383090160868 0.068
0 0.14702581369248036 0.4485 0.054620276842499066 0.065
0 0.08305274971941638 0.4905 0.05312383090160868 0.064
0 0.16928544706322485 0.51825 0.046763935652824544 0.0685
0 0.15600448933782268 0.58975 0.04713804713804714 0.0665
0 0.21249532360643472 0.62275 0.048634493078937524 0.0685
0 0.25308641975308643 0.662 0.053497942386831275 0.06
0 0.2781518892630004 0.61525 0.04900860456416012 0.0635
0 0.32940516273849607 0.5985 0.0512532734754957 0.064
0 0.3722409277964834 0.63475 0.04713804713804714 0.0605
0 0.3774784885895997 0.7035 0.04489337822671156 0.064
0 0.38028432472876916 0.569 0.046763935652824544 0.062
0 0.29704451926674147 0.553 0.04564160119715675 0.061
0 0.24055368499812943 0.55675 0.05686494575383464 0.0715
0 0.21623643845866067 0.503 0.05312383090160868 0.06
0 0.24167601945379724 0.425 0.0508791619902731 0.067
0 0.2050130939019828 0.3495 0.04788627010849233 0.068
0 0.25215114104002995 0.35725 0.0508791619902731 0.0645
0 0.13729891507669287 0.29675 0.05312383090160868 0.0585
0 0.11821922933034044 0.237 0.051627384960718295 0.069
0 0.15413393191170968 0.16375 0.05985783763561541 0.0675
0 0.18948746726524504 0.13 0.0512532734754957 0.063
0 0.23774784885895997 0.14975 0.04451926674148896 0.0755
0 0.21586232697343807 0.202 0.052375607931163484 0.072
0 0.2667414889637112 0.2115 0.05013093901982791 0.065
0 0.2360643471754583 0.05625 0.052375607931163484 0.0735
0 0.265993265993266 0.099 0.04788627010849233 0.071
0 0.29723157500935277 0.16275 0.04826038159371493 0.0675
0 0.3217358772914328 0.21925 0.048634493078937524 0.0675
0 0.29704451926674147 0.03725 0.05387205387205387 0.0735
0 0.32360643471754585 0.0975 0.0508791619902731 0.068
0 0.3488589599700711 0.14225 0.053497942386831275 0.0775
0 0.36999625888514776 0.21925 0.04638982416760194 0.0705
0 0.41488963711185933 0.244 0.04713804713804714 0.069
0 0.4547325102880658 0.2235 0.046763935652824544 0.068
0 0.3978675645342312 0.12075 0.05200149644594089 0.0645
0 0.38215488215488214 0.05625 0.052749719416386086 0.0815
0 0.4279835390946502 0.036 0.05013093901982791 0.071
0 0.44631500187055745 0.0885 0.04788627010849233 0.064
0 0.4833520389075945 0.1715 0.0508791619902731 0.072
0 0.19977553310886645 0.28125 0.04713804713804714 0.0645
0 0.24317246539468762 0.29225 0.04414515525626637 0.0675
0 0.2876917321361766 0.29 0.048634493078937524 0.077
0 0.32528993640104753 0.3525 0.04826038159371493 0.066
0 0.36475869809203143 0.28875 0.04938271604938271 0.0645
0 0.3774784885895997 0.34375 0.05312383090160868 0.0715
0 0.42405536849981296 0.333 0.04900860456416012 0.068
0 0.46427235316124205 0.303 0.0508791619902731 0.063
0 0.47530864197530864 0.37675 0.04152637485970819 0.0645
0 0.4337822671156005 0.4055 0.04826038159371493 0.06
0 0.4732510288065844 0.443 0.048634493078937524 0.062
0 0.390198279087168 0.429 0.04713804713804714 0.056
0 0.3481107369996259 0.4185 0.040029928918817806 0.069
0 0.29854096520763185 0.411 0.05387205387205387 0.069
0 0.3273475495697718 0.48025 0.04489337822671156 0.0645
0 0.37504676393565284 0.488 0.05200149644594089 0.061
0 0.4500561167227834 0.5355 0.04938271604938271 0.066
0 0.49251777029554805 0.574 0.04377104377104377 0.053
0 0.4442573887018331 0.59975 0.04826038159371493 0.0615
0 0.44369622147399923 0.6545 0.04638982416760194 0.059
0 0.42573887018331463 0.71625 0.04638982416760194 0.0575
0 0.4689487467265245 0.702 0.04302282080059858 0.061
0 0.4689487467265245 0.76925 0.04302282080059858 0.0675
0 0.5185185185185185 0.799 0.04489337822671156 0.057
0 0.5104751215862326 0.7385 0.03778526000748223 0.058
0 0.5177702955480733 0.6845 0.03965581743359521 0.062
0 0.4908342686120464 0.64325 0.04564160119715675 0.0555
0 0.533295922184811 0.6335 0.040029928918817806 0.061
0 0.5753834642723532 0.62275 0.04638982416760194 0.0555
0 0.5503179947624393 0.57725 0.04489337822671156 0.0545
0 0.6011971567527123 0.59475 0.04788627010849233 0.0565
0 0.6210250654695099 0.637 0.04713804713804714 0.058
0 0.6659184436962214 0.6115 0.04938271604938271 0.052
0 0.6967826412270857 0.719 0.049756827534605315 0.06
0 0.5587355031799476 0.70675 0.04526748971193416 0.0545
0 0.6124205013093902 0.718 0.04564160119715675 0.059
0 0.5929667040778152 0.79025 0.04564160119715675 0.0625
0 0.6599326599326599 0.761 0.04339693228582117 0.058
0 0.678825289936401 0.81375 0.033295922184811075 0.0615
0 0.7070707070707071 0.7775 0.041900486344930786 0.063
0 0.7573887018331463 0.7675 0.04451926674148896 0.059
0 0.7760942760942761 0.69725 0.04227459783015339 0.0875
0 0.5379723157500935 0.513 0.04788627010849233 0.05
0 0.5566778900112234 0.47225 0.048634493078937524 0.0605
0 0.6197156752712308 0.47375 0.049756827534605315 0.0685
0 0.6341189674523008 0.5375 0.04339693228582117 0.058
0 0.6748971193415638 0.535 0.04489337822671156 0.057
0 0.700710811821923 0.57975 0.04489337822671156 0.0585
0 0.7136176580621025 0.52 0.040029928918817806 0.063
0 0.7495323606434717 0.556 0.04302282080059858 0.053
0 0.6657313879536102 0.47625 0.040029928918817806 0.0625
0 0.6965955854844744 0.456 0.04638982416760194 0.066
0 0.5181444070332959 0.43125 0.04638982416760194 0.0515
0 0.5164609053497943 0.37425 0.04377104377104377 0.0655
0 0.5448933782267116 0.3235 0.040778151889263 0.061
0 0.5607931163486719 0.37775 0.04264870931537598 0.0615
0 0.5942760942760943 0.3295 0.04377104377104377 0.061
0 0.6232697343808455 0.3775 0.04339693228582117 0.063
0 0.5157126823793491 0.06575 0.04526748971193416 0.0715
0 0.5592966704077815 0.067 0.04564160119715675 0.079
0 0.5542461653572764 0.14 0.04377104377104377 0.075
0 0.5628507295173962 0.203 0.0512532734754957 0.064
0 0.5353535353535354 0.219 0.05013093901982791 0.068
0 0.5731387953610175 0.259 0.04489337822671156 0.054
0 0.6339319117096894 0.26 0.03928170594837262 0.064
0 0.6618032173587729 0.30775 0.04713804713804714 0.0495
0 0.712682379349046 0.30475 0.04564160119715675 0.0645
0 0.6763935652824542 0.2505 0.04414515525626637 0.058
0 0.6791994014216236 0.18875 0.04601571268237935 0.0665
0 0.6591844369622147 0.11875 0.04788627010849233 0.0785
0 0.7053872053872053 0.11375 0.04601571268237935 0.0625
0 0.7312008978675645 0.163 0.046763935652824544 0.068
0 0.7364384586606809 0.21925 0.04900860456416012 0.0555
0 0.7624392068836513 0.334 0.04638982416760194 0.053
0 0.7022072577628133 0.3715 0.03965581743359521 0.066
0 0.7289562289562289 0.41725 0.04152637485970819 0.0615
0 0.774784885895997 0.40025 0.04414515525626637 0.0615
0 0.7555181444070332 0.4695 0.03778526000748223 0.059
0 0.7811447811447811 0.5105 0.03965581743359521 0.062
0 0.8187429854096521 0.50675 0.04152637485970819 0.0545
0 0.8264122708567153 0.4275 0.04339693228582117 0.062
0 0.8948746726524505 0.3655 0.0508791619902731 0.078
0 0.8404414515525627 0.31275 0.033295922184811075 0.0625
0 0.9324728769173214 0.56025 0.03928170594837262 0.0675
0 0.8535353535353535 0.5715 0.04227459783015339 0.055
0 0.9319117096894874 0.635 0.04638982416760194 0.075
0 0.909652076318743 0.70475 0.04227459783015339 0.0715
0 0.8052749719416387 0.62775 0.04377104377104377 0.0625
0 0.8378226711560045 0.681 0.04601571268237935 0.069
0 0.8664421997755332 0.753 0.04339693228582117 0.058
0 0.809951365506921 0.76025 0.0411522633744856 0.0705
