0 0.11346586646661666 0.43325 0.05813953488372093 0.0905
0 0.13465866466616655 0.34775 0.06601650412603151 0.0855
0 0.19392348087021755 0.2695 0.04801200300075019 0.099
0 0.23049512378094525 0.2375 0.07614403600900226 0.107
0 0.3066391597899475 0.22525 0.06639159789947487 0.1045
0 0.25825206301575393 0.353 0.0641410352588147 0.092
0 0.20348837209302326 0.40275 0.06489122280570142 0.0875
0 0.3257689422355589 0.35 0.06639159789947487 0.096
0 0.26106526631657917 0.4445 0.06976744186046512 0.087
0 0.32539384846211555 0.4665 0.07239309827456865 0.079
0 0.17198049512378094 0.469 0.0603900975243811 0.091
0 0.23780945236309078 0.4955 0.06151537884471118 0.072
0 0.28488372093023256 0.53125 0.06564141035258815 0.0785
0 0.18342085521380344 0.55675 0.0622655663915979 0.0815
0 0.2415603900975244 0.623 0.05926481620405101 0.078
0 0.13278319579894973 0.56025 0.05926481620405101 0.0705
0 0.18098274568642161 0.62925 0.061890472618154536 0.0725
0 0.22655663915978994 0.69875 0.0555138784696174 0.0775
0 0.2779444861215304 0.68825 0.05926481620405101 0.0765
0 0.2959489872468117 0.60875 0.06151537884471118 0.0795
0 0.3488372093023256 0.6365 0.06151537884471118 0.075
0 0.32914478619654913 0.724 0.059639909977494375 0.071
0 0.36084021005251316 0.5595 0.07126781695423856 0.085
0 0.39647411852963244 0.4825 0.06301575393848462 0.077
0 0.38390847711927983 0.40375 0.06264066016504126 0.0875
0 0.3707801950487622 0.2745 0.06939234808702176 0.103
0 0.42010502625656415 0.34 0.072768192048012 0.096
0 0.43342085521380347 0.249 0.07614403600900226 0.111
0 0.5007501875468867 0.26925 0.07126781695423856 0.0995
0 0.5515753938484621 0.203 0.07839459864966242 0.109
0 0.5887096774193549 0.2775 0.07614403600900226 0.086
0 0.5534508627156789 0.358 0.07239309827456865 0.098
0 0.47430607651912976 0.3885 0.0708927231807952 0.092
0 0.518192048012003 0.46225 0.0671417854463616 0.0965
0 0.45480120030007504 0.5085 0.07389347336834208 0.09
0 0.5075018754688673 0.5655 0.06001500375093773 0.088
0 0.42854463615903976 0.58675 0.06564141035258815 0.0865
0 0.4503000750187547 0.66775 0.06339084771192798 0.0745
0 0.39891222805701426 0.68225 0.05438859714928732 0.0765
0 0.5120030007501876 0.6345 0.0622655663915979 0.068
0 0.5662040510127532 0.62525 0.0708927231807952 0.0775
0 0.5692048012003 0.51825 0.06339084771192798 0.0865
0 0.5939609902475619 0.45525 0.06789197299324831 0.0905
0 0.6290322580645161 0.2 0.07501875468867217 0.102
0 0.6682295573893473 0.284 0.07989497374343586 0.099
0 0.6697299324831207 0.383 0.07764441110277569 0.093
0 0.6657914478619655 0.46725 0.07501875468867217 0.0845
0 0.6310952738184546 0.569 0.07014253563390847 0.093
0 0.6999249812453113 0.5575 0.07201800450112528 0.093
0 0.63615903975994 0.6485 0.06751687921980495 0.073
0 0.7061140285071268 0.62075 0.06264066016504126 0.0755
0 0.7625656414103525 0.6445 0.06151537884471118 0.083
0 0.7861965491372843 0.5915 0.07576894223555888 0.087
0 0.7595648912228057 0.484 0.07876969242310577 0.091
0 0.741747936984246 0.39 0.07539384846211553 0.101
0 0.8330832708177044 0.596 0.05926481620405101 0.08
0 0.840960240060015 0.53075 0.08327081770442611 0.0885
0 0.8880345086271568 0.54425 0.061890472618154536 0.0965
0 0.923668417104276 0.4495 0.07839459864966242 0.091
0 0.7777569392348087 0.32225 0.07914478619654913 0.0965
0 0.8407726931732933 0.382 0.09564891222805702 0.093
0 0.9289197299324832 0.36675 0.09114778694673668 0.0955
0 0.872655663915979 0.28825 0.10390097524381095 0.1135
0 0.8283945986496624 0.20875 0.08439609902475619 0.1125
0 0.7374343585896475 0.22175 0.09077269317329333 0.1085
