0 0.17648162040510126 0.7625 0.06939234808702176 0.086
0 0.22768192048012004 0.839 0.06601650412603151 0.091
0 0.3032633158289572 0.82025 0.06939234808702176 0.0815
0 0.2605026256564141 0.74925 0.06864216054013503 0.0965
0 0.20911477869467368 0.67475 0.06489122280570142 0.0945
0 0.23293323330832708 0.58775 0.07501875468867217 0.1045
0 0.2912603150787697 0.653 0.07014253563390847 0.096
0 0.34227306826706677 0.725 0.0708927231807952 0.092
0 0.3825956489122281 0.8095 0.07051762940735183 0.087
0 0.30795198799699924 0.56775 0.07201800450112528 0.1055
0 0.36102775693923483 0.632 0.07464366091522881 0.093
0 0.4139159789947487 0.701 0.07239309827456865 0.095
0 0.4553638409602401 0.78825 0.07201800450112528 0.0855
0 0.2603150787696924 0.4855 0.07576894223555888 0.096
0 0.28844711177794446 0.3945 0.0795198799699925 0.1
0 0.3218304576144036 0.3015 0.08027006751687922 0.124
0 0.3325206301575394 0.1975 0.07164291072768192 0.105
0 0.3919729932483121 0.1715 0.08027006751687922 0.124
0 0.41785446361590395 0.28375 0.08102025506376594 0.1145
0 0.4503000750187547 0.3855 0.07764441110277569 0.104
0 0.37809452363090773 0.41975 0.08102025506376594 0.1045
0 0.38634658664666166 0.53075 0.08027006751687922 0.1005
0 0.44298574643660915 0.5975 0.07426856714178545 0.094
0 0.48499624906226557 0.68275 0.07351837959489872 0.0885
0 0.5247561890472618 0.792 0.07126781695423856 0.097
0 0.605026256564141 0.7985 0.07576894223555888 0.096
0 0.6785446361590397 0.8375 0.07651912978244561 0.092
0 0.7533758439609902 0.781 0.08064516129032258 0.089
0 0.631470367591898 0.70175 0.07539384846211553 0.0895
0 0.5568267066766691 0.67275 0.07614403600900226 0.0925
0 0.5219429857464366 0.56075 0.07689422355588897 0.1015
0 0.5990247561890473 0.56425 0.08027006751687922 0.0955
0 0.6783570892723181 0.54625 0.08139534883720931 0.1005
0 0.7111777944486122 0.6365 0.08252063015753938 0.102
0 0.7891972993248312 0.68525 0.07501875468867217 0.0905
0 0.7888222055513878 0.58175 0.072768192048012 0.0975
0 0.7593773443360841 0.4745 0.07764441110277569 0.102
0 0.6807951987997 0.4015 0.08102025506376594 0.107
0 0.6155288822205551 0.469 0.08327081770442611 0.102
0 0.5808327081770442 0.3855 0.08439609902475619 0.096
0 0.6303450862715679 0.28525 0.09114778694673668 0.1175
0 0.5262565641410353 0.175 0.09077269317329333 0.128
0 0.5045011252813203 0.296 0.08177044261065267 0.119
0 0.5226931732933233 0.45575 0.08514628657164292 0.1055
0 0.4527381845461365 0.4985 0.07801950487621906 0.103
