0 0.11196549137284321 0.4535 0.04913728432108027 0.064
0 0.1704801200300075 0.4325 0.041635408852213056 0.061
0 0.19898724681170293 0.31525 0.04988747186796699 0.0915
0 0.372655663915979 0.2495 0.02738184546136534 0.038
0 0.21399099774943736 0.514 0.03188297074268567 0.042
0 0.236496624156039 0.528 0.03338334583645911 0.039
0 0.23912228057014254 0.488 0.036384096024006 0.044
0 0.19561140285071268 0.5545 0.03113278319579895 0.048
0 0.20292573143285822 0.58925 0.03075768942235559 0.0355
0 0.19673668417104276 0.63275 0.034133533383345835 0.0465
0 0.186609152288072 0.66025 0.032633158289572396 0.0415
0 0.19767441860465115 0.7095 0.033008252063015754 0.05
0 0.22243060765191297 0.7295 0.03075768942235559 0.042
0 0.2526256564141035 0.74075 0.03488372093023256 0.0365
0 0.2432483120780195 0.70325 0.04013503375843961 0.0405
0 0.23630907726931732 0.6645 0.033008252063015754 0.04
0 0.27813203300825207 0.72125 0.02663165791447862 0.0375
0 0.26481620405101275 0.7765 0.033008252063015754 0.045
0 0.2981995498874719 0.775 0.03225806451612903 0.045
0 0.3049512378094524 0.7305 0.033008252063015754 0.04
0 0.23218304576144036 0.60575 0.025506376594148537 0.0385
0 0.26219054763690924 0.61125 0.035258814703675916 0.0435
0 0.25975243810952736 0.639 0.029632408102025505 0.037
0 0.28750937734433607 0.63825 0.028132033008252063 0.0385
0 0.30213803450862714 0.59625 0.028882220555138786 0.0445
0 0.23068267066766693 0.56525 0.029257314328582147 0.0405
0 0.2501875468867217 0.56625 0.03225806451612903 0.0435
0 0.28600900225056264 0.552 0.036384096024006 0.045
0 0.27325581395348836 0.508 0.037134283570892726 0.04
0 0.3132033008252063 0.51025 0.03225806451612903 0.0375
0 0.3413353338334584 0.51675 0.02700675168792198 0.0425
0 0.36946736684171044 0.5445 0.03375843960990248 0.04
0 0.377344336084021 0.507 0.029257314328582147 0.037
0 0.35690172543135784 0.47025 0.028132033008252063 0.0385
0 0.31357839459864967 0.47375 0.03075768942235559 0.0425
0 0.27081770442610653 0.42975 0.03150787696924231 0.0375
0 0.29669917479369845 0.44825 0.03075768942235559 0.0415
0 0.3345836459114779 0.43775 0.03075768942235559 0.0385
0 0.34508627156789196 0.40075 0.035258814703675916 0.0425
0 0.327456864216054 0.371 0.033008252063015754 0.039
0 0.3584021005251313 0.3415 0.032633158289572396 0.039
0 0.3809077269317329 0.313 0.03188297074268567 0.044
0 0.3951612903225806 0.34975 0.029632408102025505 0.0305
0 0.37040510127531884 0.375 0.02288072018004501 0.04
0 0.39309827456864216 0.4025 0.033008252063015754 0.043
0 0.4195423855963991 0.37875 0.032633158289572396 0.0395
0 0.37284321080270066 0.4285 0.030007501875468866 0.044
0 0.3900975243810953 0.46125 0.029257314328582147 0.0445
0 0.4139159789947487 0.45375 0.025131282820705175 0.0425
0 0.43885971492873216 0.4605 0.029257314328582147 0.043
0 0.44298574643660915 0.50725 0.030007501875468866 0.0365
0 0.46249062265566393 0.4955 0.03225806451612903 0.046
0 0.4097899474868717 0.53275 0.032633158289572396 0.0465
0 0.4317329332333083 0.5455 0.028507126781695424 0.043
0 0.4608027006751688 0.54475 0.028132033008252063 0.0475
0 0.3840960240060015 0.57525 0.03075768942235559 0.0395
0 0.413165791447862 0.58125 0.028882220555138786 0.0475
0 0.4465491372843211 0.5845 0.03338334583645911 0.039
0 0.47561890472618157 0.6145 0.03225806451612903 0.045
0 0.44467366841710426 0.6435 0.02738184546136534 0.044
0 0.4223555888972243 0.6165 0.023255813953488372 0.033
0 0.395536384096024 0.6105 0.029632408102025505 0.032
0 0.39741185296324083 0.6485 0.03113278319579895 0.042
0 0.31789197299324834 0.55875 0.03338334583645911 0.0355
0 0.3447111777944486 0.57875 0.029257314328582147 0.0415
0 0.35765191297824456 0.60775 0.02738184546136534 0.0445
0 0.36177794448612155 0.64875 0.034133533383345835 0.0355
0 0.3287696924231058 0.6015 0.025131282820705175 0.041
0 0.3216429107276819 0.64275 0.03113278319579895 0.0365
0 0.3032633158289572 0.677 0.025881470367591898 0.039
0 0.3304576144036009 0.6755 0.03375843960990248 0.04
0 0.3437734433608402 0.70225 0.03788447111777944 0.0405
0 0.38447111777944487 0.71825 0.029257314328582147 0.0385
0 0.4127906976744186 0.7035 0.03113278319579895 0.038
0 0.36196549137284323 0.743 0.03150787696924231 0.037
0 0.33083270817704424 0.756 0.03375843960990248 0.043
0 0.34658664666166544 0.7915 0.03375843960990248 0.037
0 0.3313953488372093 0.7985 0.025881470367591898 0.036
0 0.3790322580645161 0.80875 0.03113278319579895 0.0445
0 0.40397599399849965 0.82825 0.029257314328582147 0.0385
0 0.3852213053263316 0.835 0.025506376594148537 0.032
0 0.39422355588897223 0.759 0.029257314328582147 0.038
0 0.4139159789947487 0.79275 0.028882220555138786 0.0395
0 0.43810952738184544 0.81075 0.03225806451612903 0.0405
0 0.5163165791447862 0.79925 0.028132033008252063 0.0395
0 0.48799699924981244 0.77725 0.03225806451612903 0.0345
0 0.47768192048012004 0.73775 0.03338334583645911 0.0395
0 0.4307951987996999 0.7285 0.03113278319579895 0.041
0 0.5108777194298575 0.73025 0.030007501875468866 0.0375
0 0.5313203300825207 0.76625 0.032633158289572396 0.0375
0 0.5375093773443361 0.7295 0.02625656414103526 0.041
0 0.49381095273818454 0.691 0.028882220555138786 0.04
0 0.522880720180045 0.69775 0.025506376594148537 0.0425
0 0.46830457614403603 0.667 0.02738184546136534 0.043
0 0.4883720930232558 0.64 0.03150787696924231 0.037
0 0.5015003750937734 0.6035 0.030007501875468866 0.036
0 0.5268192048012003 0.56875 0.030382595648912228 0.0435
0 0.5303825956489122 0.6035 0.024006001500375095 0.037
0 0.4923105776444111 0.53425 0.03338334583645911 0.0315
0 0.527569392348087 0.64625 0.028882220555138786 0.0385
0 0.5474493623405852 0.68425 0.028882220555138786 0.0365
0 0.56807951987997 0.713 0.03338334583645911 0.039
0 0.559264816204051 0.64175 0.02625656414103526 0.0425
0 0.577456864216054 0.61525 0.03113278319579895 0.0445
0 0.554576144036009 0.59675 0.02663165791447862 0.0365
0 0.5525131282820706 0.5575 0.029257314328582147 0.039
0 0.5782070517629407 0.54825 0.03113278319579895 0.0465
0 0.5221305326331583 0.5185 0.029257314328582147 0.039
0 0.49681170292573146 0.4885 0.03113278319579895 0.046
0 0.48012003000750186 0.44625 0.03075768942235559 0.0425
0 0.4579894973743436 0.424 0.028507126781695424 0.045
0 0.4300450112528132 0.41825 0.03113278319579895 0.0435
0 0.4540510127531883 0.383 0.032633158289572396 0.045
0 0.4789947486871718 0.39625 0.024756189047261814 0.0425
0 0.477119279819955 0.35475 0.03225806451612903 0.0395
0 0.4221680420105026 0.33 0.034133533383345835 0.044
0 0.4157914478619655 0.303 0.03188297074268567 0.031
0 0.440735183795949 0.29025 0.033008252063015754 0.0355
0 0.44954988747186797 0.32575 0.032633158289572396 0.0425
0 0.4780570142535634 0.2615 0.03188297074268567 0.041
0 0.4863090772693173 0.3025 0.029632408102025505 0.041
0 0.5150037509377344 0.33525 0.030007501875468866 0.0415
0 0.5148162040510128 0.291 0.028132033008252063 0.041
0 0.5178169542385597 0.25 0.029632408102025505 0.042
0 0.5399474868717179 0.26875 0.03113278319579895 0.0435
0 0.5408852213053263 0.2435 0.024756189047261814 0.029
0 0.5588897224306076 0.217 0.03075768942235559 0.038
0 0.5708927231807952 0.2675 0.028507126781695424 0.04
0 0.604463615903976 0.236 0.03563390847711928 0.04
0 0.623218304576144 0.27125 0.03563390847711928 0.0425
0 0.6277194298574643 0.2425 0.02663165791447862 0.031
0 0.6190922730682671 0.216 0.02138034508627157 0.025
0 0.6436609152288072 0.2265 0.024756189047261814 0.04
0 0.6646661665416355 0.24275 0.028507126781695424 0.0345
0 0.6599774943735934 0.26575 0.02738184546136534 0.0455
0 0.6489122280570142 0.302 0.03600900225056264 0.038
0 0.5776444111027756 0.30975 0.03150787696924231 0.0355
0 0.5965866466616654 0.3385 0.028882220555138786 0.046
0 0.6247186796699175 0.339 0.028882220555138786 0.041
0 0.5699549887471868 0.345 0.034133533383345835 0.048
0 0.5476369092273068 0.3195 0.033008252063015754 0.045
0 0.5376969242310577 0.36625 0.03788447111777944 0.0345
0 0.554013503375844 0.40175 0.03225806451612903 0.0435
0 0.5843960990247562 0.4195 0.035258814703675916 0.044
0 0.6112153038259565 0.4235 0.025131282820705175 0.042
0 0.6224681170292573 0.38025 0.038634658664666165 0.0425
0 0.5041260315078769 0.379 0.03375843960990248 0.041
0 0.5037509377344336 0.41625 0.033008252063015754 0.0435
0 0.5330082520630157 0.4235 0.0277569392348087 0.046
0 0.5174418604651163 0.4545 0.032633158289572396 0.041
0 0.5408852213053263 0.48325 0.03225806451612903 0.0455
0 0.554013503375844 0.44725 0.029257314328582147 0.0445
0 0.5770817704426107 0.4715 0.03788447111777944 0.04
0 0.5654538634658665 0.5075 0.028882220555138786 0.039
0 0.6031507876969242 0.501 0.035258814703675916 0.042
0 0.628469617404351 0.52825 0.03488372093023256 0.0465
0 0.6363465866466617 0.489 0.025881470367591898 0.04
0 0.6127156789197299 0.4595 0.03488372093023256 0.041
0 0.6738559639909978 0.485 0.030382595648912228 0.045
0 0.6451612903225806 0.449 0.02700675168792198 0.043
0 0.6839834958739685 0.5235 0.03188297074268567 0.045
0 0.6382220555138785 0.56275 0.029632408102025505 0.0415
0 0.6067141785446362 0.56225 0.028882220555138786 0.0425
0 0.6076519129782446 0.6065 0.029257314328582147 0.045
0 0.6380345086271568 0.602 0.029257314328582147 0.041
0 0.5999624906226556 0.64925 0.028882220555138786 0.0425
0 0.6331582895723931 0.64525 0.03075768942235559 0.0425
0 0.6005251312828207 0.696 0.03375843960990248 0.046
0 0.6209677419354839 0.682 0.028132033008252063 0.043
0 0.5954613653413353 0.74 0.03188297074268567 0.038
0 0.6181545386346586 0.71725 0.030007501875468866 0.0345
0 0.6507876969242311 0.70225 0.03825956489122281 0.0375
0 0.6421605401350338 0.748 0.03075768942235559 0.044
0 0.6374718679669917 0.77275 0.02663165791447862 0.0365
0 0.6327831957989497 0.821 0.029257314328582147 0.04
0 0.605026256564141 0.8325 0.028507126781695424 0.039
0 0.5768942235558889 0.82175 0.02250562640660165 0.0445
0 0.5570142535633908 0.783 0.023255813953488372 0.045
0 0.6716054013503376 0.72875 0.02663165791447862 0.0395
0 0.6884846211552889 0.7485 0.02738184546136534 0.043
0 0.7108027006751688 0.7645 0.028507126781695424 0.036
0 0.713615903975994 0.72575 0.028132033008252063 0.0455
0 0.6642910727681921 0.67825 0.03075768942235559 0.0435
0 0.6897974493623406 0.6905 0.029257314328582147 0.034
0 0.6916729182295573 0.65675 0.029257314328582147 0.0425
0 0.7186796699174793 0.6825 0.030007501875468866 0.041
0 0.7342460615153789 0.70725 0.025881470367591898 0.0435
0 0.7484996249062266 0.7475 0.029632408102025505 0.044
0 0.6734808702175544 0.61725 0.029632408102025505 0.0375
0 0.6911102775693924 0.5835 0.03188297074268567 0.044
0 0.705926481620405 0.62 0.03150787696924231 0.037
0 0.7231807951987997 0.58625 0.03075768942235559 0.0425
0 0.7406226556639159 0.64 0.03338334583645911 0.039
0 0.7606901725431358 0.6645 0.03900975243810953 0.03
0 0.7721305326331583 0.69375 0.02663165791447862 0.0465
0 0.7721305326331583 0.739 0.025881470367591898 0.048
0 0.7719429857464366 0.78925 0.03150787696924231 0.0515
0 0.7507501875468867 0.5865 0.02738184546136534 0.044
0 0.7601275318829708 0.61075 0.025881470367591898 0.0425
0 0.771755438859715 0.56775 0.03488372093023256 0.0355
0 0.6961740435108777 0.553 0.029257314328582147 0.039
0 0.722993248312078 0.527 0.041635408852213056 0.041
0 0.7366841710427607 0.54775 0.03225806451612903 0.0315
0 0.70423855963991 0.49525 0.037134283570892726 0.0455
0 0.7383720930232558 0.495 0.029632408102025505 0.048
0 0.660165041260315 0.40775 0.03150787696924231 0.0375
0 0.6815453863465867 0.442 0.033008252063015754 0.04
0 0.7231807951987997 0.447 0.030007501875468866 0.044
0 0.7430607651912978 0.446 0.03150787696924231 0.048
0 0.7738184546136534 0.48425 0.02700675168792198 0.0445
0 0.7096774193548387 0.39025 0.03075768942235559 0.0435
0 0.6978619654913728 0.3635 0.03488372093023256 0.042
0 0.6674793698424606 0.3295 0.03563390847711928 0.041
0 0.7010502625656414 0.25625 0.028507126781695424 0.0445
0 0.6843585896474118 0.2935 0.032633158289572396 0.042
0 0.7192423105776444 0.222 0.03338334583645911 0.039
0 0.7361215303825956 0.2575 0.03113278319579895 0.046
0 0.7591897974493623 0.228 0.035258814703675916 0.038
0 0.7319954988747187 0.328 0.03563390847711928 0.045
0 0.7361215303825956 0.36225 0.029632408102025505 0.0345
0 0.7443735933983496 0.39125 0.03113278319579895 0.0495
0 0.7755063765941486 0.2905 0.03788447111777944 0.043
0 0.7918229557389347 0.28775 0.021005251312828207 0.0445
0 0.8212678169542386 0.2915 0.032633158289572396 0.04
0 0.8677794448612153 0.31025 0.036384096024006 0.0455
0 0.8782820705176294 0.351 0.037134283570892726 0.043
0 0.822205551387847 0.33275 0.03375843960990248 0.0405
0 0.7788822205551388 0.3345 0.028882220555138786 0.042
0 0.8088897224306076 0.37025 0.03563390847711928 0.0445
0 0.8390847711927982 0.37825 0.030007501875468866 0.0295
0 0.7796324081020255 0.40025 0.03113278319579895 0.0415
0 0.7835708927231808 0.43975 0.035258814703675916 0.0475
0 0.8158289572393098 0.40925 0.033008252063015754 0.0455
0 0.8212678169542386 0.442 0.03563390847711928 0.034
0 0.8102025506376594 0.47975 0.033008252063015754 0.0465
0 0.8546511627906976 0.47425 0.03113278319579895 0.0475
0 0.8769692423105776 0.452 0.03150787696924231 0.042
0 0.8674043510877719 0.41 0.034133533383345835 0.048
0 0.8872843210802701 0.4005 0.03113278319579895 0.046
0 0.9146661665416355 0.427 0.036384096024006 0.041
0 0.9067891972993248 0.46775 0.029632408102025505 0.0455
0 0.8460240060015004 0.52175 0.03563390847711928 0.0425
0 0.7950112528132033 0.527 0.03338334583645911 0.043
0 0.8072018004501126 0.55625 0.028507126781695424 0.0445
0 0.7983870967741935 0.5965 0.03113278319579895 0.04
0 0.7996999249812453 0.64375 0.03225806451612903 0.0445
0 0.822205551387847 0.6655 0.030007501875468866 0.046
0 0.8210802700675168 0.738 0.03600900225056264 0.041
0 0.813953488372093 0.77525 0.033008252063015754 0.0395
0 0.8437734433608403 0.81375 0.032633158289572396 0.0475
0 0.8077644411102776 0.8325 0.03113278319579895 0.047
0 0.7801950487621906 0.855 0.03150787696924231 0.04
0 0.84152288072018 0.75675 0.030382595648912228 0.0405
0 0.8807201800450113 0.76975 0.033008252063015754 0.0435
0 0.8996624156039009 0.73575 0.03338334583645911 0.0525
0 0.8599024756189048 0.70175 0.03188297074268567 0.0435
0 0.8863465866466617 0.67425 0.03225806451612903 0.0395
0 0.8876594148537135 0.69775 0.03113278319579895 0.0295
0 0.8486496624156039 0.637 0.03488372093023256 0.04
0 0.8809077269317329 0.61 0.029632408102025505 0.043
0 0.9024756189047262 0.6385 0.030007501875468866 0.044
0 0.9334208552138035 0.6005 0.03488372093023256 0.045
0 0.8385221305326331 0.59025 0.030382595648912228 0.0435
0 0.846211552888222 0.5575 0.03150787696924231 0.033
0 0.8711552888222055 0.56575 0.02663165791447862 0.0425
0 0.9094148537134283 0.55225 0.028132033008252063 0.0425
0 0.895536384096024 0.51175 0.030382595648912228 0.0445
0 0.9197299324831207 0.51325 0.024006001500375095 0.0405
