0 0.10746436609152288 0.522 0.061890472618154536 0.07
0 0.07970742685671418 0.5965 0.06489122280570142 0.078
0 0.0853338334583646 0.66175 0.06564141035258815 0.0765
0 0.09996249062265566 0.741 0.05588897224306077 0.074
0 0.1571642910727682 0.4945 0.06526631657914479 0.069
0 0.1639159789947487 0.56925 0.06451612903225806 0.0755
0 0.17666916729182294 0.6355 0.0622655663915979 0.07
0 0.15360090022505626 0.69825 0.05738934733683421 0.0635
0 0.168417104276069 0.755 0.05776444111027757 0.074
0 0.2220555138784696 0.76725 0.058514628657164294 0.0785
0 0.2145536384096024 0.688 0.058514628657164294 0.07
0 0.27925731432858214 0.76 0.055138784696174045 0.073
0 0.2653788447111778 0.69975 0.05888972243060765 0.0665
0 0.24081020255063765 0.638 0.058514628657164294 0.072
0 0.22393098274568643 0.57725 0.05776444111027757 0.0745
0 0.20798949737434358 0.471 0.06339084771192798 0.076
0 0.17760690172543137 0.40475 0.056639159789947484 0.0815
0 0.22861965491372843 0.4 0.06339084771192798 0.082
0 0.18267066766691673 0.32875 0.0622655663915979 0.0855
0 0.23218304576144036 0.227 0.06526631657914479 0.094
0 0.24756189047261815 0.30875 0.06601650412603151 0.0925
0 0.29444861215303825 0.21625 0.06376594148537135 0.0895
0 0.3075768942235559 0.2995 0.07126781695423856 0.087
0 0.2820705176294073 0.38075 0.058514628657164294 0.0855
0 0.3705926481620405 0.19275 0.0555138784696174 0.0855
0 0.3698424606151538 0.28275 0.06151537884471118 0.0895
0 0.3420855213803451 0.3725 0.058514628657164294 0.085
0 0.30701425356339085 0.4495 0.0603900975243811 0.089
0 0.27644411102775696 0.5 0.06676669167291822 0.082
0 0.27569392348087024 0.58475 0.05926481620405101 0.0805
0 0.30007501875468867 0.63925 0.0555138784696174 0.0705
0 0.33833458364591146 0.702 0.06001500375093773 0.078
0 0.3336459114778695 0.77625 0.05138784696174044 0.0665
0 0.3938484621155289 0.7575 0.05401350337584396 0.062
0 0.39403600900225055 0.71525 0.061140285071267814 0.0555
0 0.44129782445611404 0.733 0.059639909977494375 0.074
0 0.36365341335333834 0.64275 0.05888972243060765 0.0635
0 0.34171042760690173 0.592 0.06151537884471118 0.072
0 0.3208927231807952 0.531 0.0641410352588147 0.07
0 0.37809452363090773 0.5565 0.058514628657164294 0.077
0 0.4071642910727682 0.4935 0.05588897224306077 0.069
0 0.3666541635408852 0.4455 0.05888972243060765 0.083
0 0.4011627906976744 0.3665 0.06339084771192798 0.093
0 0.44579894973743434 0.404 0.061140285071267814 0.08
0 0.459489872468117 0.47025 0.05776444111027757 0.0775
0 0.44392348087021755 0.55525 0.05738934733683421 0.0745
0 0.4212303075768942 0.60525 0.058514628657164294 0.0675
0 0.436609152288072 0.66525 0.06001500375093773 0.0725
0 0.4848087021755439 0.773 0.05588897224306077 0.068
0 0.5105026256564141 0.8095 0.051762940735183796 0.061
0 0.5693923480870218 0.8205 0.05101275318829707 0.069
0 0.5360090022505627 0.762 0.05326331582895724 0.066
0 0.5090022505626407 0.708 0.0622655663915979 0.072
0 0.4769317329332333 0.626 0.05738934733683421 0.07
0 0.530570142535634 0.63325 0.0536384096024006 0.0765
0 0.495873968492123 0.571 0.06151537884471118 0.074
0 0.5975243810952738 0.75975 0.056264066016504126 0.0665
0 0.6286571642910728 0.793 0.0450112528132033 0.061
0 0.5767066766691673 0.65825 0.05438859714928732 0.0635
0 0.5757689422355589 0.714 0.051762940735183796 0.068
0 0.6423480870217554 0.732 0.050637659414853715 0.072
0 0.6145911477869468 0.675 0.0536384096024006 0.076
0 0.6864216054013503 0.754 0.04951237809452363 0.061
0 0.7314328582145536 0.723 0.04951237809452363 0.064
0 0.6961740435108777 0.6905 0.06301575393848462 0.064
0 0.6571642910727682 0.65225 0.05251312828207052 0.0655
0 0.6292198049512379 0.60925 0.05588897224306077 0.0725
0 0.577456864216054 0.5855 0.05588897224306077 0.071
0 0.5510127531882971 0.54575 0.051762940735183796 0.0725
0 0.508252063015754 0.506 0.05926481620405101 0.069
0 0.44111027756939236 0.17875 0.0690172543135784 0.0875
0 0.4324831207801951 0.27325 0.0622655663915979 0.0935
0 0.5106901725431358 0.21275 0.06789197299324831 0.0895
0 0.4932483120780195 0.27675 0.06601650412603151 0.0835
0 0.4821830457614404 0.3545 0.0671417854463616 0.075
0 0.522880720180045 0.42175 0.06451612903225806 0.0735
0 0.5707051762940735 0.465 0.061140285071267814 0.08
0 0.5990247561890473 0.52425 0.04876219054763691 0.0745
0 0.6460990247561891 0.5335 0.05438859714928732 0.069
0 0.6766691672918229 0.57925 0.0555138784696174 0.0675
0 0.7087396849212303 0.6265 0.05138784696174044 0.075
0 0.7473743435858965 0.6585 0.04688672168042011 0.067
0 0.7672543135783946 0.692 0.046136534133533386 0.066
0 0.8192048012003 0.65475 0.04951237809452363 0.0595
0 0.7833833458364591 0.61725 0.05813953488372093 0.0675
0 0.7366841710427607 0.56975 0.05251312828207052 0.0685
0 0.699549887471868 0.51425 0.05026256564141035 0.0705
0 0.6665416354088523 0.471 0.060765191297824456 0.069
0 0.6219054763690923 0.43675 0.05701425356339085 0.0755
0 0.5707051762940735 0.40025 0.059639909977494375 0.0675
0 0.5423855963990998 0.34775 0.06526631657914479 0.0715
0 0.5626406601650412 0.2665 0.058514628657164294 0.078
0 0.5888972243060765 0.1895 0.058514628657164294 0.091
0 0.6271567891972993 0.255 0.05701425356339085 0.083
0 0.6046511627906976 0.336 0.05701425356339085 0.071
0 0.6588522130532634 0.35075 0.056639159789947484 0.0835
0 0.6903600900225056 0.41025 0.05738934733683421 0.0795
0 0.7259939984996249 0.452 0.05288822205551388 0.078
0 0.7620030007501876 0.49975 0.056639159789947484 0.0745
0 0.7903225806451613 0.543 0.0450112528132033 0.068
0 0.8214553638409603 0.58 0.0450112528132033 0.066
0 0.8501500375093773 0.644 0.041635408852213056 0.058
0 0.904351087771943 0.616 0.05026256564141035 0.065
0 0.8617779444861215 0.5815 0.04538634658664666 0.059
0 0.8452738184546137 0.526 0.052138034508627154 0.068
0 0.8190172543135784 0.4795 0.0536384096024006 0.07
0 0.7779444861215303 0.4055 0.06151537884471118 0.065
0 0.7627531882970743 0.357 0.061140285071267814 0.078
0 0.7261815453863466 0.29475 0.06451612903225806 0.0815
0 0.6991747936984246 0.2385 0.06151537884471118 0.082
0 0.8165791447861965 0.40725 0.05026256564141035 0.0745
0 0.8600900225056264 0.376 0.04951237809452363 0.072
0 0.8645911477869468 0.44975 0.05476369092273068 0.0755
0 0.9148537134283571 0.4055 0.05476369092273068 0.071
0 0.9296699174793699 0.462 0.04838709677419355 0.071
0 0.8910352588147037 0.50625 0.047636909227306824 0.0695
0 0.9441110277569392 0.516 0.051762940735183796 0.068
0 0.9126031507876969 0.56 0.05776444111027757 0.064
0 0.9533008252063015 0.57275 0.046136534133533386 0.0655
