0 0.15153788447111777 0.44625 0.02700675168792198 0.0415
0 0.16016504126031508 0.4935 0.030007501875468866 0.041
0 0.14122280570142537 0.53075 0.02288072018004501 0.0425
0 0.15772693173293323 0.53375 0.032633158289572396 0.0425
0 0.1397224306076519 0.5795 0.024381095273818456 0.047
0 0.16016504126031508 0.58675 0.02625656414103526 0.0475
0 0.1791072768192048 0.571 0.03188297074268567 0.044
0 0.1599774943735934 0.641 0.03113278319579895 0.045
0 0.19523630907726933 0.62475 0.03188297074268567 0.0455
0 0.19448612153038258 0.60275 0.02288072018004501 0.0255
0 0.17835708927231808 0.66975 0.019879969992498126 0.0355
0 0.19317329332333083 0.6665 0.03225806451612903 0.044
0 0.2203675918979745 0.66225 0.03113278319579895 0.0465
0 0.19673668417104276 0.5605 0.02738184546136534 0.045
0 0.17085521380345087 0.4695 0.029632408102025505 0.041
0 0.18154538634658665 0.419 0.03150787696924231 0.043
0 0.19504876219054765 0.3805 0.02700675168792198 0.041
0 0.22393098274568643 0.37575 0.030007501875468866 0.0485
0 0.2175543885971493 0.412 0.03150787696924231 0.046
0 0.20292573143285822 0.463 0.033008252063015754 0.045
0 0.1984246061515379 0.5045 0.03150787696924231 0.043
0 0.22261815453863465 0.4835 0.030382595648912228 0.046
0 0.22149287321830458 0.5505 0.03188297074268567 0.051
0 0.25150037509377343 0.59825 0.03113278319579895 0.0475
0 0.27719429857464367 0.614 0.03150787696924231 0.048
0 0.29257314328582146 0.65075 0.03825956489122281 0.0465
0 0.27325581395348836 0.66675 0.03338334583645911 0.0435
0 0.32408102025506375 0.6655 0.03150787696924231 0.049
0 0.23424606151537886 0.513 0.030382595648912228 0.045
0 0.24681170292573143 0.45825 0.03075768942235559 0.0435
0 0.25300075018754686 0.34225 0.03188297074268567 0.0475
0 0.2803825956489122 0.3335 0.032633158289572396 0.052
0 0.3235183795948987 0.32975 0.03113278319579895 0.0455
0 0.3057014253563391 0.37325 0.03225806451612903 0.0425
0 0.2826331582895724 0.39975 0.03188297074268567 0.0475
0 0.28113278319579893 0.4385 0.029632408102025505 0.035
0 0.26575393848462114 0.48125 0.03188297074268567 0.0435
0 0.2845086271567892 0.49375 0.034133533383345835 0.0395
0 0.2929482370592648 0.45375 0.03225806451612903 0.0455
0 0.2616279069767442 0.54175 0.032633158289572396 0.0465
0 0.30420105026256566 0.543 0.0345086271567892 0.048
0 0.3036384096024006 0.58625 0.03188297074268567 0.0475
0 0.32408102025506375 0.62075 0.03225806451612903 0.0495
0 0.3589647411852963 0.6555 0.03225806451612903 0.048
0 0.31564141035258814 0.49825 0.034133533383345835 0.0465
0 0.3319579894973743 0.46375 0.0345086271567892 0.0475
0 0.3192048012003001 0.414 0.03375843960990248 0.043
0 0.34752438109527384 0.40525 0.03338334583645911 0.0475
0 0.3630907726931733 0.35425 0.033008252063015754 0.0465
0 0.3992873218304576 0.33 0.03338334583645911 0.039
0 0.390285071267817 0.37025 0.029632408102025505 0.0475
0 0.42704426106526633 0.341 0.03488372093023256 0.048
0 0.41504126031507876 0.381 0.03563390847711928 0.04
0 0.3754688672168042 0.413 0.03375843960990248 0.047
0 0.4036009002250563 0.42875 0.0345086271567892 0.0515
0 0.382033008252063 0.4595 0.037134283570892726 0.048
0 0.36834208552138037 0.506 0.0345086271567892 0.04
0 0.34264816204051013 0.534 0.03338334583645911 0.047
0 0.3533383345836459 0.57075 0.033008252063015754 0.0405
0 0.3792198049512378 0.5895 0.03675918979744936 0.049
0 0.38840960240060013 0.63075 0.037134283570892726 0.0455
0 0.41335333833458365 0.65875 0.0345086271567892 0.0535
0 0.3953488372093023 0.54025 0.033008252063015754 0.0415
0 0.40735183795948987 0.512 0.03825956489122281 0.046
0 0.41410352588147037 0.47475 0.03375843960990248 0.0435
0 0.4654913728432108 0.32675 0.03600900225056264 0.0495
0 0.44879969992498125 0.371 0.03788447111777944 0.043
0 0.45555138784696175 0.40725 0.036384096024006 0.0445
0 0.4491747936984246 0.4525 0.03188297074268567 0.052
0 0.45255063765941483 0.50075 0.03338334583645911 0.0415
0 0.4382970742685671 0.55175 0.03788447111777944 0.0445
0 0.4493623405851463 0.66725 0.03375843960990248 0.0555
0 0.46136534133533386 0.6215 0.03225806451612903 0.049
0 0.47168042010502625 0.7205 0.034133533383345835 0.046
0 0.4885596399099775 0.7595 0.032633158289572396 0.044
0 0.5202550637659414 0.79625 0.030007501875468866 0.0495
0 0.5581395348837209 0.80375 0.03375843960990248 0.0455
0 0.5645161290322581 0.855 0.03600900225056264 0.05
0 0.5926481620405101 0.8135 0.037509377344336084 0.048
0 0.6205926481620405 0.804 0.03563390847711928 0.049
0 0.517066766691673 0.74125 0.03488372093023256 0.0475
0 0.554013503375844 0.75525 0.0345086271567892 0.0525
0 0.5879594898724682 0.749 0.041635408852213056 0.048
0 0.6286571642910728 0.74125 0.0345086271567892 0.0475
0 0.6732933233308327 0.73475 0.03900975243810953 0.0505
0 0.6924231057764441 0.776 0.03900975243810953 0.047
0 0.4894973743435859 0.68 0.03225806451612903 0.05
0 0.5168792198049512 0.663 0.035258814703675916 0.045
0 0.4930607651912978 0.61875 0.03338334583645911 0.0485
0 0.5331957989497375 0.69875 0.03488372093023256 0.0465
0 0.5478244561140285 0.6695 0.037134283570892726 0.053
0 0.5768942235558889 0.70375 0.03900975243810953 0.0435
0 0.48124531132783194 0.5725 0.037509377344336084 0.044
0 0.4754313578394599 0.5375 0.03563390847711928 0.045
0 0.5112528132033008 0.54775 0.033008252063015754 0.0455
0 0.5253188297074268 0.586 0.03938484621155289 0.04
0 0.5390097524381096 0.6245 0.037509377344336084 0.049
0 0.5738934733683421 0.61125 0.03825956489122281 0.0485
0 0.5864591147786947 0.6575 0.036384096024006 0.045
0 0.6453488372093024 0.69525 0.034133533383345835 0.0365
0 0.6258439609902475 0.668 0.04088522130532633 0.04
0 0.7149287321830458 0.72425 0.04051012753188297 0.0535
0 0.6659789947486872 0.6625 0.037134283570892726 0.051
0 0.7018004501125281 0.66975 0.035258814703675916 0.0545
0 0.7323705926481621 0.68225 0.032633158289572396 0.0415
0 0.768192048012003 0.6805 0.035258814703675916 0.051
0 0.728244561140285 0.64175 0.037134283570892726 0.0455
0 0.6856714178544636 0.62275 0.03900975243810953 0.0465
0 0.6507876969242311 0.61425 0.04276069017254314 0.0445
0 0.5613278319579895 0.55725 0.037134283570892726 0.0485
0 0.6100900225056264 0.56475 0.036384096024006 0.0485
0 0.6460990247561891 0.5615 0.03788447111777944 0.046
0 0.7049887471867967 0.572 0.037134283570892726 0.05
0 0.7370592648162041 0.5885 0.03975993998499625 0.048
0 0.7948237059264817 0.624 0.03900975243810953 0.045
0 0.8816579144786196 0.6305 0.04463615903975994 0.045
0 0.8094523630907727 0.56675 0.042010502625656414 0.0435
0 0.7513128282070518 0.5455 0.04051012753188297 0.049
0 0.7149287321830458 0.52675 0.03900975243810953 0.0495
0 0.47280570142535633 0.4845 0.03563390847711928 0.049
0 0.5090022505626407 0.49675 0.03975993998499625 0.0475
0 0.5590772693173294 0.51425 0.03938484621155289 0.0505
0 0.49549887471867965 0.44775 0.03600900225056264 0.0465
0 0.4898724681170293 0.40475 0.0345086271567892 0.0475
0 0.48518379594898725 0.3625 0.036384096024006 0.046
0 0.5075018754688673 0.32475 0.037509377344336084 0.0515
0 0.5142535633908477 0.37775 0.037509377344336084 0.0435
0 0.5196924231057765 0.42225 0.036384096024006 0.0475
0 0.5390097524381096 0.459 0.0345086271567892 0.05
0 0.5707051762940735 0.47025 0.034133533383345835 0.0575
0 0.6007126781695424 0.4945 0.036384096024006 0.053
0 0.6297824456114028 0.51375 0.03675918979744936 0.0455
0 0.6671042760690172 0.50975 0.04013503375843961 0.0435
0 0.5495123780945236 0.40075 0.035258814703675916 0.0515
0 0.5817704426106527 0.42075 0.037509377344336084 0.0485
0 0.6205926481620405 0.4425 0.03938484621155289 0.053
0 0.6521005251312828 0.4745 0.04013503375843961 0.046
0 0.7010502625656414 0.48075 0.042010502625656414 0.0525
0 0.7558139534883721 0.49825 0.03825956489122281 0.0455
0 0.7959489872468117 0.53275 0.03975993998499625 0.0535
0 0.8229557389347337 0.513 0.03375843960990248 0.046
0 0.8396474118529632 0.541 0.041635408852213056 0.056
0 0.8859714928732183 0.52125 0.04351087771942986 0.0495
0 0.9217929482370593 0.529 0.038634658664666165 0.05
0 0.8617779444861215 0.478 0.03938484621155289 0.048
0 0.9066016504126031 0.46025 0.04426106526631658 0.0555
0 0.7974493623405852 0.47725 0.04126031507876969 0.0485
0 0.8285821455363841 0.45425 0.03675918979744936 0.0495
0 0.736496624156039 0.4625 0.04013503375843961 0.045
0 0.6837959489872468 0.4405 0.04276069017254314 0.048
0 0.6100900225056264 0.40675 0.03563390847711928 0.0465
0 0.5797074268567142 0.38 0.03938484621155289 0.044
0 0.5496999249812453 0.3525 0.03788447111777944 0.046
0 0.5330082520630157 0.313 0.03225806451612903 0.049
0 0.5735183795948987 0.29575 0.03675918979744936 0.0495
0 0.5926481620405101 0.32825 0.037509377344336084 0.0475
0 0.6262190547636909 0.31925 0.037134283570892726 0.0495
0 0.6312828207051763 0.3625 0.037509377344336084 0.05
0 0.6481620405101275 0.41175 0.03975993998499625 0.0525
0 0.6667291822955739 0.343 0.03563390847711928 0.051
0 0.6588522130532634 0.28325 0.037134283570892726 0.0475
0 0.690735183795949 0.2745 0.036384096024006 0.047
0 0.7085521380345087 0.3115 0.042010502625656414 0.051
0 0.6815453863465867 0.389 0.04126031507876969 0.046
0 0.7199924981245311 0.41225 0.03938484621155289 0.0505
0 0.7066766691672918 0.37125 0.03825956489122281 0.0485
0 0.7361215303825956 0.35075 0.03788447111777944 0.0535
0 0.7413728432108027 0.39225 0.041635408852213056 0.0445
0 0.7642535633908477 0.4305 0.04088522130532633 0.051
0 0.7756939234808702 0.3865 0.035258814703675916 0.054
0 0.8038259564891223 0.416 0.03900975243810953 0.052
0 0.8554013503375844 0.41625 0.04088522130532633 0.0485
0 0.7248687171792948 0.2565 0.03938484621155289 0.054
0 0.7661290322580645 0.25025 0.038634658664666165 0.0515
0 0.8147036759189797 0.2625 0.03975993998499625 0.052
0 0.781695423855964 0.329 0.03825956489122281 0.043
0 0.8306451612903226 0.322 0.04013503375843961 0.05
0 0.8261440360090022 0.373 0.03563390847711928 0.049
0 0.9039759939984996 0.39075 0.04126031507876969 0.0495
0 0.9262940735183796 0.34125 0.04238559639909977 0.0535
