0 0.18473368342085522 0.39525 0.0603900975243811 0.0705
0 0.22955738934733683 0.31 0.05476369092273068 0.072
0 0.2625656414103526 0.287 0.05476369092273068 0.081
0 0.31189047261815456 0.26275 0.06264066016504126 0.0925
0 0.2815078769692423 0.3815 0.052138034508627154 0.077
0 0.2565641410352588 0.4255 0.04876219054763691 0.063
0 0.22693173293323332 0.44175 0.0555138784696174 0.0615
0 0.20348837209302326 0.51725 0.05138784696174044 0.0615
0 0.2747561890472618 0.49925 0.056639159789947484 0.0695
0 0.28169542385596397 0.54475 0.04951237809452363 0.0595
0 0.22636909227306826 0.6125 0.05138784696174044 0.064
0 0.27925731432858214 0.62375 0.04688672168042011 0.0635
0 0.30888972243060764 0.705 0.04988747186796699 0.06
0 0.33758439609902474 0.7415 0.05326331582895724 0.053
0 0.3572768192048012 0.80075 0.047636909227306824 0.0475
0 0.37603150787696926 0.849 0.04913728432108027 0.054
0 0.42179294823705926 0.8955 0.047636909227306824 0.057
0 0.4373593398349587 0.84725 0.04351087771942986 0.0585
0 0.4189797449362341 0.7965 0.04576144036009002 0.061
0 0.3900975243810953 0.7345 0.047261815453863466 0.058
0 0.40247561890472616 0.692 0.04876219054763691 0.055
0 0.38840960240060013 0.624 0.04988747186796699 0.054
0 0.3370217554388597 0.587 0.05288822205551388 0.055
0 0.3754688672168042 0.54975 0.047261815453863466 0.0645
0 0.33308327081770445 0.507 0.04951237809452363 0.061
0 0.32801950487621906 0.421 0.05438859714928732 0.068
0 0.34171042760690173 0.359 0.06151537884471118 0.079
0 0.38390847711927983 0.2955 0.0603900975243811 0.087
0 0.4195423855963991 0.3525 0.05588897224306077 0.08
0 0.4045386346586647 0.4085 0.04688672168042011 0.068
0 0.3812828207051763 0.474 0.05438859714928732 0.067
0 0.43904726181545384 0.4735 0.052138034508627154 0.066
0 0.42198049512378094 0.53475 0.05251312828207052 0.0675
0 0.4441110277569392 0.59225 0.056264066016504126 0.0665
0 0.44879969992498125 0.652 0.05288822205551388 0.062
0 0.4503000750187547 0.71775 0.052138034508627154 0.0575
0 0.45067516879219804 0.76375 0.047636909227306824 0.0555
0 0.4763690922730683 0.8135 0.0450112528132033 0.062
0 0.4806826706676669 0.892 0.04463615903975994 0.058
0 0.4894973743435859 0.93075 0.047261815453863466 0.0555
0 0.5335708927231808 0.88375 0.03938484621155289 0.0385
0 0.5673293323330832 0.9085 0.04238559639909977 0.046
0 0.5793323330832708 0.8655 0.038634658664666165 0.044
0 0.5211927981995499 0.85925 0.046136534133533386 0.0505
0 0.6258439609902475 0.85425 0.04463615903975994 0.0545
0 0.5607651912978244 0.81775 0.04126031507876969 0.0475
0 0.6106526631657915 0.8095 0.04426106526631658 0.054
0 0.6586646661665416 0.79775 0.0450112528132033 0.0505
0 0.49212303075768943 0.753 0.05026256564141035 0.058
0 0.5279444861215303 0.78875 0.046136534133533386 0.0495
0 0.5804576144036009 0.7765 0.05588897224306077 0.054
0 0.5468867216804201 0.72 0.047261815453863466 0.061
0 0.5922730682670667 0.7085 0.042010502625656414 0.058
0 0.6183420855213804 0.7305 0.03788447111777944 0.056
0 0.6586646661665416 0.712 0.04426106526631658 0.058
0 0.6337209302325582 0.6835 0.043135783945986494 0.053
0 0.495873968492123 0.68975 0.04801200300075019 0.0555
0 0.5399474868717179 0.67475 0.04388597149287322 0.0565
0 0.5842085521380345 0.6445 0.052138034508627154 0.059
0 0.6757314328582146 0.6565 0.043135783945986494 0.059
0 0.49681170292573146 0.6195 0.04538634658664666 0.057
0 0.5435108777194299 0.61575 0.04876219054763691 0.0535
0 0.6009002250562641 0.58325 0.05101275318829707 0.0585
0 0.636721680420105 0.61325 0.050637659414853715 0.0605
0 0.5056264066016504 0.56625 0.04876219054763691 0.0585
0 0.5543885971492873 0.5395 0.04276069017254314 0.057
0 0.6749812453113279 0.58775 0.04463615903975994 0.0595
0 0.6460990247561891 0.54975 0.04688672168042011 0.0615
0 0.47918229557389347 0.49675 0.04988747186796699 0.0625
0 0.46811702925731435 0.42075 0.05026256564141035 0.0725
0 0.5080645161290323 0.442 0.05138784696174044 0.065
0 0.5515753938484621 0.48025 0.0536384096024006 0.0695
0 0.599774943735934 0.509 0.05476369092273068 0.065
0 0.667291822955739 0.4935 0.04876219054763691 0.065
0 0.6241560390097525 0.45425 0.05101275318829707 0.0645
0 0.6828582145536384 0.4285 0.04913728432108027 0.072
0 0.7068642160540135 0.48075 0.046136534133533386 0.0655
0 0.4846211552888222 0.34625 0.05251312828207052 0.0635
0 0.5406976744186046 0.39025 0.052138034508627154 0.0625
0 0.5847711927981996 0.41525 0.04951237809452363 0.0655
0 0.6346586646661665 0.386 0.05026256564141035 0.069
0 0.4634283570892723 0.2295 0.05738934733683421 0.084
0 0.5075018754688673 0.27425 0.05401350337584396 0.0745
0 0.5318829707426856 0.2105 0.058514628657164294 0.085
0 0.5487621905476369 0.31525 0.05026256564141035 0.0555
0 0.6089647411852963 0.3455 0.050637659414853715 0.082
0 0.5875843960990248 0.25875 0.05438859714928732 0.0755
0 0.6153413353338335 0.18175 0.05813953488372093 0.0765
0 0.6384096024006002 0.269 0.05326331582895724 0.079
0 0.6569767441860465 0.3285 0.05588897224306077 0.075
0 0.6806076519129782 0.19575 0.05288822205551388 0.0775
0 0.722430607651913 0.29525 0.05926481620405101 0.0765
0 0.7068642160540135 0.365 0.052138034508627154 0.068
0 0.7466241560390098 0.34225 0.04688672168042011 0.0745
0 0.7376219054763691 0.40975 0.04538634658664666 0.0685
0 0.7841335333833458 0.3645 0.04538634658664666 0.067
0 0.8447111777944486 0.3945 0.0450112528132033 0.07
0 0.8064516129032258 0.45 0.051762940735183796 0.06
0 0.8741560390097525 0.473 0.047636909227306824 0.063
0 0.8366466616654163 0.5185 0.04688672168042011 0.061
0 0.7738184546136534 0.52575 0.046511627906976744 0.0665
0 0.7299324831207802 0.5555 0.058514628657164294 0.061
0 0.7803825956489122 0.6275 0.04913728432108027 0.072
0 0.8242685671417854 0.59025 0.04388597149287322 0.0645
0 0.7299324831207802 0.639 0.04351087771942986 0.058
0 0.7016129032258065 0.7025 0.04538634658664666 0.065
0 0.677794448612153 0.72825 0.04126031507876969 0.0495
0 0.7233683420855214 0.731 0.041635408852213056 0.05
0 0.7483120780195048 0.6945 0.04276069017254314 0.061
0 0.7996999249812453 0.677 0.03900975243810953 0.048
