0 0.06732933233308327 0.471 0.0603900975243811 0.064
0 0.09433608402100525 0.39375 0.052138034508627154 0.0625
0 0.10202550637659415 0.37025 0.05701425356339085 0.0595
0 0.1562265566391598 0.2875 0.05738934733683421 0.062
0 0.18473368342085522 0.26775 0.0603900975243811 0.0755
0 0.25825206301575393 0.21525 0.04913728432108027 0.0755
0 0.3055138784696174 0.221 0.05813953488372093 0.082
0 0.21961740435108776 0.29075 0.05288822205551388 0.0645
0 0.19298574643660915 0.35175 0.05438859714928732 0.0655
0 0.14591147786946737 0.41475 0.06151537884471118 0.0625
0 0.12021755438859714 0.476 0.05813953488372093 0.06
0 0.12190547636909227 0.551 0.05476369092273068 0.059
0 0.1399099774943736 0.59925 0.051762940735183796 0.0535
0 0.1837959489872468 0.61275 0.05026256564141035 0.0445
0 0.19523630907726933 0.59475 0.046136534133533386 0.0485
0 0.23068267066766693 0.61925 0.04351087771942986 0.0495
0 0.23780945236309078 0.58025 0.051762940735183796 0.0515
0 0.2768192048012003 0.58925 0.04276069017254314 0.0515
0 0.09921230307576895 0.48825 0.034133533383345835 0.0345
0 0.1524756189047262 0.482 0.02738184546136534 0.047
0 0.18904726181545387 0.52975 0.04801200300075019 0.0345
0 0.1791072768192048 0.501 0.05288822205551388 0.068
0 0.22730682670667668 0.49625 0.04351087771942986 0.0525
0 0.2693173293323331 0.5195 0.051762940735183796 0.048
0 0.20273818454613654 0.42275 0.05288822205551388 0.0605
0 0.23218304576144036 0.376 0.05776444111027757 0.074
0 0.2693173293323331 0.31475 0.058514628657164294 0.0735
0 0.24343585896474118 0.47275 0.04876219054763691 0.0605
0 0.29013503375843963 0.49675 0.04463615903975994 0.0555
0 0.3184546136534134 0.55075 0.05026256564141035 0.0515
0 0.32408102025506375 0.6 0.047261815453863466 0.05
0 0.3784696174043511 0.603 0.04351087771942986 0.053
0 0.36102775693923483 0.5485 0.04238559639909977 0.045
0 0.3387096774193548 0.501 0.05251312828207052 0.052
0 0.2929482370592648 0.4025 0.05026256564141035 0.065
0 0.3160165041260315 0.34325 0.056639159789947484 0.0605
0 0.34433608402100524 0.2935 0.05701425356339085 0.069
0 0.396099024756189 0.3015 0.05401350337584396 0.061
0 0.36702925731432856 0.32825 0.0536384096024006 0.0615
0 0.3413353338334584 0.38975 0.04426106526631658 0.0655
0 0.327456864216054 0.42075 0.051762940735183796 0.0525
0 0.4330457614403601 0.238 0.05888972243060765 0.07
0 0.409039759939985 0.3685 0.05288822205551388 0.064
0 0.38972243060765194 0.42525 0.051762940735183796 0.0585
0 0.37115528882220555 0.4515 0.04838709677419355 0.056
0 0.38447111777944487 0.511 0.05026256564141035 0.054
0 0.40472618154538637 0.589 0.04876219054763691 0.05
0 0.41841710427606904 0.63375 0.04463615903975994 0.0455
0 0.4347336834208552 0.60075 0.04276069017254314 0.0535
0 0.4309827456864216 0.534 0.047261815453863466 0.051
0 0.4291072768192048 0.468 0.05101275318829707 0.044
0 0.43942235558889725 0.44825 0.04838709677419355 0.0605
0 0.45836459114778694 0.38975 0.05251312828207052 0.0625
0 0.47280570142535633 0.307 0.04988747186796699 0.071
0 0.49456114028507125 0.279 0.0536384096024006 0.073
0 0.5247561890472618 0.32025 0.05401350337584396 0.0655
0 0.5091897974493623 0.36975 0.052138034508627154 0.0585
0 0.495873968492123 0.443 0.04951237809452363 0.063
0 0.47355588897224304 0.45425 0.038634658664666165 0.0505
0 0.4788072018004501 0.50125 0.04688672168042011 0.0495
0 0.46886721680420107 0.568 0.04801200300075019 0.044
0 0.4754313578394599 0.60525 0.043135783945986494 0.0435
0 0.4519879969992498 0.6655 0.04801200300075019 0.042
0 0.49381095273818454 0.65875 0.04838709677419355 0.0405
0 0.5215678919729932 0.6305 0.041635408852213056 0.049
0 0.5255063765941486 0.699 0.046511627906976744 0.043
0 0.5656414103525882 0.7035 0.03825956489122281 0.043
0 0.5542010502625656 0.627 0.03338334583645911 0.043
0 0.5648912228057015 0.5985 0.02625656414103526 0.039
0 0.5069392348087022 0.57875 0.04088522130532633 0.0565
0 0.5459489872468117 0.577 0.04088522130532633 0.047
0 0.518192048012003 0.51175 0.04088522130532633 0.0505
0 0.5178169542385597 0.4765 0.047636909227306824 0.052
0 0.6003375843960991 0.2855 0.05138784696174044 0.067
0 0.567516879219805 0.339 0.05026256564141035 0.061
0 0.5468867216804201 0.38475 0.04426106526631658 0.0585
0 0.5575768942235559 0.445 0.04913728432108027 0.053
0 0.5624531132783196 0.50825 0.046136534133533386 0.0525
0 0.5883345836459115 0.58725 0.04388597149287322 0.0555
0 0.5973368342085521 0.64175 0.041635408852213056 0.0445
0 0.6022130532633159 0.67075 0.04013503375843961 0.0395
0 0.5907726931732933 0.40375 0.0450112528132033 0.0565
0 0.5986496624156039 0.46825 0.04801200300075019 0.0495
0 0.5954613653413353 0.51675 0.03938484621155289 0.0525
0 0.6290322580645161 0.5625 0.042010502625656414 0.047
0 0.613278319579895 0.591 0.03150787696924231 0.041
0 0.6500375093773444 0.70175 0.0450112528132033 0.0405
0 0.6826706676669168 0.669 0.03825956489122281 0.047
0 0.6432858214553638 0.61325 0.03975993998499625 0.0455
0 0.6616654163540885 0.58125 0.035258814703675916 0.0515
0 0.6384096024006002 0.514 0.04576144036009002 0.048
0 0.6369092273068268 0.448 0.04576144036009002 0.057
0 0.668417104276069 0.537 0.0450112528132033 0.043
0 0.6856714178544636 0.5085 0.0450112528132033 0.052
0 0.6207801950487621 0.37325 0.04801200300075019 0.0655
0 0.6695423855963991 0.3345 0.05101275318829707 0.06
0 0.6607276819204801 0.3815 0.036384096024006 0.051
0 0.686046511627907 0.42575 0.04801200300075019 0.0515
0 0.7496249062265566 0.43125 0.047636909227306824 0.0645
0 0.7314328582145536 0.466 0.04276069017254314 0.048
0 0.727119279819955 0.5375 0.055138784696174045 0.045
0 0.6935483870967742 0.56475 0.04351087771942986 0.0375
0 0.6901725431357839 0.594 0.03975993998499625 0.04
0 0.722993248312078 0.64175 0.04238559639909977 0.0495
0 0.732933233308327 0.588 0.04126031507876969 0.046
0 0.7550637659414854 0.60225 0.03825956489122281 0.0435
0 0.7501875468867217 0.5285 0.0345086271567892 0.046
0 0.7477494373593399 0.48925 0.041635408852213056 0.0495
0 0.758814703675919 0.55725 0.03375843960990248 0.0445
0 0.8143285821455364 0.627 0.0345086271567892 0.054
0 0.8278319579894974 0.57225 0.03825956489122281 0.0525
0 0.7936984246061516 0.52875 0.04276069017254314 0.0435
0 0.7749437359339835 0.41675 0.0345086271567892 0.0555
0 0.7920105026256564 0.46875 0.04388597149287322 0.0545
0 0.8197674418604651 0.48825 0.04088522130532633 0.0515
0 0.8328957239309828 0.51625 0.047636909227306824 0.0455
0 0.8212678169542386 0.39875 0.052138034508627154 0.0585
0 0.8407726931732933 0.44825 0.05288822205551388 0.0485
0 0.8552138034508627 0.48125 0.046511627906976744 0.0515
