0 0.25787696924231057 0.3825 0.10090022505626407 0.131
0 0.3447111777944486 0.38125 0.08852213053263316 0.1095
0 0.37471867966991745 0.26725 0.08627156789197299 0.1335
0 0.4578019504876219 0.3555 0.08139534883720931 0.118
0 0.2394973743435859 0.50675 0.10090022505626407 0.1175
0 0.3285821455363841 0.50425 0.08852213053263316 0.1175
0 0.4165416354088522 0.46375 0.08814703675918979 0.1025
0 0.48799699924981244 0.4825 0.072768192048012 0.094
0 0.2608777194298575 0.60825 0.08514628657164292 0.1105
0 0.34152288072018006 0.5945 0.07989497374343586 0.1
0 0.3919729932483121 0.63875 0.07726931732933233 0.0915
0 0.42610652663165793 0.559 0.08027006751687922 0.091
0 0.48612153038259565 0.55475 0.0555138784696174 0.0745
0 0.4711177794448612 0.65075 0.06976744186046512 0.0925
0 0.31189047261815456 0.73325 0.08139534883720931 0.1105
0 0.37471867966991745 0.78 0.08327081770442611 0.095
0 0.47074268567141786 0.804 0.08027006751687922 0.095
0 0.5146286571642911 0.83575 0.06751687921980495 0.0845
0 0.5496999249812453 0.786 0.052138034508627154 0.084
0 0.5288822205551388 0.7145 0.06301575393848462 0.09
0 0.5879594898724682 0.70775 0.0603900975243811 0.0795
0 0.5277569392348087 0.604 0.06526631657914479 0.083
0 0.6070892723180795 0.62275 0.06489122280570142 0.0865
0 0.6657914478619655 0.5865 0.06001500375093773 0.083
0 0.5607651912978244 0.53075 0.06376594148537135 0.0935
0 0.6175918979744937 0.513 0.0603900975243811 0.081
0 0.7239309827456865 0.59375 0.05326331582895724 0.0825
0 0.7117404351087772 0.53025 0.05588897224306077 0.0845
0 0.7545011252813203 0.52875 0.04538634658664666 0.0815
0 0.7436234058514629 0.4605 0.0536384096024006 0.082
0 0.7824456114028507 0.45625 0.03825956489122281 0.0685
0 0.7893848462115529 0.388 0.05288822205551388 0.086
0 0.668979744936234 0.45025 0.055138784696174045 0.0935
0 0.6160915228807202 0.4375 0.061890472618154536 0.093
0 0.5388222055513878 0.4405 0.06339084771192798 0.098
0 0.5948987246811703 0.36175 0.0690172543135784 0.1015
0 0.6579144786196549 0.36225 0.05776444111027757 0.0975
0 0.7591897974493623 0.3 0.05926481620405101 0.087
0 0.6854838709677419 0.29875 0.059639909977494375 0.0695
0 0.7057389347336834 0.21975 0.07014253563390847 0.1055
0 0.6059639909977494 0.257 0.06939234808702176 0.093
0 0.5285071267816954 0.26225 0.07126781695423856 0.1015
0 0.6069017254313578 0.171 0.072768192048012 0.11
0 0.5024381095273819 0.36125 0.06339084771192798 0.1055
