0 0.37509377344336087 0.15825 0.0345086271567892 0.0405
0 0.35202550637659413 0.18175 0.030382595648912228 0.0485
0 0.42291822955738934 0.187 0.032633158289572396 0.044
0 0.309264816204051 0.19925 0.03563390847711928 0.0475
0 0.34058514628657166 0.23325 0.029257314328582147 0.0425
0 0.36927981995498876 0.21825 0.032633158289572396 0.0435
0 0.39403600900225055 0.20575 0.028882220555138786 0.0395
0 0.4474868717179295 0.20975 0.03600900225056264 0.0425
0 0.2618154538634659 0.23 0.03600900225056264 0.047
0 0.28394598649662417 0.264 0.028507126781695424 0.044
0 0.31189047261815456 0.2545 0.028882220555138786 0.04
0 0.3420855213803451 0.2765 0.03375843960990248 0.037
0 0.3840960240060015 0.25425 0.030007501875468866 0.0435
0 0.41241560390097526 0.237 0.03188297074268567 0.039
0 0.4426106526631658 0.24925 0.03225806451612903 0.0405
0 0.4705551387846962 0.25075 0.024381095273818456 0.0415
0 0.3700300075018755 0.29475 0.025881470367591898 0.0425
0 0.22824456114028507 0.25725 0.03788447111777944 0.0435
0 0.1972993248312078 0.292 0.0345086271567892 0.039
0 0.2402475618904726 0.30775 0.032633158289572396 0.0395
0 0.2794448612153038 0.3095 0.037509377344336084 0.045
0 0.200112528132033 0.32875 0.03563390847711928 0.0395
0 0.3152663165791448 0.29925 0.03338334583645911 0.0405
0 0.34058514628657166 0.31575 0.033008252063015754 0.0425
0 0.3058889722430608 0.3375 0.03488372093023256 0.04
0 0.1693548387096774 0.3885 0.03188297074268567 0.045
0 0.20761440360090022 0.40325 0.028882220555138786 0.0445
0 0.14103525881470366 0.43125 0.033008252063015754 0.0405
0 0.18248312078019505 0.44 0.03338334583645911 0.045
0 0.263503375843961 0.3775 0.034133533383345835 0.04
0 0.29669917479369845 0.381 0.03375843960990248 0.04
0 0.24118529632408103 0.42125 0.03225806451612903 0.0405
0 0.2736309077269317 0.41075 0.032633158289572396 0.0365
0 0.28244561140285074 0.448 0.03225806451612903 0.038
0 0.2213053263315829 0.45925 0.035258814703675916 0.0385
0 0.15022505626406601 0.48325 0.03488372093023256 0.0435
0 0.20386346586646661 0.48975 0.032633158289572396 0.0435
0 0.23705926481620404 0.50425 0.035258814703675916 0.0415
0 0.14028507126781695 0.54625 0.033008252063015754 0.0405
0 0.17798199549887472 0.55375 0.03488372093023256 0.0375
0 0.22168042010502625 0.548 0.0345086271567892 0.037
0 0.14984996249062266 0.59775 0.03188297074268567 0.0425
0 0.19186046511627908 0.59125 0.03188297074268567 0.0335
0 0.19392348087021755 0.67175 0.033008252063015754 0.0395
0 0.22955738934733683 0.61275 0.030007501875468866 0.0355
0 0.25993998499624904 0.60625 0.030007501875468866 0.0385
0 0.23705926481620404 0.652 0.03150787696924231 0.037
0 0.3023255813953488 0.6125 0.0277569392348087 0.033
0 0.2550637659414854 0.533 0.03600900225056264 0.043
0 0.27156789197299325 0.49175 0.030007501875468866 0.0405
0 0.3143285821455364 0.43575 0.035258814703675916 0.0405
0 0.3100150037509377 0.47925 0.028882220555138786 0.0385
0 0.3336459114778695 0.46575 0.03188297074268567 0.0405
0 0.3006376594148537 0.51625 0.03113278319579895 0.0375
0 0.28750937734433607 0.5575 0.030382595648912228 0.038
0 0.31357839459864967 0.57425 0.030007501875468866 0.0405
0 0.33927231807951985 0.55325 0.03188297074268567 0.0405
0 0.34583645911477867 0.50575 0.02625656414103526 0.0325
0 0.3642160540135034 0.482 0.033008252063015754 0.044
0 0.33852213053263314 0.379 0.03188297074268567 0.039
0 0.35877719429857463 0.35975 0.02663165791447862 0.0425
0 0.38897224306076517 0.34225 0.02700675168792198 0.0415
0 0.39572393098274566 0.297 0.030007501875468866 0.04
0 0.422543135783946 0.27875 0.03188297074268567 0.0395
0 0.44561140285071266 0.292 0.0277569392348087 0.037
0 0.4262940735183796 0.32225 0.024381095273818456 0.0365
0 0.4204801200300075 0.3585 0.029257314328582147 0.036
0 0.39591147786946734 0.37975 0.02738184546136534 0.0315
0 0.37865716429107277 0.40675 0.03188297074268567 0.0335
0 0.34752438109527384 0.424 0.032633158289572396 0.037
0 0.3842835708927232 0.45275 0.028882220555138786 0.0335
0 0.4054763690922731 0.42175 0.029257314328582147 0.0325
0 0.42873218304576144 0.4015 0.029257314328582147 0.039
0 0.4433608402100525 0.37475 0.020255063765941484 0.0325
0 0.3822205551387847 0.549 0.030007501875468866 0.046
0 0.4032258064516129 0.48475 0.03075768942235559 0.0425
0 0.41935483870967744 0.44825 0.0277569392348087 0.0425
0 0.44711177794448614 0.443 0.0277569392348087 0.037
0 0.45723930982745686 0.40575 0.029257314328582147 0.0335
0 0.47449362340585144 0.3735 0.028507126781695424 0.041
0 0.4638034508627157 0.33625 0.032633158289572396 0.0405
0 0.48612153038259565 0.3025 0.0277569392348087 0.045
0 0.48255813953488375 0.2005 0.03113278319579895 0.037
0 0.5198799699924981 0.17675 0.03150787696924231 0.0435
0 0.5103150787696924 0.22475 0.03113278319579895 0.0435
0 0.4983120780195049 0.264 0.03113278319579895 0.035
0 0.5110652663165791 0.30325 0.02738184546136534 0.0385
0 0.5303825956489122 0.335 0.0277569392348087 0.04
0 0.5013128282070518 0.341 0.030382595648912228 0.039
0 0.5163165791447862 0.37875 0.02738184546136534 0.0315
0 0.4973743435858965 0.40225 0.02700675168792198 0.0385
0 0.48012003000750186 0.43075 0.029257314328582147 0.0395
0 0.5045011252813203 0.4465 0.03075768942235559 0.035
0 0.522880720180045 0.419 0.029257314328582147 0.04
0 0.45480120030007504 0.47775 0.029632408102025505 0.0305
0 0.48593398349587397 0.4815 0.024381095273818456 0.036
0 0.4654913728432108 0.508 0.028507126781695424 0.032
0 0.4932483120780195 0.526 0.02625656414103526 0.037
0 0.5211927981995499 0.4745 0.025881470367591898 0.037
0 0.5498874718679669 0.48125 0.028507126781695424 0.0425
0 0.5435108777194299 0.43625 0.024756189047261814 0.0375
0 0.5474493623405852 0.39575 0.028132033008252063 0.0325
0 0.5654538634658665 0.37375 0.025881470367591898 0.0325
0 0.5562640660165041 0.33975 0.024006001500375095 0.0335
0 0.5513878469617405 0.30825 0.02625656414103526 0.0335
0 0.5343210802700675 0.2835 0.025131282820705175 0.038
0 0.5521380345086272 0.2355 0.03075768942235559 0.038
0 0.5472618154538634 0.197 0.03075768942235559 0.039
0 0.5755813953488372 0.2155 0.025881470367591898 0.04
0 0.6157164291072769 0.19875 0.032633158289572396 0.0425
0 0.5896474118529632 0.24225 0.02700675168792198 0.0405
0 0.6070892723180795 0.2815 0.028132033008252063 0.034
0 0.5888972243060765 0.30175 0.028507126781695424 0.0355
0 0.596211552888222 0.34975 0.02663165791447862 0.0425
0 0.5913353338334584 0.40225 0.025131282820705175 0.0375
0 0.5714553638409603 0.42725 0.029632408102025505 0.0345
0 0.6027756939234808 0.42625 0.02250562640660165 0.0305
0 0.5733308327081771 0.4645 0.023630907726931733 0.038
0 0.6014628657164292 0.4575 0.023630907726931733 0.036
0 0.5808327081770442 0.50175 0.024381095273818456 0.0315
0 0.6016504126031508 0.514 0.02250562640660165 0.031
0 0.6159039759939985 0.483 0.024006001500375095 0.036
0 0.6222805701425357 0.44825 0.02175543885971493 0.0315
0 0.6175918979744937 0.37725 0.024381095273818456 0.0345
0 0.627344336084021 0.344 0.028132033008252063 0.033
0 0.6369092273068268 0.301 0.025506376594148537 0.044
0 0.6254688672168042 0.24375 0.028882220555138786 0.0325
0 0.6693548387096774 0.2025 0.025131282820705175 0.039
0 0.6571642910727682 0.24825 0.0277569392348087 0.0415
0 0.6854838709677419 0.2495 0.02738184546136534 0.035
0 0.6957989497374344 0.282 0.0277569392348087 0.037
0 0.6579144786196549 0.2925 0.02250562640660165 0.038
0 0.6927981995498874 0.3125 0.030007501875468866 0.038
0 0.6517254313578394 0.35475 0.023630907726931733 0.0435
0 0.6470367591897974 0.3945 0.0277569392348087 0.036
0 0.6562265566391597 0.41175 0.02138034508627157 0.0305
0 0.6687921980495124 0.4375 0.024006001500375095 0.032
0 0.6541635408852213 0.4575 0.024756189047261814 0.03
0 0.6837959489872468 0.46375 0.02250562640660165 0.0335
0 0.6607276819204801 0.4855 0.02213053263315829 0.028
0 0.6385971492873218 0.496 0.02738184546136534 0.031
0 0.6374718679669917 0.52225 0.025131282820705175 0.0235
0 0.6986121530382595 0.35425 0.023630907726931733 0.0315
0 0.691297824456114 0.373 0.0277569392348087 0.038
0 0.7070517629407351 0.42625 0.028507126781695424 0.0345
0 0.7068642160540135 0.513 0.03188297074268567 0.038
0 0.7192423105776444 0.28575 0.02738184546136534 0.0295
0 0.7192423105776444 0.31775 0.024381095273818456 0.0385
0 0.7396849212303076 0.343 0.03075768942235559 0.04
0 0.7421230307576894 0.3755 0.025131282820705175 0.029
0 0.7258064516129032 0.40425 0.024006001500375095 0.0425
0 0.746436609152288 0.40425 0.02175543885971493 0.0335
0 0.7387471867966992 0.4465 0.025131282820705175 0.035
0 0.7374343585896475 0.4855 0.025506376594148537 0.035
0 0.7580645161290323 0.49425 0.023255813953488372 0.0345
0 0.7498124531132783 0.5225 0.02175543885971493 0.028
0 0.7299324831207802 0.5425 0.024006001500375095 0.033
0 0.7610652663165791 0.2695 0.02625656414103526 0.035
0 0.7659414853713429 0.30775 0.0277569392348087 0.0375
0 0.7923855963990998 0.30875 0.023630907726931733 0.0395
0 0.7696924231057765 0.343 0.02625656414103526 0.038
0 0.7824456114028507 0.382 0.025506376594148537 0.038
0 0.7854463615903976 0.4315 0.024756189047261814 0.028
0 0.7828207051762941 0.462 0.029257314328582147 0.032
0 0.7809452363090773 0.481 0.02250562640660165 0.024
0 0.7965116279069767 0.47725 0.015378844711177795 0.0295
0 0.8117029257314329 0.51225 0.02625656414103526 0.0355
0 0.8388972243060765 0.525 0.024381095273818456 0.033
0 0.8289572393098275 0.48725 0.02175543885971493 0.0345
0 0.8304576144036009 0.44725 0.024006001500375095 0.0365
0 0.8117029257314329 0.4225 0.025506376594148537 0.036
0 0.8600900225056264 0.443 0.024756189047261814 0.032
0 0.8818454613653414 0.41175 0.02250562640660165 0.0345
0 0.8381470367591898 0.40925 0.020630157539384845 0.0315
0 0.8302700675168793 0.38375 0.028882220555138786 0.0355
0 0.8600900225056264 0.36975 0.028507126781695424 0.0345
0 0.8681545386346586 0.38625 0.02213053263315829 0.0245
0 0.8169542385596399 0.347 0.030007501875468866 0.035
0 0.8402100525131283 0.317 0.02625656414103526 0.037
