0 0.28169542385596397 0.173 0.08177044261065267 0.11
0 0.14384846211552887 0.303 0.08289572393098274 0.112
0 0.23705926481620404 0.27625 0.08402100525131283 0.0995
0 0.3445236309077269 0.209 0.07464366091522881 0.112
0 0.30045011252813203 0.303 0.07576894223555888 0.114
0 0.2106151537884471 0.37575 0.07989497374343586 0.0965
0 0.1417854463615904 0.44275 0.08102025506376594 0.1075
0 0.14534883720930233 0.5665 0.08214553638409602 0.085
0 0.13259564891222805 0.6795 0.08214553638409602 0.096
0 0.1744186046511628 0.7575 0.06826706676669167 0.104
0 0.2548762190547637 0.80925 0.07689422355588897 0.0985
0 0.254126031507877 0.72675 0.08289572393098274 0.1045
0 0.2374343585896474 0.59775 0.08477119279819954 0.1115
0 0.22280570142535633 0.4845 0.08702175543885972 0.119
0 0.28507126781695424 0.4235 0.09602400600150038 0.111
0 0.30120030007501875 0.525 0.08177044261065267 0.094
0 0.3252063015753939 0.631 0.08027006751687922 0.104
0 0.354463615903976 0.7385 0.08327081770442611 0.103
0 0.3244561140285071 0.85925 0.08177044261065267 0.0975
0 0.40097524381095273 0.926 0.09227306826706677 0.088
0 0.47074268567141786 0.936 0.08177044261065267 0.08
0 0.3934733683420855 0.8055 0.08327081770442611 0.085
0 0.4606151537884471 0.8545 0.08252063015753938 0.099
0 0.576331582895724 0.952 0.07464366091522881 0.088
0 0.41916729182295576 0.1305 0.07989497374343586 0.097
0 0.46249062265566393 0.216 0.08252063015753938 0.106
0 0.404351087771943 0.323 0.07501875468867217 0.114
0 0.36946736684171044 0.458 0.07426856714178545 0.108
0 0.5204426106526632 0.11575 0.07989497374343586 0.1065
0 0.5960240060015004 0.12525 0.08477119279819954 0.1075
0 0.540510127531883 0.2295 0.08327081770442611 0.105
0 0.5003750937734434 0.3275 0.08702175543885972 0.104
0 0.4519879969992498 0.41425 0.08177044261065267 0.1055
0 0.4174793698424606 0.551 0.08477119279819954 0.099
0 0.4197299324831208 0.64725 0.09452363090772693 0.0985
0 0.4465491372843211 0.743 0.07614403600900226 0.098
0 0.6477869467366841 0.8825 0.08177044261065267 0.095
0 0.7216804201050263 0.84825 0.08102025506376594 0.1015
0 0.5678919729932483 0.8515 0.08252063015753938 0.093
0 0.5211927981995499 0.78425 0.08364591147786947 0.0965
0 0.7031132783195799 0.752 0.08064516129032258 0.106
0 0.6222805701425357 0.76975 0.08252063015753938 0.1055
0 0.5768942235558889 0.6965 0.08777194298574643 0.104
0 0.5159414853713429 0.6515 0.08289572393098274 0.115
0 0.7346211552888222 0.66975 0.07239309827456865 0.1055
0 0.6470367591897974 0.65875 0.08402100525131283 0.1035
0 0.5802700675168793 0.5965 0.08852213053263316 0.101
0 0.5015003750937734 0.51325 0.09227306826706677 0.1115
0 0.7576894223555889 0.5705 0.08477119279819954 0.096
0 0.6755438859714928 0.56075 0.08477119279819954 0.1025
0 0.6001500375093773 0.49875 0.08102025506376594 0.1015
0 0.5395723930982745 0.42025 0.09039759939984997 0.1105
0 0.6742310577644411 0.1935 0.08214553638409602 0.109
0 0.6177794448612153 0.29325 0.09377344336084022 0.1135
0 0.6310952738184546 0.3955 0.08514628657164292 0.121
0 0.6924231057764441 0.29925 0.08252063015753938 0.1185
0 0.767066766691673 0.2575 0.08027006751687922 0.107
0 0.8705926481620405 0.27525 0.08852213053263316 0.1235
0 0.7738184546136534 0.35575 0.08777194298574643 0.1185
0 0.8552138034508627 0.387 0.07876969242310577 0.112
0 0.7061140285071268 0.458 0.08889722430607652 0.103
0 0.7839459864966242 0.4625 0.08477119279819954 0.101
