0 0.07351837959489872 0.44875 0.03825956489122281 0.0475
0 0.11609152288072018 0.40825 0.034133533383345835 0.0495
0 0.14403600900225055 0.4305 0.03225806451612903 0.048
0 0.1464741185296324 0.3645 0.038634658664666165 0.048
0 0.14253563390847712 0.485 0.03600900225056264 0.05
0 0.0918979744936234 0.50375 0.03675918979744936 0.0455
0 0.11384096024006002 0.54325 0.030382595648912228 0.0575
0 0.07914478619654913 0.56225 0.03225806451612903 0.0435
0 0.11309077269317329 0.59325 0.038634658664666165 0.0465
0 0.07689422355588897 0.61475 0.037509377344336084 0.0475
0 0.09377344336084022 0.67925 0.03150787696924231 0.0535
0 0.11927981995498875 0.70025 0.035258814703675916 0.0455
0 0.12171792948237059 0.735 0.041635408852213056 0.045
0 0.13934733683420855 0.7635 0.04013503375843961 0.051
0 0.15941485371342837 0.6965 0.03975993998499625 0.047
0 0.1791072768192048 0.7605 0.032633158289572396 0.051
0 0.19392348087021755 0.6995 0.03075768942235559 0.043
0 0.22280570142535633 0.6875 0.03075768942235559 0.049
0 0.20086271567891972 0.63725 0.03563390847711928 0.0465
0 0.24681170292573143 0.629 0.0345086271567892 0.057
0 0.2231807951987997 0.592 0.042010502625656414 0.044
0 0.2595648912228057 0.56275 0.037509377344336084 0.0495
0 0.19748687171792947 0.54525 0.03563390847711928 0.0515
0 0.1693548387096774 0.581 0.037134283570892726 0.053
0 0.17479369842460615 0.53575 0.024756189047261814 0.0475
0 0.18192048012003 0.49025 0.03975993998499625 0.0475
0 0.18979744936234058 0.44425 0.03600900225056264 0.0445
0 0.18360840210052512 0.4015 0.030382595648912228 0.056
0 0.13053263315828958 0.3125 0.0345086271567892 0.053
0 0.19561140285071268 0.351 0.03113278319579895 0.05
0 0.22768192048012004 0.36475 0.03900975243810953 0.0495
0 0.22955738934733683 0.41275 0.03900975243810953 0.0475
0 0.2231807951987997 0.466 0.0450112528132033 0.042
0 0.2479369842460615 0.50925 0.04351087771942986 0.0495
0 0.2914478619654914 0.477 0.03600900225056264 0.058
0 0.24174793698424607 0.31775 0.04013503375843961 0.0465
0 0.27719429857464367 0.3425 0.037509377344336084 0.044
0 0.25543885971492875 0.2765 0.03675918979744936 0.047
0 0.2852588147036759 0.295 0.036384096024006 0.052
0 0.2794448612153038 0.24525 0.04051012753188297 0.0515
0 0.30513878469617406 0.20525 0.046136534133533386 0.0605
0 0.3353338334583646 0.26925 0.03825956489122281 0.0535
0 0.3210802700675169 0.31975 0.03225806451612903 0.0505
0 0.31114028507126784 0.364 0.037134283570892726 0.057
0 0.2702550637659415 0.389 0.03113278319579895 0.052
0 0.29932483120780196 0.42525 0.03975993998499625 0.0495
0 0.32989497374343585 0.45225 0.03938484621155289 0.0515
0 0.34058514628657166 0.40925 0.03225806451612903 0.0505
0 0.25731432858214554 0.70275 0.0345086271567892 0.0445
0 0.2719429857464366 0.6675 0.035258814703675916 0.05
0 0.2929482370592648 0.71025 0.03600900225056264 0.0475
0 0.24193548387096775 0.789 0.03900975243810953 0.046
0 0.272880720180045 0.772 0.03113278319579895 0.05
0 0.313953488372093 0.7345 0.037509377344336084 0.047
0 0.32314328582145535 0.7 0.03938484621155289 0.057
0 0.32389347336834207 0.80825 0.03563390847711928 0.0515
0 0.304013503375844 0.80425 0.024381095273818456 0.0475
0 0.36365341335333834 0.8175 0.03188297074268567 0.057
0 0.31114028507126784 0.65 0.03563390847711928 0.043
0 0.30682670667666917 0.613 0.037509377344336084 0.051
0 0.3066391597899475 0.54625 0.032633158289572396 0.0515
0 0.3402100525131283 0.5605 0.033008252063015754 0.053
0 0.3531507876969242 0.5215 0.034133533383345835 0.054
0 0.36552888222055513 0.20525 0.037134283570892726 0.0555
0 0.3977869467366842 0.18775 0.038634658664666165 0.0615
0 0.423105776444111 0.14425 0.04351087771942986 0.0565
0 0.43904726181545384 0.212 0.03563390847711928 0.065
0 0.45836459114778694 0.167 0.035258814703675916 0.055
0 0.4711177794448612 0.21625 0.037509377344336084 0.0675
0 0.49381095273818454 0.1575 0.036384096024006 0.061
0 0.5120030007501876 0.24525 0.0450112528132033 0.0575
0 0.37959489872468116 0.27175 0.047261815453863466 0.0545
0 0.36852963240810205 0.32025 0.04538634658664666 0.0475
0 0.3565266316579145 0.35725 0.04688672168042011 0.0475
0 0.3659039759939985 0.406 0.036384096024006 0.057
0 0.40172543135783945 0.36975 0.03675918979744936 0.0585
0 0.3754688672168042 0.4585 0.03900975243810953 0.051
0 0.3784696174043511 0.5025 0.037509377344336084 0.046
0 0.3741560390097524 0.563 0.038634658664666165 0.056
0 0.36102775693923483 0.60125 0.03488372093023256 0.0455
0 0.3454613653413353 0.666 0.03600900225056264 0.051
0 0.3715303825956489 0.68225 0.03338334583645911 0.0445
0 0.3825956489122281 0.63 0.037509377344336084 0.047
0 0.3970367591897975 0.65575 0.034133533383345835 0.0445
0 0.372655663915979 0.7515 0.03563390847711928 0.047
0 0.39422355588897223 0.74 0.03900975243810953 0.04
0 0.39234808702175544 0.804 0.037509377344336084 0.037
0 0.41429107276819205 0.7895 0.03938484621155289 0.043
0 0.4032258064516129 0.82625 0.03675918979744936 0.0365
0 0.44017254313578397 0.8595 0.038634658664666165 0.054
0 0.4452363090772693 0.8075 0.03975993998499625 0.04
0 0.4414853713428357 0.73425 0.0345086271567892 0.0475
0 0.463615903975994 0.769 0.035258814703675916 0.045
0 0.4881845461365341 0.807 0.036384096024006 0.048
0 0.4782445611402851 0.7455 0.04051012753188297 0.05
0 0.4855588897224306 0.85175 0.032633158289572396 0.0455
0 0.4307951987996999 0.69125 0.03788447111777944 0.0425
0 0.4482370592648162 0.644 0.037509377344336084 0.052
0 0.43042010502625655 0.60775 0.03563390847711928 0.0555
0 0.4696174043510878 0.617 0.03375843960990248 0.054
0 0.46324081020255065 0.5625 0.04351087771942986 0.043
0 0.41935483870967744 0.524 0.033008252063015754 0.049
0 0.44298574643660915 0.51225 0.035258814703675916 0.0465
0 0.4782445611402851 0.51575 0.035258814703675916 0.0515
0 0.4199174793698425 0.48375 0.04088522130532633 0.0575
0 0.41785446361590395 0.43125 0.03900975243810953 0.0445
0 0.4551762940735184 0.4445 0.03563390847711928 0.046
0 0.4450487621905476 0.403 0.032633158289572396 0.04
0 0.436046511627907 0.35425 0.038634658664666165 0.0485
0 0.41260315078769694 0.3125 0.04126031507876969 0.051
0 0.42779444861215304 0.27325 0.04538634658664666 0.0555
0 0.45930232558139533 0.31525 0.04013503375843961 0.0555
0 0.4741185296324081 0.37075 0.0345086271567892 0.0545
0 0.4894973743435859 0.294 0.042010502625656414 0.061
0 0.5253188297074268 0.30775 0.03938484621155289 0.0555
0 0.5144411102775694 0.35575 0.04838709677419355 0.0505
0 0.5286946736684172 0.40425 0.03788447111777944 0.0525
0 0.48780945236309076 0.42325 0.043135783945986494 0.0515
0 0.5039384846211553 0.47025 0.046136534133533386 0.0525
0 0.5206301575393848 0.50325 0.04276069017254314 0.0465
0 0.5129407351837959 0.555 0.04013503375843961 0.048
0 0.508814703675919 0.60075 0.03488372093023256 0.0485
0 0.5084396099024756 0.65475 0.03788447111777944 0.0505
0 0.49174793698424607 0.6825 0.03675918979744936 0.047
0 0.527569392348087 0.683 0.03563390847711928 0.05
0 0.5204426106526632 0.73075 0.03788447111777944 0.0435
0 0.5238184546136534 0.911 0.04088522130532633 0.049
0 0.5433233308327082 0.921 0.03488372093023256 0.043
0 0.5757689422355589 0.92625 0.03375843960990248 0.0435
0 0.5887096774193549 0.89475 0.03788447111777944 0.0465
0 0.6155288822205551 0.904 0.033008252063015754 0.042
0 0.6325956489122281 0.8795 0.03188297074268567 0.047
0 0.5335708927231808 0.84625 0.03563390847711928 0.0405
0 0.555701425356339 0.862 0.03113278319579895 0.043
0 0.5703300825206301 0.82825 0.029632408102025505 0.0455
0 0.5992123030757689 0.8155 0.04088522130532633 0.054
0 0.6376594148537135 0.836 0.03975993998499625 0.046
0 0.6620405101275318 0.855 0.03225806451612903 0.043
0 0.5534508627156789 0.77575 0.036384096024006 0.0465
0 0.5549512378094523 0.7235 0.036384096024006 0.041
0 0.5978994748687172 0.73675 0.03825956489122281 0.0465
0 0.6189047261815454 0.77 0.03675918979744936 0.045
0 0.5658289572393098 0.676 0.038634658664666165 0.052
0 0.5920855213803451 0.6645 0.04238559639909977 0.048
0 0.6042760690172543 0.69275 0.03600900225056264 0.0485
0 0.6442235558889723 0.72875 0.041635408852213056 0.0505
0 0.6562265566391597 0.76475 0.03938484621155289 0.0435
0 0.6674793698424606 0.805 0.036384096024006 0.05
0 0.5521380345086272 0.6255 0.03975993998499625 0.047
0 0.5444486121530383 0.575 0.03488372093023256 0.049
0 0.5635783945986497 0.537 0.03788447111777944 0.051
0 0.5830832708177044 0.59375 0.03788447111777944 0.0525
0 0.6198424606151538 0.6155 0.037134283570892726 0.058
0 0.6515378844711178 0.599 0.04126031507876969 0.054
0 0.6596024006001501 0.64225 0.04688672168042011 0.0435
0 0.5785821455363841 0.4915 0.03938484621155289 0.052
0 0.5978994748687172 0.543 0.0345086271567892 0.048
0 0.6325956489122281 0.553 0.036384096024006 0.061
0 0.6676669167291823 0.561 0.04351087771942986 0.062
0 0.6641035258814704 0.51175 0.04538634658664666 0.0505
0 0.6129032258064516 0.4855 0.03900975243810953 0.054
0 0.5660165041260315 0.44625 0.03900975243810953 0.0565
0 0.5737059264816204 0.39775 0.041635408852213056 0.0545
0 0.605026256564141 0.4265 0.04426106526631658 0.049
0 0.5609527381845462 0.3415 0.043135783945986494 0.05
0 0.6183420855213804 0.37325 0.046136534133533386 0.0575
0 0.6509752438109527 0.403 0.04463615903975994 0.051
0 0.6569767441860465 0.453 0.04088522130532633 0.05
0 0.5645161290322581 0.2945 0.03825956489122281 0.051
0 0.5969617404351087 0.316 0.043135783945986494 0.057
0 0.6378469617404351 0.30625 0.04013503375843961 0.0575
0 0.5532633158289573 0.2305 0.04351087771942986 0.062
0 0.6082145536384096 0.2635 0.04238559639909977 0.051
0 0.6579144786196549 0.2585 0.0450112528132033 0.05
0 0.5331957989497375 0.19425 0.04238559639909977 0.0565
0 0.590960240060015 0.21425 0.041635408852213056 0.0535
0 0.6292198049512379 0.211 0.03338334583645911 0.052
0 0.6609152288072018 0.20775 0.0555138784696174 0.0605
0 0.5401350337584396 0.11225 0.04276069017254314 0.0555
0 0.5585146286571643 0.153 0.03975993998499625 0.06
0 0.6078394598649662 0.15025 0.041635408852213056 0.0565
0 0.5892723180795199 0.09925 0.046511627906976744 0.0565
0 0.5645161290322581 0.06275 0.03600900225056264 0.0585
0 0.6140285071267817 0.04025 0.047261815453863466 0.0525
0 0.6382220555138785 0.09125 0.046136534133533386 0.0525
0 0.6515378844711178 0.141 0.042010502625656414 0.065
0 0.7014253563390848 0.05225 0.04876219054763691 0.0575
0 0.7481245311327832 0.07 0.04238559639909977 0.058
0 0.6927981995498874 0.13325 0.03900975243810953 0.0545
0 0.7214928732183046 0.17025 0.043135783945986494 0.0515
0 0.741185296324081 0.13825 0.03975993998499625 0.0575
0 0.7886346586646662 0.16775 0.037134283570892726 0.0575
0 0.7184921230307577 0.2325 0.04688672168042011 0.057
0 0.7706301575393848 0.22 0.043135783945986494 0.059
0 0.804013503375844 0.2585 0.04088522130532633 0.053
0 0.8516504126031508 0.2435 0.04538634658664666 0.062
0 0.6836084021005251 0.31375 0.04463615903975994 0.0575
0 0.7199924981245311 0.3275 0.03788447111777944 0.062
0 0.7593773443360841 0.3285 0.043135783945986494 0.06
0 0.8043885971492873 0.31825 0.03788447111777944 0.0545
0 0.6884846211552889 0.3695 0.03788447111777944 0.055
0 0.7166166541635409 0.3835 0.04238559639909977 0.057
0 0.6914853713428357 0.424 0.03563390847711928 0.053
0 0.695423855963991 0.47825 0.04126031507876969 0.0555
0 0.7372468117029257 0.48925 0.04538634658664666 0.0565
0 0.7196174043510878 0.54125 0.04013503375843961 0.0505
0 0.7049887471867967 0.60325 0.036384096024006 0.0625
0 0.6723555888972244 0.68525 0.041635408852213056 0.0505
0 0.714178544636159 0.686 0.042010502625656414 0.057
0 0.691297824456114 0.732 0.03975993998499625 0.048
0 0.7269317329332333 0.7405 0.03900975243810953 0.05
0 0.7171792948237059 0.82 0.04576144036009002 0.053
0 0.6914853713428357 0.83875 0.03113278319579895 0.0445
0 0.7085521380345087 0.8795 0.03675918979744936 0.051
0 0.6532258064516129 0.93875 0.038634658664666165 0.0515
0 0.6905476369092273 0.95375 0.03600900225056264 0.0385
0 0.7372468117029257 0.82825 0.03188297074268567 0.0455
0 0.7696924231057765 0.83075 0.0345086271567892 0.0465
0 0.7995123780945236 0.79375 0.037134283570892726 0.0435
0 0.7715678919729932 0.7465 0.03825956489122281 0.048
0 0.8111402850712678 0.7535 0.04088522130532633 0.048
0 0.8700300075018754 0.78125 0.041635408852213056 0.0425
0 0.8392723180795199 0.72475 0.041635408852213056 0.0455
0 0.9262940735183796 0.80525 0.04913728432108027 0.0555
0 0.9097899474868717 0.71575 0.04688672168042011 0.0595
0 0.7985746436609152 0.69125 0.04126031507876969 0.0425
0 0.753563390847712 0.6615 0.05401350337584396 0.065
0 0.8085146286571643 0.6615 0.04238559639909977 0.047
0 0.7700675168792198 0.6085 0.042010502625656414 0.054
0 0.8030757689422355 0.60025 0.04051012753188297 0.0535
0 0.8394598649662416 0.62275 0.04051012753188297 0.0555
0 0.9276069017254314 0.636 0.04051012753188297 0.06
0 0.9120405101275318 0.6545 0.032633158289572396 0.035
0 0.7573143285821455 0.5425 0.04351087771942986 0.055
0 0.7888222055513878 0.51425 0.04051012753188297 0.0495
0 0.8272693173293323 0.55825 0.04238559639909977 0.0605
0 0.8572768192048013 0.54275 0.04388597149287322 0.0595
0 0.8900975243810952 0.567 0.04276069017254314 0.051
0 0.7490622655663915 0.44675 0.03975993998499625 0.0625
0 0.7901350337584396 0.46725 0.043135783945986494 0.0555
0 0.8357089272318079 0.48325 0.04051012753188297 0.0435
0 0.7590022505626407 0.37825 0.04238559639909977 0.0425
0 0.809264816204051 0.40275 0.047636909227306824 0.0605
0 0.8447111777944486 0.4425 0.051762940735183796 0.061
0 0.8383345836459115 0.37225 0.046511627906976744 0.0545
0 0.8677794448612153 0.40375 0.038634658664666165 0.0495
0 0.9052888222055514 0.44 0.04088522130532633 0.06
0 0.8863465866466617 0.48675 0.04876219054763691 0.0565
0 0.8478994748687172 0.29475 0.037134283570892726 0.0615
0 0.858027006751688 0.336 0.04463615903975994 0.046
0 0.878469617404351 0.28775 0.03675918979744936 0.0595
0 0.9067891972993248 0.2655 0.041635408852213056 0.058
0 0.9262940735183796 0.31125 0.03938484621155289 0.0505
0 0.9264816204051013 0.36 0.05101275318829707 0.055
0 0.9611777944486122 0.42875 0.05138784696174044 0.0535
0 0.9638034508627157 0.476 0.03938484621155289 0.047
0 0.9306076519129782 0.4865 0.03375843960990248 0.057
0 0.9232933233308327 0.532 0.046136534133533386 0.041
0 0.9720555138784697 0.536 0.046136534133533386 0.059
0 0.9469242310577645 0.57675 0.04538634658664666 0.0495
0 0.9619279819954989 0.61475 0.036384096024006 0.0495
0 0.037509377344336084 0.59125 0.029257314328582147 0.0445
