0 0.15472618154538634 0.624 0.052138034508627154 0.077
0 0.2288072018004501 0.57025 0.056264066016504126 0.0665
0 0.20142535633908476 0.4825 0.05926481620405101 0.07
0 0.24268567141785446 0.453 0.056264066016504126 0.08
0 0.25881470367591897 0.519 0.06151537884471118 0.063
0 0.2779444861215304 0.589 0.046511627906976744 0.074
0 0.2423105776444111 0.64 0.05401350337584396 0.071
0 0.2903225806451613 0.66025 0.04876219054763691 0.0685
0 0.2516879219804951 0.71075 0.04426106526631658 0.0615
0 0.2233683420855214 0.6605 0.04988747186796699 0.054
0 0.2921980495123781 0.724 0.05326331582895724 0.057
0 0.38840960240060013 0.746 0.050637659414853715 0.054
0 0.4120405101275319 0.772 0.03563390847711928 0.054
0 0.4503000750187547 0.7865 0.055138784696174045 0.071
0 0.4011627906976744 0.70575 0.056639159789947484 0.0615
0 0.3257689422355589 0.5475 0.055138784696174045 0.06
0 0.34171042760690173 0.6015 0.05401350337584396 0.06
0 0.3825956489122281 0.6385 0.0555138784696174 0.069
0 0.4283570892723181 0.60775 0.05101275318829707 0.0625
0 0.39741185296324083 0.5485 0.055138784696174045 0.067
0 0.3561515378844711 0.49725 0.04913728432108027 0.0695
0 0.313953488372093 0.46125 0.05101275318829707 0.0615
0 0.33833458364591146 0.40525 0.058514628657164294 0.0685
0 0.26800450112528135 0.37925 0.061140285071267814 0.0765
0 0.3741560390097524 0.335 0.05888972243060765 0.072
0 0.39309827456864216 0.4195 0.04951237809452363 0.068
0 0.4418604651162791 0.4195 0.04951237809452363 0.073
0 0.4157914478619655 0.49375 0.055138784696174045 0.0595
0 0.46999249812453114 0.48875 0.05101275318829707 0.0675
0 0.44992498124531133 0.54275 0.055138784696174045 0.0635
0 0.49006001500375096 0.59725 0.05438859714928732 0.0635
0 0.5031882970742686 0.5285 0.050637659414853715 0.065
0 0.536946736684171 0.61125 0.04388597149287322 0.0745
0 0.5662040510127532 0.56625 0.056639159789947484 0.0675
0 0.5648912228057015 0.493 0.04801200300075019 0.069
0 0.509939984996249 0.42525 0.05588897224306077 0.0705
0 0.5547636909227307 0.39725 0.0555138784696174 0.0735
0 0.45236309077269315 0.33625 0.05701425356339085 0.0755
0 0.4167291822955739 0.27925 0.0555138784696174 0.0665
0 0.43810952738184544 0.22025 0.0622655663915979 0.0745
0 0.4827456864216054 0.27625 0.06001500375093773 0.0785
0 0.5380720180045011 0.287 0.0536384096024006 0.073
0 0.5622655663915979 0.22575 0.060765191297824456 0.0815
0 0.5903975993998499 0.27275 0.04951237809452363 0.0765
0 0.5465116279069767 0.10525 0.04951237809452363 0.0825
0 0.5954613653413353 0.14825 0.0536384096024006 0.0685
0 0.631470367591898 0.20825 0.047636909227306824 0.0745
0 0.6905476369092273 0.166 0.05476369092273068 0.081
0 0.7349962490622656 0.2185 0.052138034508627154 0.067
0 0.7788822205551388 0.23725 0.052138034508627154 0.0625
0 0.7119279819954989 0.287 0.046511627906976744 0.076
0 0.6534133533383346 0.285 0.05701425356339085 0.06
0 0.5982745686421606 0.36275 0.05776444111027757 0.0655
0 0.5101275318829708 0.343 0.05101275318829707 0.068
0 0.6147786946736684 0.42275 0.05101275318829707 0.0605
0 0.6721680420105026 0.37775 0.06001500375093773 0.0875
0 0.6832333083270817 0.4355 0.04688672168042011 0.049
0 0.7149287321830458 0.37125 0.05026256564141035 0.0745
0 0.7374343585896475 0.40575 0.05326331582895724 0.0635
0 0.7439984996249063 0.33375 0.05138784696174044 0.0705
0 0.7865716429107277 0.35575 0.046511627906976744 0.0685
0 0.8122655663915979 0.295 0.04538634658664666 0.07
0 0.8364591147786947 0.3645 0.05476369092273068 0.071
0 0.8627156789197299 0.429 0.04876219054763691 0.067
0 0.7942610652663166 0.42575 0.050637659414853715 0.0665
0 0.7192423105776444 0.47675 0.04388597149287322 0.0585
0 0.7790697674418605 0.49075 0.046511627906976744 0.0675
0 0.6815453863465867 0.499 0.05026256564141035 0.065
0 0.7168042010502625 0.534 0.04276069017254314 0.067
0 0.6164666166541636 0.498 0.055138784696174045 0.068
0 0.6500375093773444 0.57025 0.051762940735183796 0.0725
0 0.6931732933233309 0.584 0.05251312828207052 0.079
0 0.6003375843960991 0.601 0.05138784696174044 0.067
0 0.6352213053263316 0.6175 0.04088522130532633 0.047
0 0.7456864216054013 0.6285 0.051762940735183796 0.061
0 0.7740060015003751 0.56975 0.047636909227306824 0.0685
0 0.8360840210052514 0.5485 0.051762940735183796 0.067
0 0.8630907726931732 0.4955 0.05101275318829707 0.068
0 0.8876594148537135 0.57325 0.050637659414853715 0.0705
0 0.84152288072018 0.6185 0.05588897224306077 0.074
0 0.7965116279069767 0.6605 0.05588897224306077 0.066
0 0.7871342835708928 0.71025 0.03788447111777944 0.0575
0 0.7981995498874719 0.7675 0.051762940735183796 0.063
0 0.7505626406601651 0.70225 0.05026256564141035 0.0685
0 0.7434358589647412 0.76025 0.05101275318829707 0.0615
0 0.7126781695423856 0.676 0.051762940735183796 0.06
0 0.6731057764441111 0.7195 0.055138784696174045 0.073
0 0.704801200300075 0.73775 0.04876219054763691 0.0655
0 0.6357839459864967 0.75875 0.04801200300075019 0.0625
0 0.5933983495873969 0.71275 0.04951237809452363 0.0545
0 0.5536384096024006 0.689 0.05026256564141035 0.064
0 0.5166916729182296 0.73775 0.05138784696174044 0.0705
0 0.5840210052513128 0.76675 0.05101275318829707 0.0665
0 0.8606526631657915 0.68775 0.0536384096024006 0.0605
0 0.8473368342085521 0.7425 0.04801200300075019 0.059
0 0.8992873218304576 0.708 0.034133533383345835 0.063
0 0.9094148537134283 0.64425 0.04688672168042011 0.0665
