0 0.21680420105026257 0.50025 0.02700675168792198 0.0305
0 0.23462115528882221 0.48325 0.03113278319579895 0.0335
0 0.22486871717929482 0.4535 0.030382595648912228 0.036
0 0.22243060765191297 0.42175 0.023255813953488372 0.0335
0 0.2259939984996249 0.39025 0.023630907726931733 0.0355
0 0.25225056264066015 0.41925 0.03113278319579895 0.0385
0 0.25431357839459867 0.3625 0.02625656414103526 0.033
0 0.25375093773443363 0.32125 0.02738184546136534 0.0315
0 0.2693173293323331 0.38925 0.024756189047261814 0.0335
0 0.2865716429107277 0.33575 0.024756189047261814 0.0305
0 0.313390847711928 0.309 0.02738184546136534 0.034
0 0.32239309827456863 0.34025 0.028882220555138786 0.0315
0 0.29276069017254314 0.382 0.024381095273818456 0.039
0 0.31564141035258814 0.37275 0.028132033008252063 0.0345
0 0.2828207051762941 0.42075 0.023255813953488372 0.0365
0 0.2614403600900225 0.45375 0.024006001500375095 0.0385
0 0.2794448612153038 0.48825 0.02700675168792198 0.0355
0 0.24568642160540136 0.52025 0.028507126781695424 0.0395
0 0.23912228057014254 0.562 0.029632408102025505 0.035
0 0.2603150787696924 0.59225 0.0277569392348087 0.0375
0 0.2526256564141035 0.6205 0.019879969992498126 0.035
0 0.2608777194298575 0.642 0.028132033008252063 0.041
0 0.2751312828207052 0.6785 0.02663165791447862 0.033
0 0.29932483120780196 0.65325 0.0277569392348087 0.0375
0 0.2835708927231808 0.61825 0.033008252063015754 0.0315
0 0.31864216054013506 0.62125 0.02663165791447862 0.0375
0 0.3047636909227307 0.58625 0.023630907726931733 0.0355
0 0.28582145536384096 0.5645 0.0277569392348087 0.035
0 0.2726931732933233 0.52975 0.02700675168792198 0.0365
0 0.29351087771942985 0.51625 0.028132033008252063 0.0355
0 0.3117029257314329 0.48325 0.033008252063015754 0.0335
0 0.3023255813953488 0.4585 0.030007501875468866 0.036
0 0.30682670667666917 0.41125 0.029257314328582147 0.0345
0 0.32389347336834207 0.43725 0.03188297074268567 0.0335
0 0.3302700675168792 0.39175 0.02213053263315829 0.0335
0 0.3437734433608402 0.419 0.02663165791447862 0.033
0 0.3574643660915229 0.454 0.02625656414103526 0.033
0 0.3379594898724681 0.475 0.024006001500375095 0.044
0 0.34602400600150035 0.50075 0.025881470367591898 0.0355
0 0.3244561140285071 0.51975 0.030007501875468866 0.0345
0 0.36946736684171044 0.48575 0.029257314328582147 0.0405
0 0.3799699924981245 0.51225 0.02700675168792198 0.0295
0 0.36927981995498876 0.421 0.025881470367591898 0.033
0 0.3833458364591148 0.458 0.02625656414103526 0.033
0 0.4036009002250563 0.47775 0.02625656414103526 0.0325
0 0.3488372093023256 0.378 0.024756189047261814 0.033
0 0.36515378844711177 0.39025 0.02663165791447862 0.0305
0 0.3467741935483871 0.32025 0.02288072018004501 0.0295
0 0.36084021005251316 0.346 0.025506376594148537 0.034
0 0.3724681170292573 0.3095 0.028507126781695424 0.035
0 0.38728432108027006 0.33775 0.030382595648912228 0.0315
0 0.3962865716429107 0.3725 0.02663165791447862 0.027
0 0.39422355588897223 0.41125 0.024756189047261814 0.0325
0 0.4060390097524381 0.3255 0.025131282820705175 0.018
0 0.4174793698424606 0.3405 0.029257314328582147 0.033
0 0.4324831207801951 0.33475 0.01800450112528132 0.0265
0 0.4510502625656414 0.3125 0.024381095273818456 0.04
0 0.45723930982745686 0.3505 0.03075768942235559 0.031
0 0.42291822955738934 0.38875 0.02213053263315829 0.0325
0 0.44561140285071266 0.38475 0.024756189047261814 0.0345
0 0.4257314328582146 0.4155 0.029257314328582147 0.037
0 0.40491372843210804 0.44275 0.028132033008252063 0.0335
0 0.4283570892723181 0.46375 0.023255813953488372 0.0355
0 0.4510502625656414 0.438 0.025881470367591898 0.037
0 0.4602400600150037 0.409 0.02700675168792198 0.03
0 0.4737434358589647 0.3855 0.024006001500375095 0.03
0 0.48687171792948236 0.4095 0.02625656414103526 0.034
0 0.40847711927981994 0.5145 0.0277569392348087 0.032
0 0.427231807951988 0.499 0.021005251312828207 0.033
0 0.31714178544636157 0.55375 0.028132033008252063 0.0325
0 0.34264816204051013 0.55 0.024381095273818456 0.036
0 0.3649662415603901 0.56275 0.020255063765941484 0.0395
0 0.38747186796699173 0.5495 0.025506376594148537 0.033
0 0.4122280570142536 0.54725 0.024756189047261814 0.0395
0 0.4317329332333083 0.52725 0.02625656414103526 0.0365
0 0.44898724681170293 0.49075 0.024756189047261814 0.0305
0 0.4358589647411853 0.5645 0.02625656414103526 0.033
0 0.3293323330832708 0.58775 0.024756189047261814 0.0325
0 0.34339834958739685 0.61425 0.025881470367591898 0.0345
0 0.3640285071267817 0.62325 0.02663165791447862 0.0375
0 0.37865716429107277 0.59075 0.024381095273818456 0.0345
0 0.4019129782445611 0.58375 0.023630907726931733 0.0325
0 0.4262940735183796 0.5955 0.02288072018004501 0.036
0 0.4510502625656414 0.58975 0.025131282820705175 0.0375
0 0.4806826706676669 0.57575 0.025131282820705175 0.0355
0 0.40003750937734434 0.6165 0.025881470367591898 0.037
0 0.34246061515378845 0.667 0.025506376594148537 0.043
0 0.3160165041260315 0.6915 0.02738184546136534 0.037
0 0.3038259564891223 0.711 0.024756189047261814 0.033
0 0.3100150037509377 0.74275 0.029632408102025505 0.0375
0 0.3295198799699925 0.71725 0.025881470367591898 0.0355
0 0.3486496624156039 0.7475 0.025881470367591898 0.036
0 0.363278319579895 0.72675 0.028882220555138786 0.0365
0 0.35877719429857463 0.68925 0.025881470367591898 0.0395
0 0.3304576144036009 0.77 0.028507126781695424 0.031
0 0.3629032258064516 0.77725 0.025881470367591898 0.0355
0 0.38634658664666166 0.763 0.02700675168792198 0.039
0 0.40847711927981994 0.78225 0.028507126781695424 0.0395
0 0.38728432108027006 0.8065 0.028132033008252063 0.034
0 0.4062265566391598 0.82025 0.03075768942235559 0.0375
0 0.4189797449362341 0.85925 0.02700675168792198 0.0375
0 0.45067516879219804 0.868 0.02663165791447862 0.03
0 0.4763690922730683 0.865 0.024756189047261814 0.036
0 0.43023255813953487 0.8055 0.02700675168792198 0.039
0 0.44204801200300076 0.83225 0.02738184546136534 0.0375
0 0.46586646661665415 0.8265 0.025506376594148537 0.042
0 0.4566766691672918 0.793 0.02738184546136534 0.043
0 0.3968492123030758 0.725 0.029257314328582147 0.041
0 0.4112903225806452 0.74575 0.032633158289572396 0.0345
0 0.4351087771942986 0.761 0.0277569392348087 0.039
0 0.4441110277569392 0.7265 0.0277569392348087 0.034
0 0.3925356339084771 0.68375 0.028882220555138786 0.0365
0 0.4157914478619655 0.6985 0.028132033008252063 0.04
0 0.3756564141035259 0.65475 0.025131282820705175 0.0355
0 0.40941485371342834 0.65825 0.025131282820705175 0.0355
0 0.4341710427606902 0.66525 0.029632408102025505 0.0305
0 0.4512378094523631 0.69325 0.03375843960990248 0.0345
0 0.46605401350337583 0.67225 0.025131282820705175 0.0385
0 0.43042010502625655 0.63 0.028132033008252063 0.035
0 0.45386346586646664 0.635 0.020255063765941484 0.038
0 0.47561890472618157 0.63625 0.02625656414103526 0.0355
0 0.4737434358589647 0.606 0.025506376594148537 0.029
0 0.48799699924981244 0.699 0.025506376594148537 0.038
0 0.4696174043510878 0.723 0.024756189047261814 0.031
0 0.4883720930232558 0.7405 0.025506376594148537 0.035
0 0.47449362340585144 0.76925 0.028507126781695424 0.0365
0 0.5013128282070518 0.764 0.02738184546136534 0.038
0 0.48705926481620404 0.81125 0.02663165791447862 0.0405
0 0.5123780945236309 0.799 0.02700675168792198 0.033
0 0.5018754688672168 0.85825 0.025506376594148537 0.0325
0 0.5155663915978995 0.835 0.025131282820705175 0.036
0 0.5395723930982745 0.819 0.024381095273818456 0.039
0 0.49943735933983496 0.895 0.02288072018004501 0.04
0 0.5211927981995499 0.88225 0.025131282820705175 0.0325
0 0.5431357839459865 0.8625 0.0277569392348087 0.033
0 0.5716429107276819 0.86 0.02700675168792198 0.034
0 0.5738934733683421 0.81075 0.029257314328582147 0.0325
0 0.5825206301575394 0.83575 0.02625656414103526 0.0335
0 0.5365716429107277 0.78475 0.02738184546136534 0.0345
0 0.5307576894223556 0.75 0.023255813953488372 0.035
0 0.555701425356339 0.76675 0.02663165791447862 0.0335
0 0.5872093023255814 0.775 0.02738184546136534 0.037
0 0.5193173293323331 0.71875 0.02663165791447862 0.0305
0 0.49287321830457614 0.663 0.02700675168792198 0.043
0 0.5189422355588897 0.68575 0.02663165791447862 0.0415
0 0.5474493623405852 0.6835 0.02738184546136534 0.037
0 0.5200675168792198 0.64475 0.029632408102025505 0.0385
0 0.4966241560390098 0.6095 0.024756189047261814 0.041
0 0.518754688672168 0.604 0.02250562640660165 0.034
0 0.5386346586646662 0.62675 0.02625656414103526 0.0355
0 0.5581395348837209 0.65375 0.028507126781695424 0.0375
0 0.481807951987997 0.5375 0.023630907726931733 0.034
0 0.4705551387846962 0.50325 0.025881470367591898 0.0335
0 0.4923105776444111 0.5135 0.02288072018004501 0.028
0 0.4664291072768192 0.47225 0.028132033008252063 0.0345
0 0.49193548387096775 0.45375 0.024381095273818456 0.0285
0 0.5005626406601651 0.47625 0.02663165791447862 0.0295
0 0.5168792198049512 0.498 0.024756189047261814 0.032
0 0.5266316579144786 0.47175 0.024756189047261814 0.0305
0 0.5078769692423106 0.42125 0.02175543885971493 0.0325
0 0.5001875468867217 0.3895 0.024381095273818456 0.027
0 0.4848087021755439 0.34925 0.025131282820705175 0.0295
0 0.4831207801950488 0.3025 0.024756189047261814 0.033
0 0.4739309827456864 0.28125 0.023630907726931733 0.0265
0 0.4973743435858965 0.2815 0.024756189047261814 0.032
0 0.5105026256564141 0.31025 0.024006001500375095 0.0335
0 0.5108777194298575 0.357 0.02250562640660165 0.032
0 0.5249437359339835 0.39825 0.025131282820705175 0.0345
0 0.5485746436609152 0.40925 0.02138034508627157 0.0305
0 0.54576144036009 0.44375 0.030007501875468866 0.0315
0 0.5697674418604651 0.4395 0.023255813953488372 0.03
0 0.5466991747936985 0.357 0.02138034508627157 0.035
0 0.5416354088522131 0.3235 0.024006001500375095 0.036
0 0.5268192048012003 0.2945 0.025131282820705175 0.024
0 0.5318829707426856 0.2665 0.024756189047261814 0.029
0 0.5483870967741935 0.28775 0.025506376594148537 0.0325
0 0.5607651912978244 0.229 0.0277569392348087 0.038
0 0.5911477869467366 0.24775 0.025506376594148537 0.0355
0 0.6093398349587397 0.252 0.016129032258064516 0.027
0 0.604463615903976 0.27475 0.02663165791447862 0.0315
0 0.6305326331582896 0.2675 0.024756189047261814 0.041
0 0.6472243060765192 0.2355 0.02663165791447862 0.037
0 0.6702925731432858 0.293 0.02625656414103526 0.033
0 0.70423855963991 0.27075 0.02138034508627157 0.0395
0 0.6282820705176294 0.3065 0.02250562640660165 0.029
0 0.6506001500375094 0.3105 0.025131282820705175 0.031
0 0.5975243810952738 0.3245 0.024756189047261814 0.037
0 0.5746436609152288 0.343 0.0277569392348087 0.034
0 0.5992123030757689 0.359 0.024381095273818456 0.028
0 0.5860840210052514 0.38975 0.023630907726931733 0.0345
0 0.6119654913728432 0.385 0.024381095273818456 0.033
0 0.6350337584396099 0.38525 0.024756189047261814 0.0335
0 0.6275318829707427 0.334 0.02625656414103526 0.032
0 0.6627906976744186 0.3365 0.02700675168792198 0.035
0 0.6762940735183796 0.33075 0.020255063765941484 0.0325
0 0.6882970742685671 0.3545 0.024756189047261814 0.03
0 0.6656039009752438 0.383 0.025131282820705175 0.034
0 0.7128657164291072 0.37925 0.025131282820705175 0.0295
0 0.6991747936984246 0.39875 0.023255813953488372 0.0345
0 0.594523630907727 0.428 0.02625656414103526 0.027
0 0.6286571642910728 0.414 0.028507126781695424 0.023
0 0.6307201800450113 0.43275 0.025881470367591898 0.0315
0 0.6007126781695424 0.4575 0.025131282820705175 0.036
0 0.5543885971492873 0.47875 0.025506376594148537 0.0355
0 0.5708927231807952 0.4875 0.01800450112528132 0.033
0 0.5420105026256564 0.51675 0.021005251312828207 0.0345
0 0.5116279069767442 0.539 0.024756189047261814 0.032
0 0.5331957989497375 0.5635 0.025131282820705175 0.038
0 0.5528882220555139 0.5455 0.023255813953488372 0.031
0 0.5463240810202551 0.594 0.025131282820705175 0.034
0 0.567516879219805 0.5835 0.023255813953488372 0.037
0 0.5667666916729183 0.61925 0.020255063765941484 0.0335
0 0.59152288072018 0.604 0.0277569392348087 0.025
0 0.5969617404351087 0.6295 0.025881470367591898 0.032
0 0.5800825206301575 0.64775 0.02288072018004501 0.0305
0 0.578019504876219 0.679 0.0277569392348087 0.036
0 0.5978994748687172 0.67225 0.024006001500375095 0.0365
0 0.5602025506376594 0.72875 0.028882220555138786 0.0345
0 0.5716429107276819 0.712 0.02700675168792198 0.03
0 0.5879594898724682 0.74 0.02663165791447862 0.037
0 0.6033383345836459 0.79025 0.025131282820705175 0.0315
0 0.6175918979744937 0.8235 0.02663165791447862 0.036
0 0.641410352588147 0.7975 0.02625656414103526 0.035
0 0.6466616654163541 0.76475 0.03075768942235559 0.0365
0 0.6701050262565641 0.75825 0.02288072018004501 0.0355
0 0.6076519129782446 0.708 0.02700675168792198 0.035
0 0.6297824456114028 0.71275 0.021005251312828207 0.0385
0 0.6594148537134283 0.712 0.02700675168792198 0.035
0 0.6839834958739685 0.72975 0.025131282820705175 0.0355
0 0.641972993248312 0.67925 0.024381095273818456 0.0345
0 0.6243435858964741 0.64675 0.023630907726931733 0.0325
0 0.6425356339084771 0.61225 0.024006001500375095 0.0335
0 0.6515378844711178 0.64775 0.025506376594148537 0.0375
0 0.6744186046511628 0.69 0.023255813953488372 0.039
0 0.6903600900225056 0.66675 0.02288072018004501 0.0395
0 0.6984246061515379 0.6985 0.02250562640660165 0.029
0 0.7104276069017255 0.66625 0.023255813953488372 0.0325
0 0.6978619654913728 0.628 0.029632408102025505 0.035
0 0.6693548387096774 0.625 0.024381095273818456 0.034
0 0.6055888972243061 0.581 0.029632408102025505 0.029
0 0.5795198799699925 0.5455 0.02175543885971493 0.032
0 0.5708927231807952 0.51775 0.0277569392348087 0.0295
0 0.5978994748687172 0.5085 0.02700675168792198 0.035
0 0.6046511627906976 0.5475 0.02700675168792198 0.036
0 0.6282820705176294 0.5305 0.024006001500375095 0.039
0 0.6434733683420856 0.5415 0.025131282820705175 0.032
0 0.6264066016504126 0.49525 0.025506376594148537 0.0315
0 0.6496624156039009 0.5065 0.024756189047261814 0.036
0 0.6483495873968492 0.57275 0.02738184546136534 0.0335
0 0.6680420105026257 0.591 0.023255813953488372 0.032
0 0.6504126031507877 0.44025 0.020255063765941484 0.0385
0 0.6581020255063766 0.47425 0.028882220555138786 0.0315
0 0.677794448612153 0.4325 0.02625656414103526 0.037
0 0.6916729182295573 0.46075 0.02250562640660165 0.0335
0 0.6997374343585896 0.4915 0.024381095273818456 0.031
0 0.6779819954988747 0.50325 0.023630907726931733 0.0345
0 0.6989872468117029 0.53125 0.023630907726931733 0.0355
0 0.6929857464366092 0.55475 0.028132033008252063 0.0355
0 0.7196174043510878 0.547 0.02213053263315829 0.025
0 0.6845461365341335 0.58125 0.024006001500375095 0.0205
0 0.7310577644411103 0.43025 0.02700675168792198 0.0345
0 0.7286196549137285 0.465 0.02738184546136534 0.033
0 0.731245311327832 0.49575 0.028882220555138786 0.0325
0 0.7428732183045762 0.52575 0.02138034508627157 0.0325
0 0.7419354838709677 0.591 0.0277569392348087 0.035
0 0.7439984996249063 0.55575 0.028882220555138786 0.0325
0 0.7537509377344336 0.6145 0.02213053263315829 0.029
0 0.7473743435858965 0.643 0.02288072018004501 0.036
0 0.7250562640660165 0.628 0.020255063765941484 0.038
0 0.7179294823705926 0.53 0.02175543885971493 0.014
