0 0.21492873218304576 0.9665 0.03900975243810953 0.049
0 0.24962490622655664 0.84375 0.036384096024006 0.0385
0 0.1946736684171043 0.81725 0.03600900225056264 0.0395
0 0.30307576894223553 0.8185 0.03225806451612903 0.047
0 0.24981245311327832 0.7845 0.0345086271567892 0.038
0 0.33833458364591146 0.81475 0.02175543885971493 0.0295
0 0.35408852213053266 0.80425 0.03675918979744936 0.0375
0 0.3859714928732183 0.8075 0.030007501875468866 0.038
0 0.41241560390097526 0.83 0.03113278319579895 0.037
0 0.42179294823705926 0.8955 0.03488372093023256 0.042
0 0.4579894973743436 0.9165 0.037509377344336084 0.042
0 0.213615903975994 0.72475 0.03188297074268567 0.0365
0 0.2548762190547637 0.73075 0.03113278319579895 0.0375
0 0.2835708927231808 0.74175 0.033008252063015754 0.0405
0 0.32614403600900227 0.74075 0.029632408102025505 0.0435
0 0.36627906976744184 0.7365 0.030382595648912228 0.037
0 0.27569392348087024 0.68625 0.03150787696924231 0.0395
0 0.1916729182295574 0.6645 0.03225806451612903 0.04
0 0.21417854463615904 0.663 0.03225806451612903 0.04
0 0.18192048012003 0.62575 0.0345086271567892 0.0435
0 0.12978244561140284 0.5305 0.035258814703675916 0.046
0 0.1791072768192048 0.5535 0.03563390847711928 0.039
0 0.21905476369092272 0.57225 0.03600900225056264 0.0445
0 0.22393098274568643 0.552 0.03825956489122281 0.042
0 0.2376219054763691 0.60625 0.036384096024006 0.0405
0 0.2618154538634659 0.64475 0.03375843960990248 0.0425
0 0.2721305326331583 0.62325 0.036384096024006 0.0495
0 0.2738184546136534 0.594 0.037509377344336084 0.044
0 0.2575018754688672 0.56825 0.028132033008252063 0.0315
0 0.3013878469617404 0.6465 0.032633158289572396 0.043
0 0.3058889722430608 0.67525 0.019879969992498126 0.0305
0 0.32708177044261066 0.68125 0.03600900225056264 0.0445
0 0.35783945986496624 0.69625 0.035258814703675916 0.0365
0 0.33064516129032256 0.63825 0.03488372093023256 0.0465
0 0.16072768192048012 0.462 0.03488372093023256 0.043
0 0.14309827456864216 0.36575 0.036384096024006 0.0455
0 0.1436609152288072 0.32125 0.03900975243810953 0.0525
0 0.17310577644411101 0.41475 0.036384096024006 0.0445
0 0.20086271567891972 0.397 0.03788447111777944 0.05
0 0.2117404351087772 0.4445 0.038634658664666165 0.046
0 0.213615903975994 0.4715 0.03488372093023256 0.03
0 0.23780945236309078 0.488 0.03825956489122281 0.047
0 0.18923480870217554 0.3485 0.038634658664666165 0.05
0 0.19898724681170293 0.29425 0.03788447111777944 0.0535
0 0.22261815453863465 0.351 0.038634658664666165 0.057
0 0.24306076519129782 0.273 0.03600900225056264 0.054
0 0.2394973743435859 0.22125 0.037134283570892726 0.0595
0 0.2661290322580645 0.15775 0.04013503375843961 0.0595
0 0.32295573893473367 0.17325 0.0277569392348087 0.0545
0 0.3463990997749437 0.17875 0.03113278319579895 0.0595
0 0.277006751687922 0.286 0.03563390847711928 0.062
0 0.26500375093773443 0.3245 0.03938484621155289 0.05
0 0.3148912228057014 0.25175 0.032633158289572396 0.0535
0 0.3300825206301575 0.23925 0.04126031507876969 0.0585
0 0.33383345836459116 0.29925 0.03825956489122281 0.0565
0 0.3075768942235559 0.326 0.04126031507876969 0.055
0 0.29163540885221306 0.3665 0.036384096024006 0.049
0 0.2528132033008252 0.39225 0.03825956489122281 0.0515
0 0.268192048012003 0.45225 0.03825956489122281 0.0505
0 0.27438109527381843 0.489 0.034133533383345835 0.04
0 0.28582145536384096 0.52825 0.04351087771942986 0.0435
0 0.33214553638409605 0.5565 0.041635408852213056 0.046
0 0.3304576144036009 0.515 0.03975993998499625 0.049
0 0.3252063015753939 0.46525 0.03975993998499625 0.0395
0 0.32314328582145535 0.43575 0.04388597149287322 0.0555
0 0.3293323330832708 0.374 0.03675918979744936 0.053
0 0.38840960240060013 0.1535 0.043135783945986494 0.055
0 0.3887846961740435 0.22175 0.04538634658664666 0.0665
0 0.36346586646661666 0.27325 0.03825956489122281 0.0645
0 0.3745311327831958 0.3355 0.043135783945986494 0.056
0 0.36721680420105024 0.3925 0.03975993998499625 0.052
0 0.3642160540135034 0.445 0.04426106526631658 0.05
0 0.37378094523630906 0.50125 0.038634658664666165 0.0535
0 0.37865716429107277 0.53725 0.04013503375843961 0.0445
0 0.37115528882220555 0.592 0.037134283570892726 0.05
0 0.37621905476369094 0.63975 0.035258814703675916 0.0425
0 0.38297074268567144 0.6725 0.03975993998499625 0.041
0 0.38915978994748684 0.71025 0.036384096024006 0.0445
0 0.3945986496624156 0.75075 0.03600900225056264 0.0395
0 0.40266316579144784 0.78625 0.03488372093023256 0.0385
0 0.43360840210052515 0.7915 0.03375843960990248 0.038
0 0.4212303075768942 0.761 0.033008252063015754 0.04
0 0.4146661665416354 0.26225 0.04463615903975994 0.0625
0 0.40735183795948987 0.31875 0.046511627906976744 0.0615
0 0.40828957239309827 0.41675 0.038634658664666165 0.0565
0 0.4032258064516129 0.459 0.042010502625656414 0.053
0 0.40922730682670666 0.51325 0.04351087771942986 0.0505
0 0.42854463615903976 0.10625 0.04463615903975994 0.0655
0 0.43210802700675166 0.18125 0.0450112528132033 0.0605
0 0.4671792948237059 0.09425 0.046136534133533386 0.0685
0 0.49849962490622657 0.14575 0.05026256564141035 0.0615
0 0.5268192048012003 0.11 0.04838709677419355 0.067
0 0.5365716429107277 0.1745 0.04838709677419355 0.065
0 0.4626781695423856 0.236 0.047636909227306824 0.059
0 0.45555138784696175 0.28875 0.04388597149287322 0.0565
0 0.4452363090772693 0.35075 0.04876219054763691 0.0555
0 0.445423855963991 0.45275 0.04013503375843961 0.0545
0 0.43023255813953487 0.55775 0.04051012753188297 0.0475
0 0.40566391597899476 0.602 0.037134283570892726 0.052
0 0.4071642910727682 0.6395 0.03938484621155289 0.043
0 0.4139159789947487 0.6835 0.038634658664666165 0.045
0 0.41597899474868716 0.725 0.03075768942235559 0.047
0 0.47449362340585144 0.77425 0.042010502625656414 0.0445
0 0.47655663915978996 0.737 0.04013503375843961 0.046
0 0.45742685671417854 0.6675 0.03488372093023256 0.045
0 0.43904726181545384 0.62175 0.036384096024006 0.0475
0 0.4782445611402851 0.63225 0.04276069017254314 0.0465
0 0.5084396099024756 0.21675 0.04688672168042011 0.0635
0 0.5043135783945987 0.271 0.04238559639909977 0.063
0 0.48780945236309076 0.3295 0.04538634658664666 0.06
0 0.4932483120780195 0.3905 0.0450112528132033 0.056
0 0.4804951237809452 0.47675 0.035258814703675916 0.0515
0 0.4576144036009002 0.51975 0.03975993998499625 0.0505
0 0.46511627906976744 0.5715 0.035258814703675916 0.05
0 0.5076894223555889 0.65425 0.03488372093023256 0.0465
0 0.5050637659414854 0.70225 0.04088522130532633 0.0445
0 0.5241935483870968 0.72975 0.03188297074268567 0.0355
0 0.5420105026256564 0.72 0.03675918979744936 0.044
0 0.5249437359339835 0.79575 0.03563390847711928 0.0405
0 0.5350712678169542 0.77975 0.019879969992498126 0.0345
0 0.5547636909227307 0.77825 0.035258814703675916 0.0445
0 0.5345086271567892 0.8315 0.03675918979744936 0.04
0 0.5632033008252063 0.81825 0.04088522130532633 0.0475
0 0.6065266316579144 0.79175 0.03675918979744936 0.0345
0 0.6130907726931732 0.76025 0.03938484621155289 0.0435
0 0.6290322580645161 0.776 0.03150787696924231 0.036
0 0.6536009002250562 0.7675 0.03788447111777944 0.042
0 0.5778319579894974 0.7225 0.03788447111777944 0.043
0 0.6198424606151538 0.72025 0.041635408852213056 0.0485
0 0.6517254313578394 0.7155 0.03563390847711928 0.041
0 0.5393848462115529 0.66525 0.035258814703675916 0.0425
0 0.5663915978994749 0.68725 0.03975993998499625 0.0465
0 0.6089647411852963 0.658 0.036384096024006 0.052
0 0.6451612903225806 0.6745 0.03600900225056264 0.05
0 0.5348837209302325 0.62275 0.042010502625656414 0.0445
0 0.5075018754688673 0.556 0.037509377344336084 0.05
0 0.5663915978994749 0.56425 0.03825956489122281 0.0465
0 0.5838334583645911 0.596 0.041635408852213056 0.039
0 0.6331582895723931 0.5825 0.035258814703675916 0.055
0 0.6687921980495124 0.582 0.04351087771942986 0.048
0 0.6837959489872468 0.631 0.03975993998499625 0.044
0 0.7061140285071268 0.6165 0.04013503375843961 0.047
0 0.7355588897224306 0.61125 0.04951237809452363 0.0515
0 0.5133158289572393 0.5025 0.043135783945986494 0.047
0 0.5466991747936985 0.5285 0.04388597149287322 0.052
0 0.5007501875468867 0.45875 0.04576144036009002 0.0525
0 0.5558889722430608 0.47825 0.04276069017254314 0.0485
0 0.5920855213803451 0.47475 0.03938484621155289 0.0525
0 0.5877719429857464 0.50175 0.03825956489122281 0.0465
0 0.6204051012753188 0.5245 0.03600900225056264 0.041
0 0.6290322580645161 0.50475 0.04351087771942986 0.0535
0 0.6569767441860465 0.5225 0.038634658664666165 0.043
0 0.7014253563390848 0.54775 0.04051012753188297 0.0535
0 0.75 0.5205 0.04238559639909977 0.058
0 0.70423855963991 0.5045 0.04688672168042011 0.048
0 0.6701050262565641 0.472 0.04838709677419355 0.053
0 0.7027381845461366 0.46175 0.04913728432108027 0.0595
0 0.7391222805701425 0.46475 0.03938484621155289 0.0505
0 0.5380720180045011 0.41075 0.04388597149287322 0.0545
0 0.586271567891973 0.402 0.04276069017254314 0.054
0 0.6412228057014253 0.43 0.043135783945986494 0.057
0 0.6766691672918229 0.40825 0.047261815453863466 0.0575
0 0.5288822205551388 0.32775 0.04426106526631658 0.0615
0 0.5684546136534133 0.352 0.03938484621155289 0.056
0 0.6010877719429858 0.357 0.04388597149287322 0.055
0 0.6324081020255063 0.331 0.04951237809452363 0.065
0 0.6837959489872468 0.3315 0.0450112528132033 0.056
0 0.7256189047261815 0.357 0.04913728432108027 0.057
0 0.7462490622655664 0.38275 0.04538634658664666 0.0695
0 0.7273068267066767 0.31275 0.05701425356339085 0.0625
0 0.5423855963990998 0.2655 0.04351087771942986 0.066
0 0.5922730682670667 0.28725 0.03825956489122281 0.0515
0 0.5699549887471868 0.2225 0.04388597149287322 0.06
0 0.6084021005251313 0.2535 0.047261815453863466 0.061
0 0.6635408852213053 0.25625 0.05251312828207052 0.0665
0 0.6395348837209303 0.1995 0.047261815453863466 0.062
0 0.6027756939234808 0.10975 0.047261815453863466 0.0625
0 0.6429107276819205 0.37375 0.04426106526631658 0.0515
