0 0.2526256564141035 0.731 0.05138784696174044 0.061
0 0.3478994748687172 0.7395 0.052138034508627154 0.052
0 0.30007501875468867 0.705 0.05251312828207052 0.051
0 0.14534883720930233 0.665 0.050637659414853715 0.057
0 0.19148537134283572 0.684 0.047636909227306824 0.051
0 0.2441860465116279 0.67425 0.05776444111027757 0.0565
0 0.2959489872468117 0.6645 0.04951237809452363 0.059
0 0.33214553638409605 0.697 0.047636909227306824 0.055
0 0.38484621155288823 0.69275 0.042010502625656414 0.0545
0 0.42760690172543137 0.6875 0.051762940735183796 0.054
0 0.1447861965491373 0.58475 0.04801200300075019 0.0675
0 0.19279819954988747 0.609 0.05101275318829707 0.071
0 0.24493623405851464 0.606 0.04951237809452363 0.062
0 0.3023255813953488 0.62 0.058514628657164294 0.052
0 0.3533383345836459 0.6315 0.04951237809452363 0.058
0 0.40416354088522133 0.62575 0.05138784696174044 0.0625
0 0.45480120030007504 0.62175 0.04988747186796699 0.0525
0 0.4883720930232558 0.57575 0.04576144036009002 0.0615
0 0.4375468867216804 0.58025 0.055138784696174045 0.0675
0 0.35952738184546135 0.57875 0.05138784696174044 0.0585
0 0.30420105026256566 0.5655 0.058514628657164294 0.065
0 0.263503375843961 0.57075 0.04688672168042011 0.0675
0 0.20142535633908476 0.56075 0.05776444111027757 0.0595
0 0.15191297824456115 0.527 0.05401350337584396 0.068
0 0.20705176294073518 0.4725 0.05326331582895724 0.065
0 0.2469992498124531 0.4455 0.0536384096024006 0.069
0 0.28113278319579893 0.506 0.0536384096024006 0.072
0 0.3100150037509377 0.44925 0.04988747186796699 0.0655
0 0.35427606901725434 0.49825 0.05288822205551388 0.0645
0 0.37621905476369094 0.43975 0.05401350337584396 0.0695
0 0.40078769692423105 0.52675 0.055138784696174045 0.0735
0 0.4242310577644411 0.473 0.05251312828207052 0.066
0 0.4626781695423856 0.51525 0.0536384096024006 0.0665
0 0.4741185296324081 0.43775 0.05401350337584396 0.0665
0 0.4769317329332333 0.3745 0.0603900975243811 0.077
0 0.41335333833458365 0.39625 0.0555138784696174 0.0805
0 0.3295198799699925 0.3855 0.05588897224306077 0.069
0 0.21117779444861215 0.36525 0.0555138784696174 0.0725
0 0.2565641410352588 0.33525 0.056264066016504126 0.0755
0 0.30007501875468867 0.324 0.0555138784696174 0.076
0 0.36609152288072017 0.34575 0.05701425356339085 0.0775
0 0.4317329332333083 0.32125 0.05701425356339085 0.0635
0 0.4788072018004501 0.2965 0.061140285071267814 0.08
0 0.3319579894973743 0.25075 0.05776444111027757 0.0925
0 0.3900975243810953 0.267 0.06151537884471118 0.077
0 0.39066016504126033 0.181 0.05588897224306077 0.085
0 0.4426106526631658 0.21875 0.05926481620405101 0.0815
0 0.4291072768192048 0.113 0.06001500375093773 0.093
0 0.5110652663165791 0.19675 0.06339084771192798 0.0925
0 0.5834583645911477 0.15125 0.0603900975243811 0.0925
0 0.5752063015753939 0.235 0.05888972243060765 0.083
0 0.632033008252063 0.216 0.06151537884471118 0.076
0 0.7051762940735183 0.217 0.06376594148537135 0.081
0 0.7486871717929482 0.15175 0.06451612903225806 0.0885
0 0.81807951987997 0.18225 0.05926481620405101 0.0895
0 0.867966991747937 0.24925 0.06526631657914479 0.0885
0 0.9264816204051013 0.311 0.06151537884471118 0.077
0 0.7944486121530383 0.27425 0.06301575393848462 0.0915
0 0.7331207801950488 0.281 0.056639159789947484 0.082
0 0.589834958739685 0.3155 0.061140285071267814 0.071
0 0.5324456114028507 0.374 0.05588897224306077 0.062
0 0.6183420855213804 0.37175 0.05438859714928732 0.0815
0 0.6704801200300075 0.329 0.056639159789947484 0.08
0 0.7526256564141035 0.34625 0.059639909977494375 0.0735
0 0.8383345836459115 0.32625 0.058514628657164294 0.0755
0 0.8747186796699175 0.3635 0.05476369092273068 0.066
0 0.5731432858214554 0.4205 0.060765191297824456 0.076
0 0.5255063765941486 0.451 0.05401350337584396 0.069
0 0.6429107276819205 0.438 0.051762940735183796 0.078
0 0.7004876219054764 0.39325 0.05813953488372093 0.0685
0 0.7558139534883721 0.422 0.060765191297824456 0.065
0 0.8184546136534133 0.4 0.0622655663915979 0.07
0 0.5907726931732933 0.47 0.051762940735183796 0.071
0 0.5106901725431358 0.51625 0.04988747186796699 0.0655
0 0.568642160540135 0.527 0.05251312828207052 0.065
0 0.6374718679669917 0.50625 0.05288822205551388 0.0655
0 0.6914853713428357 0.49425 0.05588897224306077 0.0525
0 0.7505626406601651 0.50775 0.05476369092273068 0.0615
0 0.8019504876219055 0.46 0.05101275318829707 0.058
0 0.8557764441110277 0.4455 0.05438859714928732 0.067
0 0.88615903975994 0.48225 0.046136534133533386 0.0555
0 0.9373593398349588 0.488 0.04576144036009002 0.05
