0 0.37696924231057766 0.19375 0.035258814703675916 0.0475
0 0.41016504126031506 0.205 0.032633158289572396 0.044
0 0.42666916729182297 0.17075 0.03113278319579895 0.0455
0 0.43454613653413354 0.139 0.03338334583645911 0.036
0 0.4585521380345086 0.1245 0.02663165791447862 0.046
0 0.46661665416354087 0.179 0.03225806451612903 0.044
0 0.4934358589647412 0.17625 0.028132033008252063 0.0415
0 0.495873968492123 0.1405 0.033008252063015754 0.041
0 0.535821455363841 0.1125 0.030382595648912228 0.04
0 0.5350712678169542 0.161 0.02663165791447862 0.043
0 0.5630157539384846 0.17175 0.0277569392348087 0.0435
0 0.5558889722430608 0.21225 0.024006001500375095 0.0465
0 0.5144411102775694 0.2035 0.03188297074268567 0.043
0 0.5286946736684172 0.22175 0.028132033008252063 0.0365
0 0.4840585146286572 0.21825 0.037134283570892726 0.0425
0 0.45161290322580644 0.2195 0.033008252063015754 0.044
0 0.3934733683420855 0.2465 0.03225806451612903 0.042
0 0.34846211552888223 0.261 0.030007501875468866 0.043
0 0.40847711927981994 0.2875 0.028507126781695424 0.046
0 0.4392348087021755 0.268 0.03375843960990248 0.043
0 0.4711177794448612 0.27 0.028507126781695424 0.042
0 0.45986496624156037 0.3005 0.030007501875468866 0.039
0 0.4386721680420105 0.3075 0.028882220555138786 0.04
0 0.4472993248312078 0.3465 0.029632408102025505 0.045
0 0.38840960240060013 0.32875 0.032633158289572396 0.0415
0 0.3531507876969242 0.32075 0.03188297074268567 0.0475
0 0.31470367591897974 0.31925 0.03075768942235559 0.0385
0 0.31957989497374345 0.35725 0.04051012753188297 0.0415
0 0.35577644411102777 0.36575 0.03488372093023256 0.0415
0 0.38653413353338334 0.3655 0.032633158289572396 0.041
0 0.4180420105026257 0.3585 0.030382595648912228 0.043
0 0.43060765191297823 0.38175 0.02700675168792198 0.0395
0 0.39572393098274566 0.3915 0.03225806451612903 0.039
0 0.37134283570892723 0.40525 0.033008252063015754 0.0455
0 0.3859714928732183 0.42975 0.03225806451612903 0.0285
0 0.3418979744936234 0.4105 0.03488372093023256 0.041
0 0.30007501875468867 0.4 0.035258814703675916 0.044
0 0.3267066766691673 0.464 0.0345086271567892 0.049
0 0.2955738934733683 0.4575 0.033008252063015754 0.042
0 0.2903225806451613 0.4975 0.035258814703675916 0.045
0 0.31714178544636157 0.49775 0.03338334583645911 0.0455
0 0.35277569392348085 0.505 0.03488372093023256 0.043
0 0.36515378844711177 0.4745 0.034133533383345835 0.044
0 0.40397599399849965 0.4685 0.04051012753188297 0.044
0 0.3919729932483121 0.50375 0.03375843960990248 0.0425
0 0.32989497374343585 0.53775 0.028132033008252063 0.0435
0 0.3013878469617404 0.5375 0.032633158289572396 0.041
0 0.2702550637659415 0.53225 0.03188297074268567 0.0445
0 0.29351087771942985 0.57725 0.036384096024006 0.0375
0 0.3210802700675169 0.59575 0.0345086271567892 0.0395
0 0.3561515378844711 0.5795 0.03338334583645911 0.046
0 0.3589647411852963 0.61775 0.0277569392348087 0.0355
0 0.2897599399849963 0.62625 0.032633158289572396 0.0405
0 0.3025131282820705 0.6655 0.032633158289572396 0.038
0 0.33833458364591146 0.64625 0.03675918979744936 0.0415
0 0.3623405851462866 0.65375 0.029257314328582147 0.0405
0 0.38953488372093026 0.63575 0.030382595648912228 0.0415
0 0.32820705176294074 0.6825 0.03375843960990248 0.04
0 0.3514628657164291 0.694 0.03225806451612903 0.04
0 0.3876594148537134 0.7035 0.02663165791447862 0.053
0 0.41147786946736686 0.6955 0.02700675168792198 0.043
0 0.4086646661665416 0.6575 0.03113278319579895 0.037
0 0.4064141035258815 0.72825 0.03188297074268567 0.0305
0 0.28169542385596397 0.705 0.03075768942235559 0.041
0 0.31657914478619653 0.71725 0.03075768942235559 0.0395
0 0.33758439609902474 0.73475 0.03375843960990248 0.0425
0 0.3668417104276069 0.74725 0.024006001500375095 0.0515
0 0.39234808702175544 0.766 0.0277569392348087 0.038
0 0.41766691672918227 0.781 0.02663165791447862 0.035
0 0.3008252063015754 0.75175 0.03225806451612903 0.0395
0 0.3199549887471868 0.772 0.03150787696924231 0.038
0 0.34058514628657166 0.788 0.029257314328582147 0.043
0 0.36946736684171044 0.796 0.030007501875468866 0.041
0 0.3934733683420855 0.8055 0.030007501875468866 0.038
0 0.31807951987997 0.82275 0.035258814703675916 0.0385
0 0.33852213053263314 0.82925 0.02738184546136534 0.0425
0 0.3690922730682671 0.84425 0.029257314328582147 0.0355
0 0.3850337584396099 0.8665 0.030382595648912228 0.032
0 0.41335333833458365 0.86475 0.03075768942235559 0.0365
0 0.42591897974493625 0.8425 0.02738184546136534 0.04
0 0.4540510127531883 0.84725 0.024381095273818456 0.0325
0 0.44692423105776447 0.89075 0.029632408102025505 0.0395
0 0.4782445611402851 0.89 0.025506376594148537 0.048
0 0.5016879219804952 0.87825 0.028882220555138786 0.0445
0 0.5168792198049512 0.89175 0.023255813953488372 0.0355
0 0.5412603150787697 0.88475 0.0277569392348087 0.0355
0 0.545198799699925 0.85425 0.02663165791447862 0.0385
0 0.4596774193548387 0.82175 0.029632408102025505 0.0345
0 0.4788072018004501 0.80325 0.02738184546136534 0.0345
0 0.481807951987997 0.773 0.029632408102025505 0.045
0 0.4409227306826707 0.784 0.025881470367591898 0.04
0 0.43435858964741186 0.74775 0.029257314328582147 0.0425
0 0.4493623405851463 0.713 0.03150787696924231 0.034
0 0.47655663915978996 0.694 0.030382595648912228 0.04
0 0.49006001500375096 0.717 0.03113278319579895 0.048
0 0.5106901725431358 0.74675 0.02738184546136534 0.0435
0 0.5230682670667667 0.75525 0.023630907726931733 0.0435
0 0.5144411102775694 0.799 0.025131282820705175 0.037
0 0.5195048762190547 0.82075 0.024756189047261814 0.0405
0 0.5495123780945236 0.8095 0.0277569392348087 0.04
0 0.5695798949737434 0.79825 0.025881470367591898 0.0385
0 0.5650787696924231 0.845 0.02138034508627157 0.035
0 0.5654538634658665 0.872 0.025881470367591898 0.03
0 0.5843960990247562 0.84975 0.0277569392348087 0.0405
0 0.59152288072018 0.864 0.025506376594148537 0.034
0 0.5547636909227307 0.76475 0.02625656414103526 0.0405
0 0.521755438859715 0.71575 0.03075768942235559 0.0465
0 0.5502625656414104 0.7255 0.024006001500375095 0.035
0 0.43904726181545384 0.66025 0.03113278319579895 0.0405
0 0.4292948237059265 0.62725 0.02738184546136534 0.0435
0 0.445986496624156 0.62175 0.021005251312828207 0.0415
0 0.46811702925731435 0.6455 0.030007501875468866 0.036
0 0.49624906226556637 0.6625 0.024006001500375095 0.045
0 0.5208177044261065 0.66725 0.02738184546136534 0.0405
0 0.5360090022505627 0.68375 0.02625656414103526 0.0335
0 0.5431357839459865 0.646 0.02700675168792198 0.034
0 0.559264816204051 0.6615 0.023255813953488372 0.043
0 0.5626406601650412 0.70275 0.024756189047261814 0.0355
0 0.5843960990247562 0.69825 0.02175543885971493 0.0355
0 0.590960240060015 0.76 0.024381095273818456 0.032
0 0.599774943735934 0.797 0.02700675168792198 0.036
0 0.6140285071267817 0.77 0.020255063765941484 0.032
0 0.6110277569392348 0.82925 0.024756189047261814 0.0405
0 0.628469617404351 0.85175 0.02663165791447862 0.0355
0 0.6309077269317329 0.88525 0.02250562640660165 0.0365
0 0.6507876969242311 0.8685 0.021005251312828207 0.034
0 0.6652288072018004 0.8475 0.023630907726931733 0.042
0 0.390847711927982 0.582 0.03600900225056264 0.037
0 0.3857839459864966 0.5465 0.03188297074268567 0.041
0 0.40678919729932483 0.54275 0.029632408102025505 0.0375
0 0.4189797449362341 0.57825 0.03225806451612903 0.0445
0 0.44486121530382594 0.54825 0.03675918979744936 0.0435
0 0.4544261065266317 0.57175 0.030382595648912228 0.0335
0 0.47186796699174793 0.5985 0.03075768942235559 0.049
0 0.4831207801950488 0.578 0.025506376594148537 0.034
0 0.49624906226556637 0.59875 0.0345086271567892 0.0395
0 0.5086271567891973 0.6195 0.025506376594148537 0.038
0 0.5146286571642911 0.56725 0.029257314328582147 0.0395
0 0.5502625656414104 0.57075 0.0277569392348087 0.0365
0 0.5506376594148538 0.6075 0.030007501875468866 0.041
0 0.5748312078019505 0.6185 0.02288072018004501 0.036
0 0.5860840210052514 0.644 0.029632408102025505 0.03
0 0.4846211552888222 0.54 0.03075768942235559 0.042
0 0.46136534133533386 0.517 0.0277569392348087 0.036
0 0.42854463615903976 0.49975 0.029632408102025505 0.0435
0 0.43360840210052515 0.45825 0.0277569392348087 0.0395
0 0.44898724681170293 0.4795 0.02700675168792198 0.036
0 0.43698424606151537 0.417 0.03375843960990248 0.036
0 0.46417854463615904 0.43525 0.030382595648912228 0.0375
0 0.48012003000750186 0.4005 0.029257314328582147 0.038
0 0.4992498124531133 0.43675 0.028507126781695424 0.0385
0 0.48237059264816207 0.46475 0.028507126781695424 0.0435
0 0.508814703675919 0.47425 0.029632408102025505 0.0295
0 0.517066766691673 0.445 0.023630907726931733 0.034
0 0.536946736684171 0.462 0.024381095273818456 0.039
0 0.4863090772693173 0.50275 0.028132033008252063 0.0395
0 0.4782445611402851 0.35875 0.033008252063015754 0.0425
0 0.5060015003750937 0.37775 0.03225806451612903 0.0455
0 0.5301950487621906 0.4075 0.02738184546136534 0.045
0 0.5433233308327082 0.4225 0.02288072018004501 0.039
0 0.5465116279069767 0.3815 0.025506376594148537 0.044
0 0.5247561890472618 0.36925 0.024006001500375095 0.0415
0 0.5103150787696924 0.33375 0.025881470367591898 0.0385
0 0.4836834208552138 0.3255 0.032633158289572396 0.042
0 0.5103150787696924 0.28325 0.028132033008252063 0.0495
0 0.5253188297074268 0.2945 0.023630907726931733 0.044
0 0.5418229557389347 0.32675 0.028132033008252063 0.0455
0 0.555701425356339 0.346 0.025881470367591898 0.041
0 0.5873968492123031 0.31975 0.025506376594148537 0.0415
0 0.5510127531882971 0.297 0.023255813953488372 0.038
0 0.5112528132033008 0.244 0.0277569392348087 0.042
0 0.5335708927231808 0.25675 0.024381095273818456 0.0385
0 0.5435108777194299 0.266 0.02175543885971493 0.032
0 0.5804576144036009 0.225 0.029632408102025505 0.037
0 0.5782070517629407 0.25975 0.028132033008252063 0.0395
0 0.6177794448612153 0.25225 0.021005251312828207 0.0485
0 0.6069017254313578 0.29375 0.023255813953488372 0.0465
0 0.632033008252063 0.32975 0.029257314328582147 0.0485
0 0.6519129782445612 0.343 0.025506376594148537 0.042
0 0.631470367591898 0.37425 0.032633158289572396 0.0395
0 0.5896474118529632 0.36025 0.028507126781695424 0.0325
0 0.5851462865716429 0.3915 0.0277569392348087 0.045
0 0.6095273818454614 0.3885 0.02175543885971493 0.044
0 0.5843960990247562 0.43625 0.02700675168792198 0.0375
0 0.6003375843960991 0.42175 0.02288072018004501 0.0405
0 0.6250937734433608 0.42125 0.023630907726931733 0.0365
0 0.6521005251312828 0.4065 0.023630907726931733 0.04
0 0.6603525881470368 0.44 0.02738184546136534 0.032
0 0.6198424606151538 0.454 0.02738184546136534 0.039
0 0.6335333833458364 0.44475 0.02175543885971493 0.0305
0 0.6192798199549887 0.48075 0.02625656414103526 0.0325
0 0.6475993998499625 0.48675 0.02288072018004501 0.0375
0 0.6470367591897974 0.514 0.0277569392348087 0.031
0 0.5635783945986497 0.4745 0.025881470367591898 0.043
0 0.5855213803450863 0.48225 0.024006001500375095 0.0375
0 0.5860840210052514 0.51025 0.029632408102025505 0.0405
0 0.6014628657164292 0.53875 0.025131282820705175 0.0345
0 0.59152288072018 0.55475 0.029257314328582147 0.0395
0 0.549324831207802 0.49825 0.025131282820705175 0.0395
0 0.554013503375844 0.5295 0.023255813953488372 0.035
0 0.5341335333833458 0.5355 0.024756189047261814 0.039
0 0.5924606151537885 0.59125 0.025881470367591898 0.0385
0 0.6841710427606902 0.34775 0.028507126781695424 0.0305
0 0.6950487621905477 0.3775 0.0345086271567892 0.039
0 0.7008627156789198 0.41675 0.02663165791447862 0.0325
0 0.7246811702925732 0.402 0.025506376594148537 0.032
0 0.7256189047261815 0.436 0.024381095273818456 0.035
0 0.7631282820705176 0.409 0.03113278319579895 0.036
0 0.7719429857464366 0.45675 0.028507126781695424 0.0345
0 0.7653788447111778 0.493 0.02213053263315829 0.037
0 0.7893848462115529 0.5115 0.029632408102025505 0.031
0 0.8126406601650412 0.51225 0.02138034508627157 0.0415
0 0.7025506376594148 0.45225 0.0277569392348087 0.0335
0 0.6888597149287322 0.48 0.02738184546136534 0.035
0 0.7098649662415604 0.5035 0.02663165791447862 0.032
0 0.7351837959489872 0.51675 0.024756189047261814 0.0405
0 0.7605026256564141 0.53475 0.02213053263315829 0.0245
0 0.7715678919729932 0.56325 0.02700675168792198 0.0345
0 0.7884471117779445 0.56825 0.02175543885971493 0.0385
0 0.8233308327081771 0.5905 0.029257314328582147 0.038
0 0.7151162790697675 0.53975 0.02288072018004501 0.0375
0 0.6892348087021756 0.546 0.029632408102025505 0.037
0 0.6999249812453113 0.5655 0.0277569392348087 0.031
0 0.713615903975994 0.59175 0.025131282820705175 0.0345
0 0.7657539384846211 0.5945 0.025131282820705175 0.037
0 0.7573143285821455 0.625 0.02175543885971493 0.032
0 0.7355588897224306 0.62325 0.021005251312828207 0.0415
0 0.6380345086271568 0.54225 0.03075768942235559 0.0395
0 0.6442235558889723 0.561 0.028132033008252063 0.029
0 0.668979744936234 0.583 0.020630157539384845 0.034
0 0.695986496624156 0.60575 0.02213053263315829 0.0255
0 0.6997374343585896 0.629 0.02663165791447862 0.035
0 0.6969242310577645 0.65175 0.024756189047261814 0.0275
0 0.7226181545386346 0.67325 0.020630157539384845 0.0375
0 0.7526256564141035 0.67425 0.02288072018004501 0.0415
0 0.7661290322580645 0.66825 0.02138034508627157 0.0385
0 0.6686046511627907 0.61525 0.02663165791447862 0.0335
0 0.6307201800450113 0.583 0.02738184546136534 0.039
0 0.6168417104276069 0.601 0.02213053263315829 0.023
0 0.6067141785446362 0.62625 0.02738184546136534 0.0315
0 0.6258439609902475 0.64325 0.024381095273818456 0.0375
0 0.6440360090022506 0.66075 0.025506376594148537 0.0375
0 0.6125281320330083 0.68025 0.024006001500375095 0.0385
0 0.6307201800450113 0.68375 0.02138034508627157 0.0355
0 0.6286571642910728 0.71425 0.020255063765941484 0.0275
0 0.6262190547636909 0.74275 0.029632408102025505 0.0405
0 0.6603525881470368 0.69625 0.024381095273818456 0.0415
0 0.6738559639909978 0.7215 0.025131282820705175 0.031
0 0.6944861215303826 0.734 0.020630157539384845 0.037
0 0.6905476369092273 0.67975 0.024006001500375095 0.0325
0 0.704801200300075 0.704 0.02175543885971493 0.038
0 0.7513128282070518 0.724 0.018754688672168042 0.038
0 0.7209302325581395 0.74325 0.020255063765941484 0.0375
0 0.7123030757689423 0.76675 0.02175543885971493 0.0345
0 0.6747936984246061 0.75625 0.016504126031507877 0.0245
0 0.6717929482370593 0.7845 0.030007501875468866 0.041
0 0.6867966991747937 0.81975 0.024006001500375095 0.0415
0 0.6950487621905477 0.79175 0.02175543885971493 0.0355
0 0.7468117029257314 0.5545 0.029257314328582147 0.037
