0 0.41166541635408854 0.1925 0.07014253563390847 0.097
0 0.4778694673668417 0.234 0.06526631657914479 0.085
0 0.3469617404351088 0.25925 0.06601650412603151 0.0815
0 0.41710427606901723 0.2855 0.06301575393848462 0.085
0 0.5106901725431358 0.29825 0.0641410352588147 0.0875
0 0.44129782445611404 0.35375 0.06939234808702176 0.0865
0 0.3677794448612153 0.328 0.06639159789947487 0.084
0 0.3090772693173293 0.30175 0.072768192048012 0.0915
0 0.5219429857464366 0.3915 0.059639909977494375 0.088
0 0.5787696924231058 0.356 0.06826706676669167 0.088
0 0.46830457614403603 0.4305 0.05888972243060765 0.087
0 0.24943735933983496 0.33825 0.06301575393848462 0.0765
0 0.2972618154538635 0.3915 0.05888972243060765 0.099
0 0.3522130532633158 0.41975 0.06526631657914479 0.0805
0 0.40847711927981994 0.4555 0.06676669167291822 0.087
0 0.5204426106526632 0.48175 0.0536384096024006 0.0885
0 0.5733308327081771 0.44075 0.061890472618154536 0.0835
0 0.6385971492873218 0.389 0.05888972243060765 0.087
0 0.6828582145536384 0.443 0.061890472618154536 0.078
0 0.6217179294823706 0.472 0.061890472618154536 0.086
0 0.24306076519129782 0.42625 0.06301575393848462 0.0935
0 0.34602400600150035 0.4785 0.061140285071267814 0.075
0 0.39741185296324083 0.53125 0.05738934733683421 0.0855
0 0.45142535633908476 0.5075 0.0671417854463616 0.084
0 0.4990622655663916 0.5535 0.06564141035258815 0.084
0 0.5935858964741185 0.54675 0.05813953488372093 0.0875
0 0.6650412603150788 0.52275 0.06376594148537135 0.0925
0 0.7199924981245311 0.51175 0.0603900975243811 0.0835
0 0.7396849212303076 0.5915 0.05776444111027757 0.084
0 0.6333458364591148 0.601 0.061140285071267814 0.075
0 0.5352588147036759 0.61125 0.06376594148537135 0.0715
0 0.5905851462865717 0.63025 0.06264066016504126 0.0775
0 0.6817329332333083 0.63 0.061140285071267814 0.069
0 0.7211177794448612 0.66 0.061140285071267814 0.084
0 0.6331582895723931 0.67725 0.07126781695423856 0.0795
0 0.16072768192048012 0.4275 0.06789197299324831 0.085
0 0.12996999249812452 0.46875 0.0708927231807952 0.0775
0 0.20161290322580644 0.5105 0.06864216054013503 0.084
0 0.15172543135783945 0.557 0.06939234808702176 0.086
0 0.2661290322580645 0.515 0.0671417854463616 0.069
0 0.1800450112528132 0.62725 0.06601650412603151 0.0805
0 0.22768192048012004 0.57825 0.06976744186046512 0.0945
0 0.30963990997749435 0.55675 0.0603900975243811 0.0775
0 0.2890097524381095 0.6385 0.06489122280570142 0.073
0 0.3493998499624906 0.62025 0.061140285071267814 0.0815
0 0.41035258814703673 0.62025 0.06526631657914479 0.0755
0 0.42104276069017255 0.6805 0.06864216054013503 0.077
0 0.39422355588897223 0.7435 0.06376594148537135 0.072
0 0.4377344336084021 0.7895 0.06376594148537135 0.07
0 0.5155663915978995 0.6765 0.061140285071267814 0.085
0 0.49287321830457614 0.7425 0.06601650412603151 0.068
0 0.5692048012003 0.717 0.06864216054013503 0.082
0 0.5215678919729932 0.8225 0.0603900975243811 0.084
0 0.605026256564141 0.782 0.05926481620405101 0.074
0 0.5744561140285072 0.846 0.06639159789947487 0.071
0 0.6642910727681921 0.7505 0.07201800450112528 0.077
0 0.6380345086271568 0.81725 0.05701425356339085 0.0745
0 0.7025506376594148 0.80125 0.05926481620405101 0.0675
0 0.7616279069767442 0.77725 0.0641410352588147 0.0725
0 0.6301575393848462 0.89925 0.06826706676669167 0.0955
0 0.6847336834208552 0.86575 0.06639159789947487 0.0825
0 0.7456864216054013 0.843 0.058514628657164294 0.07
