0 0.11148522259633371 0.11625 0.05761316872427984 0.0775
0 0.19528619528619529 0.16275 0.05387205387205387 0.0835
0 0.2345679012345679 0.1425 0.06060606060606061 0.087
0 0.2732884399551066 0.2055 0.046763935652824544 0.075
0 0.31425364758698093 0.19425 0.06060606060606061 0.0785
0 0.32940516273849607 0.11025 0.06397306397306397 0.0865
0 0.367003367003367 0.18025 0.051627384960718295 0.0925
0 0.3954358398802843 0.051 0.0613542835765058 0.094
0 0.4513655069210625 0.10475 0.05574261129816686 0.0875
0 0.5009352787130565 0.1495 0.06584362139917696 0.081
0 0.4566030677141788 0.2335 0.05798728020950243 0.086
0 0.4072203516647961 0.27125 0.05499438832772166 0.0765
0 0.3557800224466891 0.26425 0.05387205387205387 0.0775
0 0.31406659184436964 0.263 0.04526748971193416 0.07
0 0.2220351664796109 0.24425 0.04751215862326973 0.0775
0 0.11560044893378227 0.238 0.051627384960718295 0.077
0 0.11616161616161616 0.29375 0.052749719416386086 0.0645
0 0.09670781893004116 0.3435 0.052749719416386086 0.077
0 0.102880658436214 0.38325 0.054620276842499066 0.0445
0 0.14945753834642725 0.39025 0.04227459783015339 0.0655
0 0.1636737747848859 0.35 0.04451926674148896 0.069
0 0.17994762439206885 0.28525 0.04339693228582117 0.0785
0 0.22839506172839505 0.33575 0.053497942386831275 0.0695
0 0.25888514777403665 0.30225 0.04713804713804714 0.0745
0 0.2871305649083427 0.368 0.053497942386831275 0.063
0 0.3363262252151141 0.3365 0.04638982416760194 0.073
0 0.379536101758324 0.343 0.050505050505050504 0.074
0 0.20688365132809577 0.399 0.038159371492704826 0.072
0 0.19266741488963712 0.4405 0.04564160119715675 0.07
0 0.15750093527871306 0.4535 0.038159371492704826 0.073
0 0.10793116348671904 0.44375 0.04227459783015339 0.0665
0 0.13168724279835392 0.49875 0.03666292555181444 0.0525
0 0.17022072577628133 0.52175 0.04713804713804714 0.0575
0 0.2033295922184811 0.50925 0.04526748971193416 0.0555
0 0.15057987280209503 0.56325 0.04152637485970819 0.0545
0 0.18668163112607558 0.598 0.041900486344930786 0.041
0 0.2048260381593715 0.5665 0.03928170594837262 0.05
0 0.2444818555929667 0.54825 0.04302282080059858 0.0605
0 0.22652450430228208 0.63425 0.04152637485970819 0.0425
0 0.24859708193041527 0.60725 0.040029928918817806 0.0495
0 0.2646838757949869 0.6745 0.04152637485970819 0.054
0 0.28114478114478114 0.65125 0.0512532734754957 0.0495
0 0.27964833520389076 0.579 0.036288814066591846 0.05
0 0.24017957351290684 0.46775 0.03890759446315002 0.0615
0 0.25140291806958476 0.407 0.04788627010849233 0.062
0 0.2876917321361766 0.46225 0.04788627010849233 0.0645
0 0.2787130564908343 0.51325 0.04339693228582117 0.0515
0 0.3226711560044893 0.544 0.04601571268237935 0.064
0 0.32454171343060234 0.424 0.04526748971193416 0.075
0 0.3348297792742237 0.489 0.048634493078937524 0.055
0 0.3288439955106622 0.59725 0.05013093901982791 0.0615
0 0.3352038907594463 0.6545 0.041900486344930786 0.056
0 0.29723157500935277 0.71325 0.034044145155256264 0.0535
0 0.34287317620650953 0.72575 0.03479236812570146 0.0545
0 0.379536101758324 0.7495 0.03554059109614665 0.049
0 0.37130564908342684 0.69475 0.052749719416386086 0.0585
0 0.4176954732510288 0.6785 0.04377104377104377 0.039
0 0.45454545454545453 0.72225 0.04489337822671156 0.0535
0 0.43060231949120836 0.764 0.04264870931537598 0.05
0 0.47474747474747475 0.7895 0.0411522633744856 0.05
0 0.5043022820800599 0.77275 0.048634493078937524 0.0425
0 0.5187055742611298 0.8165 0.050505050505050504 0.054
0 0.365132809577254 0.58675 0.038159371492704826 0.0565
0 0.379536101758324 0.62175 0.04302282080059858 0.0455
0 0.4055368499812944 0.58625 0.04564160119715675 0.0635
0 0.4182566404788627 0.622 0.04564160119715675 0.059
0 0.4569771791994014 0.6675 0.04377104377104377 0.054
0 0.49158249158249157 0.7105 0.04564160119715675 0.065
0 0.5361017583239805 0.726 0.048634493078937524 0.055
0 0.45735129068462405 0.6065 0.04526748971193416 0.058
0 0.49644594089038535 0.64175 0.048634493078937524 0.0565
0 0.5488215488215489 0.6555 0.048634493078937524 0.058
0 0.51010101010101 0.58925 0.052749719416386086 0.0495
0 0.5645342312008979 0.596 0.051627384960718295 0.065
0 0.46950991395435837 0.5405 0.05686494575383464 0.056
0 0.41395435839880285 0.5265 0.04377104377104377 0.063
0 0.36943509165731386 0.54325 0.04751215862326973 0.0615
0 0.37280209502431727 0.46925 0.053497942386831275 0.0615
0 0.36270108492330716 0.401 0.049756827534605315 0.062
0 0.4161990273101384 0.40175 0.05424616535727647 0.0665
0 0.4403292181069959 0.472 0.04414515525626637 0.069
0 0.4369622147399925 0.3375 0.058361391694725026 0.066
0 0.4689487467265245 0.31175 0.05723905723905724 0.0825
0 0.5129068462401796 0.36575 0.06060606060606061 0.0785
0 0.47624392068836513 0.42 0.04938271604938271 0.067
0 0.5256266367377479 0.4415 0.054620276842499066 0.061
0 0.4906472128694351 0.4935 0.046763935652824544 0.07
0 0.5420875420875421 0.51275 0.052375607931163484 0.0735
0 0.5263748597081931 0.27775 0.06359895248784138 0.0795
0 0.5437710437710438 0.20475 0.07295173961840629 0.0845
0 0.6253273475495698 0.24025 0.06023194912083801 0.0915
0 0.6545080433969322 0.32525 0.07444818555929666 0.0795
0 0.5881032547699214 0.316 0.06060606060606061 0.074
0 0.6268237934904601 0.37 0.053497942386831275 0.063
0 0.5624766180321736 0.4035 0.05200149644594089 0.078
0 0.5914702581369248 0.46 0.05686494575383464 0.068
0 0.5894126449682006 0.5455 0.04601571268237935 0.066
0 0.6331836887392442 0.504 0.05424616535727647 0.072
0 0.6711560044893379 0.44725 0.06060606060606061 0.0625
0 0.7169846614291059 0.48525 0.05948372615039282 0.0725
0 0.7384960718294051 0.3275 0.06958473625140292 0.071
0 0.779835390946502 0.3935 0.06023194912083801 0.079
0 0.7828282828282829 0.47225 0.06397306397306397 0.0705
0 0.6249532360643472 0.59 0.04900860456416012 0.059
0 0.6771417882528994 0.56525 0.05611672278338945 0.0605
0 0.7356902356902357 0.56375 0.06023194912083801 0.0595
0 0.7635615413393191 0.61175 0.054620276842499066 0.0635
0 0.6741488963711186 0.62775 0.04788627010849233 0.0585
0 0.5987654320987654 0.64025 0.053497942386831275 0.0575
0 0.6457164234942012 0.6645 0.04264870931537598 0.056
0 0.6855592966704078 0.704 0.04900860456416012 0.054
0 0.7308267863823419 0.6565 0.06397306397306397 0.073
0 0.7381219603441825 0.73025 0.05686494575383464 0.0495
0 0.6410400299289188 0.72875 0.052749719416386086 0.0475
0 0.5886644219977554 0.74425 0.0512532734754957 0.0465
0 0.5495697717919941 0.79925 0.03965581743359521 0.0495
0 0.565843621399177 0.85775 0.04227459783015339 0.0585
0 0.5937149270482603 0.798 0.04638982416760194 0.057
0 0.6316872427983539 0.77675 0.04451926674148896 0.0645
0 0.8047138047138047 0.55925 0.05910961466517022 0.0735
0 0.8486719042274598 0.509 0.06846240179573512 0.074
0 0.852600074822297 0.4375 0.06210250654695099 0.075
0 0.8449307893752338 0.35325 0.06621773288439955 0.0905
0 0.9212495323606434 0.4295 0.06546950991395435 0.078
0 0.9487467265245043 0.48025 0.06210250654695099 0.0955
