0 0.34583645911477867 0.16625 0.08852213053263316 0.1145
0 0.22018004501125282 0.2375 0.08777194298574643 0.097
0 0.4465491372843211 0.16125 0.08139534883720931 0.1045
0 0.3929107276819205 0.2275 0.07989497374343586 0.107
0 0.3216429107276819 0.27 0.08139534883720931 0.096
0 0.21680420105026257 0.356 0.07801950487621906 0.099
0 0.3006376594148537 0.38975 0.07914478619654913 0.1085
0 0.2222430607651913 0.457 0.07764441110277569 0.113
0 0.18904726181545387 0.55575 0.08177044261065267 0.1105
0 0.2507501875468867 0.5985 0.08814703675918979 0.115
0 0.2959489872468117 0.52625 0.08852213053263316 0.1115
0 0.34433608402100524 0.592 0.08402100525131283 0.102
0 0.41260315078769694 0.779 0.07501875468867217 0.122
0 0.4782445611402851 0.8195 0.07876969242310577 0.095
0 0.4127906976744186 0.66175 0.07539384846211553 0.0945
0 0.495873968492123 0.672 0.08102025506376594 0.112
0 0.46605401350337583 0.5805 0.07989497374343586 0.101
0 0.40397599399849965 0.538 0.08477119279819954 0.102
0 0.35783945986496624 0.45 0.07576894223555888 0.114
0 0.36459114778694673 0.331 0.08702175543885972 0.116
0 0.5018754688672168 0.248 0.08402100525131283 0.118
0 0.45348837209302323 0.331 0.09227306826706677 0.113
0 0.4463615903975994 0.44175 0.08177044261065267 0.0985
0 0.5798949737434359 0.2165 0.08702175543885972 0.11
0 0.5714553638409603 0.31625 0.07689422355588897 0.1185
0 0.5105026256564141 0.415 0.08477119279819954 0.104
0 0.5003750937734434 0.50275 0.08252063015753938 0.0985
0 0.5491372843210802 0.8835 0.06751687921980495 0.104
0 0.6153413353338335 0.913 0.08289572393098274 0.114
0 0.7218679669917479 0.89325 0.08589647411852963 0.0945
0 0.7972618154538634 0.9005 0.07164291072768192 0.105
0 0.667291822955739 0.8205 0.07576894223555888 0.121
0 0.5453863465866466 0.76175 0.07051762940735183 0.1135
0 0.6140285071267817 0.72375 0.08327081770442611 0.1145
0 0.5553263315828957 0.62425 0.08589647411852963 0.1005
0 0.7186796699174793 0.7595 0.08252063015753938 0.105
0 0.7996999249812453 0.7995 0.08102025506376594 0.095
0 0.8782820705176294 0.83525 0.08589647411852963 0.1115
0 0.63615903975994 0.6295 0.07501875468867217 0.108
0 0.7186796699174793 0.634 0.0795198799699925 0.11
0 0.836271567891973 0.68825 0.07764441110277569 0.1055
0 0.9287321830457614 0.7205 0.08777194298574643 0.108
0 0.9369842460615154 0.619 0.08102025506376594 0.108
0 0.8055138784696174 0.59375 0.08814703675918979 0.1115
0 0.5896474118529632 0.532 0.08252063015753938 0.105
0 0.6594148537134283 0.53075 0.08102025506376594 0.1135
0 0.7468117029257314 0.5175 0.07501875468867217 0.109
0 0.8565266316579144 0.539 0.08964741185296324 0.1
0 0.9471117779444861 0.50725 0.08552138034508627 0.1075
0 0.5911477869467366 0.42825 0.07876969242310577 0.1025
0 0.6701050262565641 0.43 0.08439609902475619 0.1
0 0.7871342835708928 0.432 0.07914478619654913 0.1
0 0.8692798199549887 0.4155 0.08214553638409602 0.105
0 0.6562265566391597 0.3225 0.08289572393098274 0.109
0 0.7366841710427607 0.36825 0.09152288072018004 0.0995
0 0.6577269317329333 0.235 0.07989497374343586 0.1
0 0.7366841710427607 0.27325 0.07351837959489872 0.1015
0 0.7726931732933233 0.3405 0.07201800450112528 0.088
0 0.8705926481620405 0.3145 0.07876969242310577 0.097
