0 0.10558889722430607 0.415 0.07164291072768192 0.107
0 0.15491372843210802 0.35725 0.07726931732933233 0.0985
0 0.14291072768192048 0.51475 0.0795198799699925 0.0965
0 0.19504876219054765 0.442 0.08477119279819954 0.098
0 0.2528132033008252 0.36525 0.07651912978244561 0.1015
0 0.18698424606151537 0.58875 0.0708927231807952 0.0935
0 0.2348087021755439 0.5335 0.07501875468867217 0.097
0 0.2753188297074269 0.45475 0.072768192048012 0.0975
0 0.33570892723180795 0.39375 0.07201800450112528 0.1005
0 0.3758439609902476 0.31725 0.07351837959489872 0.0955
0 0.4604276069017254 0.218 0.08814703675918979 0.127
0 0.5352588147036759 0.172 0.07801950487621906 0.106
0 0.4553638409602401 0.32575 0.07651912978244561 0.0935
0 0.3919729932483121 0.40825 0.08102025506376594 0.1035
0 0.3493998499624906 0.504 0.07539384846211553 0.096
0 0.30607651912978245 0.58825 0.06001500375093773 0.1015
0 0.24812453113278318 0.6405 0.07314328582145536 0.09
0 0.2404351087771943 0.744 0.07201800450112528 0.101
0 0.3148912228057014 0.76375 0.07314328582145536 0.0935
0 0.33570892723180795 0.683 0.06526631657914479 0.092
0 0.39722430607651915 0.799 0.0690172543135784 0.095
0 0.43342085521380347 0.84425 0.07464366091522881 0.0835
0 0.3994748687171793 0.6705 0.07351837959489872 0.092
0 0.38147036759189795 0.587 0.07651912978244561 0.095
0 0.41616654163540884 0.4955 0.07314328582145536 0.099
0 0.4684921230307577 0.40725 0.07351837959489872 0.1095
0 0.5431357839459865 0.273 0.07876969242310577 0.102
0 0.6022130532633159 0.2245 0.07764441110277569 0.09
0 0.6686046511627907 0.25275 0.07164291072768192 0.1115
0 0.6025881470367592 0.33075 0.07614403600900226 0.0965
0 0.542198049512378 0.37175 0.08139534883720931 0.0935
0 0.7021755438859715 0.332 0.07576894223555888 0.098
0 0.6539759939984996 0.39275 0.07914478619654913 0.0985
0 0.5903975993998499 0.4475 0.07576894223555888 0.099
0 0.5183795948987246 0.486 0.07126781695423856 0.102
0 0.4619279819954989 0.59475 0.07389347336834208 0.0965
0 0.4731807951987997 0.6955 0.07014253563390847 0.084
0 0.5153788447111778 0.63975 0.06526631657914479 0.0935
0 0.5395723930982745 0.5485 0.07239309827456865 0.098
0 0.4949362340585146 0.78125 0.07014253563390847 0.0945
0 0.5256939234808702 0.885 0.07764441110277569 0.085
0 0.59152288072018 0.84775 0.07126781695423856 0.0965
0 0.6558514628657164 0.82925 0.07914478619654913 0.0945
0 0.5343210802700675 0.736 0.06789197299324831 0.092
0 0.595648912228057 0.755 0.0690172543135784 0.093
0 0.744748687171793 0.86775 0.07014253563390847 0.0765
0 0.7409977494373593 0.80425 0.06939234808702176 0.1135
0 0.8075768942235559 0.79425 0.07201800450112528 0.0995
0 0.8355213803450863 0.712 0.0671417854463616 0.095
0 0.7725056264066017 0.71725 0.07539384846211553 0.0935
0 0.6956114028507127 0.74075 0.07839459864966242 0.0985
0 0.6339084771192798 0.68875 0.08102025506376594 0.1035
0 0.5834583645911477 0.62775 0.0708927231807952 0.0935
0 0.6783570892723181 0.61125 0.0708927231807952 0.0995
0 0.7484996249062266 0.62725 0.07689422355588897 0.0945
0 0.8563390847711928 0.635 0.07501875468867217 0.084
0 0.8377719429857464 0.55225 0.07914478619654913 0.0905
0 0.6498499624906227 0.5225 0.07839459864966242 0.103
0 0.7368717179294824 0.5285 0.08439609902475619 0.094
0 0.7119279819954989 0.4535 0.07426856714178545 0.104
0 0.8015753938484621 0.4765 0.08627156789197299 0.096
0 0.7726931732933233 0.3885 0.07801950487621906 0.093
